-5    2.5968e-08
-4.98    2.59681e-08
-4.96    2.59681e-08
-4.94    2.59681e-08
-4.92    2.59681e-08
-4.9    2.59681e-08
-4.88    2.59682e-08
-4.86    2.59682e-08
-4.84    2.59682e-08
-4.82    2.59682e-08
-4.8    2.59683e-08
-4.78    2.59683e-08
-4.76    2.59683e-08
-4.74    2.59684e-08
-4.72    2.59684e-08
-4.7    2.59685e-08
-4.68    2.59685e-08
-4.66    2.59686e-08
-4.64    2.59686e-08
-4.62    2.59687e-08
-4.6    2.59687e-08
-4.58    2.59688e-08
-4.56    2.59689e-08
-4.54    2.5969e-08
-4.52    2.5969e-08
-4.5    2.59691e-08
-4.48    2.59692e-08
-4.46    2.59693e-08
-4.44    2.59694e-08
-4.42    2.59695e-08
-4.4    2.59696e-08
-4.38    2.59698e-08
-4.36    2.59699e-08
-4.34    2.59701e-08
-4.32    2.59702e-08
-4.3    2.59704e-08
-4.28    2.59706e-08
-4.26    2.59708e-08
-4.24    2.5971e-08
-4.22    2.59712e-08
-4.2    2.59714e-08
-4.18    2.59717e-08
-4.16    2.59719e-08
-4.14    2.59722e-08
-4.12    2.59725e-08
-4.1    2.59728e-08
-4.08    2.59732e-08
-4.06    2.59736e-08
-4.04    2.5974e-08
-4.02    2.59744e-08
-4    2.59748e-08
-3.98    2.59753e-08
-3.96    2.59759e-08
-3.94    2.59764e-08
-3.92    2.5977e-08
-3.9    2.59776e-08
-3.88    2.59783e-08
-3.86    2.59791e-08
-3.84    2.59798e-08
-3.82    2.59807e-08
-3.8    2.59816e-08
-3.78    2.59825e-08
-3.76    2.59836e-08
-3.74    2.59847e-08
-3.72    2.59858e-08
-3.7    2.59871e-08
-3.68    2.59884e-08
-3.66    2.59899e-08
-3.64    2.59914e-08
-3.62    2.59931e-08
-3.6    2.59948e-08
-3.58    2.59967e-08
-3.56    2.59988e-08
-3.54    2.60009e-08
-3.52    2.60033e-08
-3.5    2.60058e-08
-3.48    2.60085e-08
-3.46    2.60113e-08
-3.44    2.60144e-08
-3.42    2.60178e-08
-3.4    2.60213e-08
-3.38    2.60251e-08
-3.36    2.60292e-08
-3.34    2.60337e-08
-3.32    2.60384e-08
-3.3    2.60435e-08
-3.28    2.6049e-08
-3.26    2.60549e-08
-3.24    2.60613e-08
-3.22    2.60681e-08
-3.2    2.60755e-08
-3.18    2.60834e-08
-3.16    2.6092e-08
-3.14    2.61013e-08
-3.12    2.61113e-08
-3.1    2.61221e-08
-3.08    2.61338e-08
-3.06    2.61465e-08
-3.04    2.61602e-08
-3.02    2.6175e-08
-3    2.61912e-08
-2.98    2.62086e-08
-2.96    2.62276e-08
-2.94    2.62483e-08
-2.92    2.62708e-08
-2.9    2.62952e-08
-2.88    2.63219e-08
-2.86    2.63511e-08
-2.84    2.63829e-08
-2.82    2.64176e-08
-2.8    2.64557e-08
-2.78    2.64974e-08
-2.76    2.65432e-08
-2.74    2.65934e-08
-2.72    2.66486e-08
-2.7    2.67093e-08
-2.68    2.67761e-08
-2.66    2.68498e-08
-2.64    2.69311e-08
-2.62    2.70208e-08
-2.6    2.712e-08
-2.58    2.72298e-08
-2.56    2.73512e-08
-2.54    2.74857e-08
-2.52    2.76348e-08
-2.5    2.78e-08
-2.48    2.79834e-08
-2.46    2.81868e-08
-2.44    2.84126e-08
-2.42    2.86631e-08
-2.4    2.89412e-08
-2.38    2.92497e-08
-2.36    2.9592e-08
-2.34    2.99715e-08
-2.32    3.0392e-08
-2.3    3.08578e-08
-2.28    3.1373e-08
-2.26    3.19426e-08
-2.24    3.25716e-08
-2.22    3.32651e-08
-2.2    3.40289e-08
-2.18    3.48687e-08
-2.16    3.57907e-08
-2.14    3.68009e-08
-2.12    3.79059e-08
-2.1    3.91121e-08
-2.08    4.04258e-08
-2.06    4.18535e-08
-2.04    4.34013e-08
-2.02    4.50752e-08
-2    4.68807e-08
-1.98    4.8823e-08
-1.96    5.09064e-08
-1.94    5.31348e-08
-1.92    5.55112e-08
-1.9    5.80375e-08
-1.88    6.07148e-08
-1.86    6.35432e-08
-1.84    6.65214e-08
-1.82    6.96471e-08
-1.8    7.29168e-08
-1.78    7.6326e-08
-1.76    7.9869e-08
-1.74    8.35391e-08
-1.72    8.73288e-08
-1.7    9.12297e-08
-1.68    9.52329e-08
-1.66    9.93292e-08
-1.64    1.03509e-07
-1.62    1.07762e-07
-1.6    1.1208e-07
-1.58    1.16453e-07
-1.56    1.20872e-07
-1.54    1.25329e-07
-1.52    1.29816e-07
-1.5    1.34327e-07
-1.48    1.38857e-07
-1.46    1.43401e-07
-1.44    1.47955e-07
-1.42    1.52517e-07
-1.4    1.57086e-07
-1.38    1.61661e-07
-1.36    1.66243e-07
-1.34    1.70835e-07
-1.32    1.75438e-07
-1.3    1.80056e-07
-1.28    1.84694e-07
-1.26    1.89356e-07
-1.24    1.94046e-07
-1.22    1.9877e-07
-1.2    2.03534e-07
-1.18    2.0834e-07
-1.16    2.13195e-07
-1.14    2.18102e-07
-1.12    2.23065e-07
-1.1    2.28084e-07
-1.08    2.33162e-07
-1.06    2.38297e-07
-1.04    2.43489e-07
-1.02    2.48734e-07
-1    2.54028e-07
-0.98    2.59364e-07
-0.96    2.64737e-07
-0.94    2.70136e-07
-0.92    2.75553e-07
-0.9    2.80977e-07
-0.88    2.86397e-07
-0.86    2.91802e-07
-0.84    2.9718e-07
-0.82    3.02519e-07
-0.8    3.07807e-07
-0.78    3.13035e-07
-0.76    3.18192e-07
-0.74    3.23268e-07
-0.72    3.28254e-07
-0.7    3.33143e-07
-0.68    3.37926e-07
-0.66    3.42596e-07
-0.64    3.47148e-07
-0.62    3.51576e-07
-0.6    3.55875e-07
-0.58    3.6004e-07
-0.56    3.64066e-07
-0.54    3.67949e-07
-0.52    3.71687e-07
-0.5    3.75275e-07
-0.48    3.78711e-07
-0.46    3.81993e-07
-0.44    3.85119e-07
-0.42    3.88087e-07
-0.4    3.90896e-07
-0.38    3.93547e-07
-0.36    3.96038e-07
-0.34    3.98371e-07
-0.32    4.00547e-07
-0.3    4.02567e-07
-0.28    4.04433e-07
-0.26    4.06147e-07
-0.24    4.07711e-07
-0.22    4.0913e-07
-0.2    4.10404e-07
-0.18    4.11539e-07
-0.16    4.12536e-07
-0.14    4.13399e-07
-0.12    4.14131e-07
-0.1    4.14736e-07
-0.08    4.15217e-07
-0.06    4.15576e-07
-0.04    4.15817e-07
-0.02    4.15942e-07
-1.80342e-14    4.15954e-07
0.02    4.15855e-07
0.04    4.15647e-07
0.06    4.15332e-07
0.08    4.14912e-07
0.1    4.14388e-07
0.12    4.13762e-07
0.14    4.13034e-07
0.16    4.12205e-07
0.18    4.11275e-07
0.2    4.10245e-07
0.22    4.09115e-07
0.24    4.07885e-07
0.26    4.06553e-07
0.28    4.05121e-07
0.3    4.03587e-07
0.32    4.0195e-07
0.34    4.00209e-07
0.36    3.98363e-07
0.38    3.96411e-07
0.4    3.94352e-07
0.42    3.92183e-07
0.44    3.89904e-07
0.46    3.87513e-07
0.48    3.85009e-07
0.5    3.8239e-07
0.52    3.79653e-07
0.54    3.76799e-07
0.56    3.73825e-07
0.58    3.7073e-07
0.6    3.67513e-07
0.62    3.64173e-07
0.64    3.60708e-07
0.66    3.57119e-07
0.68    3.53404e-07
0.7    3.49563e-07
0.72    3.45596e-07
0.74    3.41504e-07
0.76    3.37288e-07
0.78    3.32947e-07
0.8    3.28484e-07
0.82    3.239e-07
0.84    3.19198e-07
0.86    3.1438e-07
0.88    3.09449e-07
0.9    3.04409e-07
0.92    2.99264e-07
0.94    2.9402e-07
0.96    2.8868e-07
0.98    2.8325e-07
1    2.77737e-07
1.02    2.72148e-07
1.04    2.66489e-07
1.06    2.60768e-07
1.08    2.54993e-07
1.1    2.49173e-07
1.12    2.43316e-07
1.14    2.37432e-07
1.16    2.31529e-07
1.18    2.25617e-07
1.2    2.19706e-07
1.22    2.13806e-07
1.24    2.07926e-07
1.26    2.02076e-07
1.28    1.96265e-07
1.3    1.90503e-07
1.32    1.848e-07
1.34    1.79163e-07
1.36    1.73601e-07
1.38    1.68122e-07
1.4    1.62733e-07
1.42    1.57441e-07
1.44    1.52252e-07
1.46    1.47172e-07
1.48    1.42205e-07
1.5    1.37355e-07
1.52    1.32627e-07
1.54    1.28021e-07
1.56    1.23542e-07
1.58    1.19189e-07
1.6    1.14963e-07
1.62    1.10866e-07
1.64    1.06895e-07
1.66    1.0305e-07
1.68    9.93287e-08
1.7    9.573e-08
1.72    9.2251e-08
1.74    8.8889e-08
1.76    8.56409e-08
1.78    8.25034e-08
1.8    7.94733e-08
1.82    7.6547e-08
1.84    7.37209e-08
1.86    7.09916e-08
1.88    6.83557e-08
1.9    6.58097e-08
1.92    6.33505e-08
1.94    6.09749e-08
1.96    5.86802e-08
1.98    5.64636e-08
2    5.43227e-08
2.02    5.22552e-08
2.04    5.02591e-08
2.06    4.83325e-08
2.08    4.64737e-08
2.1    4.46812e-08
2.12    4.29536e-08
2.14    4.12897e-08
2.16    3.96883e-08
2.18    3.81482e-08
2.2    3.66684e-08
2.22    3.52478e-08
2.24    3.38854e-08
2.26    3.25799e-08
2.28    3.13304e-08
2.3    3.01356e-08
2.32    2.89942e-08
2.34    2.7905e-08
2.36    2.68666e-08
2.38    2.58776e-08
2.4    2.49365e-08
2.42    2.40418e-08
2.44    2.31918e-08
2.46    2.23851e-08
2.48    2.16199e-08
2.5    2.08946e-08
2.52    2.02076e-08
2.54    1.95572e-08
2.56    1.89417e-08
2.58    1.83597e-08
2.6    1.78094e-08
2.62    1.72894e-08
2.64    1.67981e-08
2.66    1.6334e-08
2.68    1.58958e-08
2.7    1.54821e-08
2.72    1.50915e-08
2.74    1.47228e-08
2.76    1.43748e-08
2.78    1.40464e-08
2.8    1.37363e-08
2.82    1.34437e-08
2.84    1.31675e-08
2.86    1.29067e-08
2.88    1.26605e-08
2.9    1.24281e-08
2.92    1.22086e-08
2.94    1.20013e-08
2.96    1.18056e-08
2.98    1.16206e-08
3    1.14458e-08
3.02    1.12807e-08
3.04    1.11246e-08
3.06    1.0977e-08
3.08    1.08375e-08
3.1    1.07056e-08
3.12    1.05808e-08
3.14    1.04628e-08
3.16    1.03511e-08
3.18    1.02454e-08
3.2    1.01454e-08
3.22    1.00507e-08
3.24    9.96109e-09
3.26    9.8762e-09
3.28    9.79581e-09
3.3    9.71966e-09
3.32    9.64751e-09
3.34    9.57915e-09
3.36    9.51437e-09
3.38    9.45298e-09
3.4    9.39478e-09
3.42    9.3396e-09
3.44    9.28729e-09
3.46    9.23769e-09
3.48    9.19064e-09
3.5    9.14602e-09
3.52    9.10369e-09
3.54    9.06353e-09
3.56    9.02543e-09
3.58    8.98928e-09
3.6    8.95497e-09
3.62    8.92241e-09
3.64    8.89151e-09
3.66    8.86217e-09
3.68    8.83433e-09
3.7    8.80789e-09
3.72    8.78279e-09
3.74    8.75895e-09
3.76    8.73632e-09
3.78    8.71483e-09
3.8    8.69442e-09
3.82    8.67504e-09
3.84    8.65662e-09
3.86    8.63914e-09
3.88    8.62252e-09
3.9    8.60674e-09
3.92    8.59175e-09
3.94    8.57751e-09
3.96    8.56398e-09
3.98    8.55112e-09
4    8.5389e-09
4.02    8.5273e-09
4.04    8.51627e-09
4.06    8.50578e-09
4.08    8.49582e-09
4.1    8.48636e-09
4.12    8.47736e-09
4.14    8.46881e-09
4.16    8.46069e-09
4.18    8.45296e-09
4.2    8.44562e-09
4.22    8.43864e-09
4.24    8.43201e-09
4.26    8.42571e-09
4.28    8.41972e-09
4.3    8.41402e-09
4.32    8.4086e-09
4.34    8.40346e-09
4.36    8.39856e-09
4.38    8.39391e-09
4.4    8.38949e-09
4.42    8.38528e-09
4.44    8.38129e-09
4.46    8.37749e-09
4.48    8.37387e-09
4.5    8.37044e-09
4.52    8.36717e-09
4.54    8.36407e-09
4.56    8.36111e-09
4.58    8.3583e-09
4.6    8.35563e-09
4.62    8.3531e-09
4.64    8.35068e-09
4.66    8.34839e-09
4.68    8.3462e-09
4.7    8.34413e-09
4.72    8.34215e-09
4.74    8.34028e-09
4.76    8.33849e-09
4.78    8.33679e-09
4.8    8.33518e-09
4.82    8.33364e-09
4.84    8.33218e-09
4.86    8.33079e-09
4.88    8.32947e-09
4.9    8.32821e-09
4.92    8.32702e-09
4.94    8.32588e-09
4.96    8.3248e-09
4.98    8.32377e-09
