-5    0.789068
-4.98    0.788336
-4.96    0.787604
-4.94    0.786872
-4.92    0.78614
-4.9    0.785408
-4.88    0.784676
-4.86    0.783944
-4.84    0.783213
-4.82    0.782482
-4.8    0.781751
-4.78    0.78102
-4.76    0.78029
-4.74    0.77956
-4.72    0.77883
-4.7    0.778101
-4.68    0.777372
-4.66    0.776644
-4.64    0.775917
-4.62    0.77519
-4.6    0.774464
-4.58    0.773739
-4.56    0.773014
-4.54    0.77229
-4.52    0.771567
-4.5    0.770845
-4.48    0.770124
-4.46    0.769404
-4.44    0.768685
-4.42    0.767966
-4.4    0.767249
-4.38    0.766533
-4.36    0.765818
-4.34    0.765105
-4.32    0.764392
-4.3    0.763681
-4.28    0.762971
-4.26    0.762263
-4.24    0.761556
-4.22    0.76085
-4.2    0.760146
-4.18    0.759443
-4.16    0.758742
-4.14    0.758042
-4.12    0.757344
-4.1    0.756648
-4.08    0.755953
-4.06    0.75526
-4.04    0.754569
-4.02    0.75388
-4    0.753193
-3.98    0.752507
-3.96    0.751823
-3.94    0.751142
-3.92    0.750462
-3.9    0.749784
-3.88    0.749109
-3.86    0.748435
-3.84    0.747764
-3.82    0.747095
-3.8    0.746428
-3.78    0.745763
-3.76    0.745101
-3.74    0.744441
-3.72    0.743783
-3.7    0.743128
-3.68    0.742476
-3.66    0.741825
-3.64    0.741178
-3.62    0.740533
-3.6    0.73989
-3.58    0.739251
-3.56    0.738614
-3.54    0.737979
-3.52    0.737348
-3.5    0.736719
-3.48    0.736094
-3.46    0.735471
-3.44    0.734851
-3.42    0.734234
-3.4    0.733621
-3.38    0.73301
-3.36    0.732403
-3.34    0.731798
-3.32    0.731197
-3.3    0.7306
-3.28    0.730006
-3.26    0.729415
-3.24    0.728827
-3.22    0.728244
-3.2    0.727663
-3.18    0.727087
-3.16    0.726514
-3.14    0.725945
-3.12    0.725379
-3.1    0.724818
-3.08    0.72426
-3.06    0.723707
-3.04    0.723157
-3.02    0.722612
-3    0.722071
-2.98    0.721534
-2.96    0.721001
-2.94    0.720473
-2.92    0.71995
-2.9    0.719431
-2.88    0.718916
-2.86    0.718407
-2.84    0.717902
-2.82    0.717402
-2.8    0.716907
-2.78    0.716417
-2.76    0.715932
-2.74    0.715452
-2.72    0.714978
-2.7    0.714509
-2.68    0.714046
-2.66    0.713588
-2.64    0.713136
-2.62    0.71269
-2.6    0.71225
-2.58    0.711816
-2.56    0.711388
-2.54    0.710966
-2.52    0.710551
-2.5    0.710142
-2.48    0.70974
-2.46    0.709345
-2.44    0.708956
-2.42    0.708575
-2.4    0.708201
-2.38    0.707834
-2.36    0.707475
-2.34    0.707123
-2.32    0.706779
-2.3    0.706443
-2.28    0.706115
-2.26    0.705795
-2.24    0.705484
-2.22    0.705181
-2.2    0.704887
-2.18    0.704602
-2.16    0.704326
-2.14    0.704059
-2.12    0.703802
-2.1    0.703554
-2.08    0.703316
-2.06    0.703088
-2.04    0.70287
-2.02    0.702662
-2    0.702466
-1.98    0.702279
-1.96    0.702104
-1.94    0.70194
-1.92    0.701788
-1.9    0.701647
-1.88    0.701518
-1.86    0.701401
-1.84    0.701296
-1.82    0.701203
-1.8    0.701124
-1.78    0.701057
-1.76    0.701003
-1.74    0.700962
-1.72    0.700935
-1.7    0.700922
-1.68    0.700923
-1.66    0.700938
-1.64    0.700967
-1.62    0.701011
-1.6    0.701069
-1.58    0.701143
-1.56    0.701231
-1.54    0.701335
-1.52    0.701455
-1.5    0.70159
-1.48    0.701741
-1.46    0.701908
-1.44    0.702091
-1.42    0.70229
-1.4    0.702505
-1.38    0.702738
-1.36    0.702986
-1.34    0.703251
-1.32    0.703534
-1.3    0.703832
-1.28    0.704148
-1.26    0.70448
-1.24    0.70483
-1.22    0.705196
-1.2    0.705578
-1.18    0.705978
-1.16    0.706394
-1.14    0.706826
-1.12    0.707275
-1.1    0.70774
-1.08    0.708221
-1.06    0.708718
-1.04    0.70923
-1.02    0.709758
-1    0.7103
-0.98    0.710857
-0.96    0.711428
-0.94    0.712013
-0.92    0.712611
-0.9    0.713222
-0.88    0.713846
-0.86    0.714482
-0.84    0.715128
-0.82    0.715786
-0.8    0.716453
-0.78    0.71713
-0.76    0.717816
-0.74    0.718509
-0.72    0.71921
-0.7    0.719917
-0.68    0.72063
-0.66    0.721348
-0.64    0.722069
-0.62    0.722794
-0.6    0.72352
-0.58    0.724248
-0.56    0.724975
-0.54    0.725702
-0.52    0.726427
-0.5    0.727148
-0.48    0.727866
-0.46    0.728579
-0.44    0.729286
-0.42    0.729985
-0.4    0.730676
-0.38    0.731357
-0.36    0.732028
-0.34    0.732688
-0.32    0.733334
-0.3    0.733966
-0.28    0.734584
-0.26    0.735185
-0.24    0.735769
-0.22    0.736334
-0.2    0.736879
-0.18    0.737404
-0.16    0.737907
-0.14    0.738387
-0.12    0.738843
-0.1    0.739274
-0.08    0.739679
-0.06    0.740056
-0.04    0.740405
-0.02    0.740725
-1.80342e-14    0.741014
0.02    0.741272
0.04    0.741497
0.06    0.741688
0.08    0.741845
0.1    0.741966
0.12    0.742051
0.14    0.742097
0.16    0.742106
0.18    0.742074
0.2    0.742002
0.22    0.741888
0.24    0.741732
0.26    0.741532
0.28    0.741287
0.3    0.740996
0.32    0.740659
0.34    0.740274
0.36    0.739841
0.38    0.739357
0.4    0.738823
0.42    0.738236
0.44    0.737597
0.46    0.736904
0.48    0.736155
0.5    0.73535
0.52    0.734488
0.54    0.733567
0.56    0.732586
0.58    0.731544
0.6    0.73044
0.62    0.729273
0.64    0.728041
0.66    0.726743
0.68    0.725378
0.7    0.723944
0.72    0.722441
0.74    0.720867
0.76    0.719221
0.78    0.7175
0.8    0.715705
0.82    0.713834
0.84    0.711884
0.86    0.709856
0.88    0.707747
0.9    0.705557
0.92    0.703283
0.94    0.700926
0.96    0.698483
0.98    0.695953
1    0.693335
1.02    0.690628
1.04    0.687831
1.06    0.684943
1.08    0.681963
1.1    0.678889
1.12    0.675722
1.14    0.67246
1.16    0.669104
1.18    0.665651
1.2    0.662103
1.22    0.658458
1.24    0.654718
1.26    0.650881
1.28    0.646948
1.3    0.64292
1.32    0.638797
1.34    0.63458
1.36    0.63027
1.38    0.625868
1.4    0.621375
1.42    0.616794
1.44    0.612127
1.46    0.607374
1.48    0.60254
1.5    0.597625
1.52    0.592634
1.54    0.587569
1.56    0.582434
1.58    0.577233
1.6    0.571968
1.62    0.566644
1.64    0.561265
1.66    0.555837
1.68    0.550362
1.7    0.544847
1.72    0.539296
1.74    0.533713
1.76    0.528105
1.78    0.522477
1.8    0.516833
1.82    0.511179
1.84    0.505521
1.86    0.499864
1.88    0.494214
1.9    0.488575
1.92    0.482954
1.94    0.477354
1.96    0.471782
1.98    0.466243
2    0.46074
2.02    0.45528
2.04    0.449865
2.06    0.444502
2.08    0.439193
2.1    0.433943
2.12    0.428755
2.14    0.423632
2.16    0.418579
2.18    0.413598
2.2    0.408691
2.22    0.403861
2.24    0.39911
2.26    0.39444
2.28    0.389853
2.3    0.385351
2.32    0.380934
2.34    0.376604
2.36    0.372361
2.38    0.368207
2.4    0.364141
2.42    0.360164
2.44    0.356275
2.46    0.352476
2.48    0.348765
2.5    0.345142
2.52    0.341606
2.54    0.338157
2.56    0.334795
2.58    0.331517
2.6    0.328324
2.62    0.325214
2.64    0.322186
2.66    0.319238
2.68    0.31637
2.7    0.31358
2.72    0.310866
2.74    0.308228
2.76    0.305663
2.78    0.303171
2.8    0.30075
2.82    0.298397
2.84    0.296113
2.86    0.293894
2.88    0.29174
2.9    0.289649
2.92    0.28762
2.94    0.28565
2.96    0.283739
2.98    0.281885
3    0.280086
3.02    0.278341
3.04    0.276648
3.06    0.275007
3.08    0.273415
3.1    0.271872
3.12    0.270375
3.14    0.268924
3.16    0.267517
3.18    0.266154
3.2    0.264831
3.22    0.26355
3.24    0.262307
3.26    0.261103
3.28    0.259936
3.3    0.258805
3.32    0.257708
3.34    0.256645
3.36    0.255615
3.38    0.254616
3.4    0.253649
3.42    0.252711
3.44    0.251802
3.46    0.25092
3.48    0.250066
3.5    0.249238
3.52    0.248436
3.54    0.247658
3.56    0.246904
3.58    0.246174
3.6    0.245465
3.62    0.244779
3.64    0.244113
3.66    0.243467
3.68    0.242842
3.7    0.242235
3.72    0.241647
3.74    0.241077
3.76    0.240524
3.78    0.239988
3.8    0.239468
3.82    0.238963
3.84    0.238474
3.86    0.238
3.88    0.23754
3.9    0.237094
3.92    0.236661
3.94    0.236241
3.96    0.235834
3.98    0.235439
4    0.235056
4.02    0.234684
4.04    0.234323
4.06    0.233973
4.08    0.233633
4.1    0.233303
4.12    0.232983
4.14    0.232672
4.16    0.23237
4.18    0.232077
4.2    0.231793
4.22    0.231517
4.24    0.231249
4.26    0.230989
4.28    0.230736
4.3    0.230491
4.32    0.230252
4.34    0.230021
4.36    0.229796
4.38    0.229577
4.4    0.229365
4.42    0.229159
4.44    0.228958
4.46    0.228764
4.48    0.228574
4.5    0.22839
4.52    0.228212
4.54    0.228038
4.56    0.227869
4.58    0.227704
4.6    0.227545
4.62    0.227389
4.64    0.227238
4.66    0.227091
4.68    0.226949
4.7    0.22681
4.72    0.226674
4.74    0.226543
4.76    0.226415
4.78    0.22629
4.8    0.226169
4.82    0.226051
4.84    0.225936
4.86    0.225824
4.88    0.225716
4.9    0.22561
4.92    0.225506
4.94    0.225406
4.96    0.225308
4.98    0.225213
