-5    0.00010666
-4.98    0.000106678
-4.96    0.000106741
-4.94    0.000106847
-4.92    0.000106994
-4.9    0.00010718
-4.88    0.000107403
-4.86    0.000107662
-4.84    0.000107954
-4.82    0.000108278
-4.8    0.00010863
-4.78    0.00010901
-4.76    0.000109415
-4.74    0.000109842
-4.72    0.00011029
-4.7    0.000110757
-4.68    0.000111239
-4.66    0.000111736
-4.64    0.000112244
-4.62    0.000112763
-4.6    0.000113289
-4.58    0.000113821
-4.56    0.000114357
-4.54    0.000114895
-4.52    0.000115434
-4.5    0.000115972
-4.48    0.000116507
-4.46    0.000117039
-4.44    0.000117565
-4.42    0.000118085
-4.4    0.000118599
-4.38    0.000119104
-4.36    0.000119601
-4.34    0.000120089
-4.32    0.000120568
-4.3    0.000121037
-4.28    0.000121497
-4.26    0.000121947
-4.24    0.000122388
-4.22    0.000122821
-4.2    0.000123245
-4.18    0.000123662
-4.16    0.000124072
-4.14    0.000124476
-4.12    0.000124875
-4.1    0.000125271
-4.08    0.000125664
-4.06    0.000126057
-4.04    0.00012645
-4.02    0.000126846
-4    0.000127246
-3.98    0.000127651
-3.96    0.000128064
-3.94    0.000128488
-3.92    0.000128923
-3.9    0.000129373
-3.88    0.00012984
-3.86    0.000130326
-3.84    0.000130833
-3.82    0.000131366
-3.8    0.000131926
-3.78    0.000132517
-3.76    0.000133142
-3.74    0.000133804
-3.72    0.000134506
-3.7    0.000135253
-3.68    0.000136048
-3.66    0.000136895
-3.64    0.000137799
-3.62    0.000138764
-3.6    0.000139795
-3.58    0.000140897
-3.56    0.000142075
-3.54    0.000143335
-3.52    0.000144683
-3.5    0.000146126
-3.48    0.000147669
-3.46    0.00014932
-3.44    0.000151087
-3.42    0.000152978
-3.4    0.000155002
-3.38    0.000157167
-3.36    0.000159483
-3.34    0.000161961
-3.32    0.000164612
-3.3    0.000167447
-3.28    0.000170479
-3.26    0.000173721
-3.24    0.000177187
-3.22    0.000180892
-3.2    0.000184853
-3.18    0.000189085
-3.16    0.000193608
-3.14    0.000198439
-3.12    0.0002036
-3.1    0.000209111
-3.08    0.000214994
-3.06    0.000221274
-3.04    0.000227975
-3.02    0.000235124
-3    0.000242747
-2.98    0.000250873
-2.96    0.000259532
-2.94    0.000268756
-2.92    0.000278576
-2.9    0.000289025
-2.88    0.000300139
-2.86    0.000311953
-2.84    0.000324502
-2.82    0.000337825
-2.8    0.000351958
-2.78    0.000366942
-2.76    0.000382814
-2.74    0.000399614
-2.72    0.000417381
-2.7    0.000436156
-2.68    0.000455979
-2.66    0.000476889
-2.64    0.000498926
-2.62    0.000522129
-2.6    0.000546539
-2.58    0.000572194
-2.56    0.000599134
-2.54    0.000627398
-2.52    0.000657025
-2.5    0.000688054
-2.48    0.000720526
-2.46    0.00075448
-2.44    0.000789958
-2.42    0.000827002
-2.4    0.000865654
-2.38    0.000905959
-2.36    0.000947964
-2.34    0.000991715
-2.32    0.00103726
-2.3    0.00108466
-2.28    0.00113396
-2.26    0.00118521
-2.24    0.00123848
-2.22    0.00129382
-2.2    0.0013513
-2.18    0.00141097
-2.16    0.00147291
-2.14    0.00153717
-2.12    0.00160381
-2.1    0.00167291
-2.08    0.00174452
-2.06    0.00181871
-2.04    0.00189553
-2.02    0.00197504
-2    0.0020573
-1.98    0.00214234
-1.96    0.00223022
-1.94    0.00232097
-1.92    0.00241463
-1.9    0.00251122
-1.88    0.00261076
-1.86    0.00271327
-1.84    0.00281875
-1.82    0.00292721
-1.8    0.00303865
-1.78    0.00315304
-1.76    0.00327037
-1.74    0.00339062
-1.72    0.00351376
-1.7    0.00363977
-1.68    0.0037686
-1.66    0.00390021
-1.64    0.00403457
-1.62    0.00417163
-1.6    0.00431135
-1.58    0.00445368
-1.56    0.00459858
-1.54    0.004746
-1.52    0.0048959
-1.5    0.00504824
-1.48    0.00520296
-1.46    0.00536004
-1.44    0.00551942
-1.42    0.00568106
-1.4    0.00584493
-1.38    0.00601098
-1.36    0.00617916
-1.34    0.00634944
-1.32    0.00652176
-1.3    0.00669607
-1.28    0.00687233
-1.26    0.00705047
-1.24    0.00723042
-1.22    0.00741213
-1.2    0.00759552
-1.18    0.0077805
-1.16    0.00796699
-1.14    0.00815489
-1.12    0.00834409
-1.1    0.00853448
-1.08    0.00872593
-1.06    0.00891832
-1.04    0.00911151
-1.02    0.00930533
-1    0.00949964
-0.98    0.00969426
-0.96    0.00988902
-0.94    0.0100837
-0.92    0.0102782
-0.9    0.0104722
-0.88    0.0106656
-0.86    0.0108582
-0.84    0.0110497
-0.82    0.0112399
-0.8    0.0114285
-0.78    0.0116155
-0.76    0.0118005
-0.74    0.0119834
-0.72    0.0121638
-0.7    0.0123416
-0.68    0.0125166
-0.66    0.0126886
-0.64    0.0128573
-0.62    0.0130225
-0.6    0.0131841
-0.58    0.0133418
-0.56    0.0134955
-0.54    0.013645
-0.52    0.0137902
-0.5    0.0139308
-0.48    0.0140667
-0.46    0.0141978
-0.44    0.014324
-0.42    0.014445
-0.4    0.0145609
-0.38    0.0146716
-0.36    0.0147768
-0.34    0.0148765
-0.32    0.0149708
-0.3    0.0150594
-0.28    0.0151423
-0.26    0.0152195
-0.24    0.015291
-0.22    0.0153566
-0.2    0.0154164
-0.18    0.0154704
-0.16    0.0155185
-0.14    0.0155607
-0.12    0.015597
-0.1    0.0156274
-0.08    0.015652
-0.06    0.0156706
-0.04    0.0156835
-0.02    0.0156904
-1.80342e-14    0.0156916
0.02    0.015687
0.04    0.0156765
0.06    0.0156604
0.08    0.0156385
0.1    0.015611
0.12    0.0155778
0.14    0.0155391
0.16    0.0154948
0.18    0.015445
0.2    0.0153897
0.22    0.015329
0.24    0.015263
0.26    0.0151917
0.28    0.0151151
0.3    0.0150333
0.32    0.0149464
0.34    0.0148545
0.36    0.0147576
0.38    0.0146557
0.4    0.014549
0.42    0.0144376
0.44    0.0143214
0.46    0.0142007
0.48    0.0140754
0.5    0.0139457
0.52    0.0138117
0.54    0.0136734
0.56    0.013531
0.58    0.0133846
0.6    0.0132342
0.62    0.0130801
0.64    0.0129222
0.66    0.0127608
0.68    0.012596
0.7    0.0124278
0.72    0.0122564
0.74    0.012082
0.76    0.0119047
0.78    0.0117247
0.8    0.011542
0.82    0.0113569
0.84    0.0111695
0.86    0.01098
0.88    0.0107886
0.9    0.0105955
0.92    0.0104008
0.94    0.0102047
0.96    0.0100075
0.98    0.0098093
1    0.00961036
1.02    0.00941087
1.04    0.00921104
1.06    0.00901108
1.08    0.00881121
1.1    0.00861162
1.12    0.00841252
1.14    0.00821411
1.16    0.0080166
1.18    0.00782017
1.2    0.00762502
1.22    0.00743133
1.24    0.00723927
1.26    0.00704902
1.28    0.00686073
1.3    0.00667455
1.32    0.00649064
1.34    0.00630913
1.36    0.00613014
1.38    0.0059538
1.4    0.00578021
1.42    0.00560947
1.44    0.00544167
1.46    0.00527688
1.48    0.00511519
1.5    0.00495665
1.52    0.00480131
1.54    0.00464921
1.56    0.00450039
1.58    0.00435488
1.6    0.00421269
1.62    0.00407383
1.64    0.0039383
1.66    0.0038061
1.68    0.00367722
1.7    0.00355165
1.72    0.00342935
1.74    0.00331031
1.76    0.00319448
1.78    0.00308184
1.8    0.00297234
1.82    0.00286594
1.84    0.00276259
1.86    0.00266224
1.88    0.00256484
1.9    0.00247034
1.92    0.00237868
1.94    0.0022898
1.96    0.00220365
1.98    0.00212017
2    0.00203929
2.02    0.00196097
2.04    0.00188513
2.06    0.00181173
2.08    0.0017407
2.1    0.00167198
2.12    0.00160552
2.14    0.00154126
2.16    0.00147915
2.18    0.00141912
2.2    0.00136113
2.22    0.00130512
2.24    0.00125103
2.26    0.00119882
2.28    0.00114844
2.3    0.00109983
2.32    0.00105295
2.34    0.00100775
2.36    0.00096418
2.38    0.000922201
2.4    0.000881765
2.42    0.00084283
2.44    0.000805352
2.46    0.000769289
2.48    0.000734601
2.5    0.000701248
2.52    0.000669191
2.54    0.000638391
2.56    0.00060881
2.58    0.000580412
2.6    0.00055316
2.62    0.000527019
2.64    0.000501955
2.66    0.000477933
2.68    0.000454919
2.7    0.000432882
2.72    0.000411788
2.74    0.000391607
2.76    0.000372307
2.78    0.000353858
2.8    0.000336231
2.82    0.000319396
2.84    0.000303325
2.86    0.00028799
2.88    0.000273364
2.9    0.00025942
2.92    0.000246132
2.94    0.000233476
2.96    0.000221425
2.98    0.000209956
3    0.000199046
3.02    0.000188671
3.04    0.000178809
3.06    0.000169439
3.08    0.000160539
3.1    0.000152089
3.12    0.000144069
3.14    0.000136461
3.16    0.000129245
3.18    0.000122404
3.2    0.000115919
3.22    0.000109776
3.24    0.000103957
3.26    9.84466e-05
3.28    9.32304e-05
3.3    8.82936e-05
3.32    8.36227e-05
3.34    7.92042e-05
3.36    7.50254e-05
3.38    7.10742e-05
3.4    6.73389e-05
3.42    6.38083e-05
3.44    6.04717e-05
3.46    5.7319e-05
3.48    5.43404e-05
3.5    5.15266e-05
3.52    4.88687e-05
3.54    4.63584e-05
3.56    4.39876e-05
3.58    4.17487e-05
3.6    3.96344e-05
3.62    3.76379e-05
3.64    3.57525e-05
3.66    3.39722e-05
3.68    3.22911e-05
3.7    3.07035e-05
3.72    2.92041e-05
3.74    2.77881e-05
3.76    2.64507e-05
3.78    2.51873e-05
3.8    2.39938e-05
3.82    2.28662e-05
3.84    2.18007e-05
3.86    2.07938e-05
3.88    1.9842e-05
3.9    1.89423e-05
3.92    1.80916e-05
3.94    1.72871e-05
3.96    1.65262e-05
3.98    1.58063e-05
4    1.51252e-05
4.02    1.44805e-05
4.04    1.38701e-05
4.06    1.32922e-05
4.08    1.27449e-05
4.1    1.22263e-05
4.12    1.17349e-05
4.14    1.12692e-05
4.16    1.08275e-05
4.18    1.04087e-05
4.2    1.00114e-05
4.22    9.63433e-06
4.24    9.27642e-06
4.26    8.93658e-06
4.28    8.6138e-06
4.3    8.30713e-06
4.32    8.01567e-06
4.34    7.73857e-06
4.36    7.47506e-06
4.38    7.22438e-06
4.4    6.98582e-06
4.42    6.75874e-06
4.44    6.5425e-06
4.46    6.33652e-06
4.48    6.14025e-06
4.5    5.95318e-06
4.52    5.7748e-06
4.54    5.60466e-06
4.56    5.44233e-06
4.58    5.2874e-06
4.6    5.13948e-06
4.62    4.99821e-06
4.64    4.86324e-06
4.66    4.73425e-06
4.68    4.61093e-06
4.7    4.49301e-06
4.72    4.3802e-06
4.74    4.27225e-06
4.76    4.16892e-06
4.78    4.06998e-06
4.8    3.97521e-06
4.82    3.88441e-06
4.84    3.79739e-06
4.86    3.71396e-06
4.88    3.63395e-06
4.9    3.5572e-06
4.92    3.48355e-06
4.94    3.41286e-06
4.96    3.34499e-06
4.98    3.27981e-06
