-5    0.0229511
-4.98    0.0229664
-4.96    0.0229821
-4.94    0.0229982
-4.92    0.0230146
-4.9    0.0230315
-4.88    0.0230487
-4.86    0.0230663
-4.84    0.0230843
-4.82    0.0231028
-4.8    0.0231217
-4.78    0.023141
-4.76    0.0231608
-4.74    0.0231811
-4.72    0.0232018
-4.7    0.023223
-4.68    0.0232448
-4.66    0.023267
-4.64    0.0232898
-4.62    0.0233131
-4.6    0.0233369
-4.58    0.0233613
-4.56    0.0233863
-4.54    0.0234118
-4.52    0.023438
-4.5    0.0234648
-4.48    0.0234922
-4.46    0.0235203
-4.44    0.023549
-4.42    0.0235784
-4.4    0.0236085
-4.38    0.0236393
-4.36    0.0236709
-4.34    0.0237032
-4.32    0.0237362
-4.3    0.02377
-4.28    0.0238047
-4.26    0.0238401
-4.24    0.0238764
-4.22    0.0239136
-4.2    0.0239516
-4.18    0.0239906
-4.16    0.0240304
-4.14    0.0240712
-4.12    0.024113
-4.1    0.0241558
-4.08    0.0241995
-4.06    0.0242444
-4.04    0.0242902
-4.02    0.0243372
-4    0.0243853
-3.98    0.0244346
-3.96    0.024485
-3.94    0.0245366
-3.92    0.0245894
-3.9    0.0246435
-3.88    0.0246989
-3.86    0.0247556
-3.84    0.0248136
-3.82    0.0248731
-3.8    0.0249339
-3.78    0.0249963
-3.76    0.0250601
-3.74    0.0251254
-3.72    0.0251923
-3.7    0.0252607
-3.68    0.0253308
-3.66    0.0254026
-3.64    0.0254761
-3.62    0.0255514
-3.6    0.0256285
-3.58    0.0257074
-3.56    0.0257882
-3.54    0.0258709
-3.52    0.0259556
-3.5    0.0260424
-3.48    0.0261312
-3.46    0.0262222
-3.44    0.0263153
-3.42    0.0264107
-3.4    0.0265083
-3.38    0.0266083
-3.36    0.0267107
-3.34    0.0268156
-3.32    0.026923
-3.3    0.0270329
-3.28    0.0271455
-3.26    0.0272608
-3.24    0.0273789
-3.22    0.0274998
-3.2    0.0276236
-3.18    0.0277504
-3.16    0.0278803
-3.14    0.0280132
-3.12    0.0281494
-3.1    0.0282888
-3.08    0.0284316
-3.06    0.0285778
-3.04    0.0287275
-3.02    0.0288808
-3    0.0290379
-2.98    0.0291986
-2.96    0.0293633
-2.94    0.0295319
-2.92    0.0297045
-2.9    0.0298813
-2.88    0.0300623
-2.86    0.0302477
-2.84    0.0304375
-2.82    0.0306319
-2.8    0.0308309
-2.78    0.0310347
-2.76    0.0312433
-2.74    0.031457
-2.72    0.0316757
-2.7    0.0318997
-2.68    0.032129
-2.66    0.0323638
-2.64    0.0326041
-2.62    0.0328502
-2.6    0.0331021
-2.58    0.03336
-2.56    0.033624
-2.54    0.0338943
-2.52    0.034171
-2.5    0.0344541
-2.48    0.034744
-2.46    0.0350406
-2.44    0.0353442
-2.42    0.035655
-2.4    0.035973
-2.38    0.0362984
-2.36    0.0366314
-2.34    0.0369721
-2.32    0.0373207
-2.3    0.0376773
-2.28    0.0380422
-2.26    0.0384154
-2.24    0.0387971
-2.22    0.0391876
-2.2    0.0395869
-2.18    0.0399953
-2.16    0.0404129
-2.14    0.0408398
-2.12    0.0412763
-2.1    0.0417225
-2.08    0.0421786
-2.06    0.0426448
-2.04    0.0431211
-2.02    0.0436078
-2    0.0441051
-1.98    0.0446131
-1.96    0.045132
-1.94    0.0456619
-1.92    0.046203
-1.9    0.0467554
-1.88    0.0473193
-1.86    0.0478948
-1.84    0.0484821
-1.82    0.0490813
-1.8    0.0496925
-1.78    0.0503159
-1.76    0.0509516
-1.74    0.0515996
-1.72    0.0522601
-1.7    0.0529331
-1.68    0.0536188
-1.66    0.0543172
-1.64    0.0550283
-1.62    0.0557523
-1.6    0.056489
-1.58    0.0572387
-1.56    0.0580012
-1.54    0.0587765
-1.52    0.0595646
-1.5    0.0603655
-1.48    0.0611791
-1.46    0.0620052
-1.44    0.0628439
-1.42    0.0636949
-1.4    0.0645581
-1.38    0.0654333
-1.36    0.0663203
-1.34    0.0672189
-1.32    0.0681288
-1.3    0.0690496
-1.28    0.0699812
-1.26    0.0709231
-1.24    0.0718748
-1.22    0.0728361
-1.2    0.0738064
-1.18    0.0747852
-1.16    0.075772
-1.14    0.0767662
-1.12    0.0777671
-1.1    0.0787741
-1.08    0.0797865
-1.06    0.0808035
-1.04    0.0818242
-1.02    0.082848
-1    0.0838737
-0.98    0.0849006
-0.96    0.0859275
-0.94    0.0869534
-0.92    0.0879772
-0.9    0.0889978
-0.88    0.0900138
-0.86    0.0910242
-0.84    0.0920274
-0.82    0.0930222
-0.8    0.0940072
-0.78    0.0949807
-0.76    0.0959414
-0.74    0.0968876
-0.72    0.0978178
-0.7    0.0987301
-0.68    0.099623
-0.66    0.100495
-0.64    0.101343
-0.62    0.102167
-0.6    0.102964
-0.58    0.103732
-0.56    0.10447
-0.54    0.105176
-0.52    0.105847
-0.5    0.106481
-0.48    0.107078
-0.46    0.107634
-0.44    0.108148
-0.42    0.108617
-0.4    0.109041
-0.38    0.109418
-0.36    0.109744
-0.34    0.11002
-0.32    0.110242
-0.3    0.11041
-0.28    0.110523
-0.26    0.110578
-0.24    0.110574
-0.22    0.110511
-0.2    0.110387
-0.18    0.110202
-0.16    0.109955
-0.14    0.109645
-0.12    0.109273
-0.1    0.108837
-0.08    0.108338
-0.06    0.107777
-0.04    0.107153
-0.02    0.106468
-1.80342e-14    0.105722
0.02    0.104917
0.04    0.104054
0.06    0.103135
0.08    0.102161
0.1    0.101134
0.12    0.100058
0.14    0.0989329
0.16    0.097763
0.18    0.0965507
0.2    0.095299
0.22    0.0940111
0.24    0.0926902
0.26    0.0913396
0.28    0.0899629
0.3    0.0885634
0.32    0.0871449
0.34    0.0857109
0.36    0.084265
0.38    0.0828107
0.4    0.0813515
0.42    0.0798909
0.44    0.0784322
0.46    0.0769787
0.48    0.0755333
0.5    0.0740992
0.52    0.0726789
0.54    0.0712752
0.56    0.0698903
0.58    0.0685266
0.6    0.0671859
0.62    0.0658701
0.64    0.0645806
0.66    0.0633188
0.68    0.0620859
0.7    0.0608826
0.72    0.0597097
0.74    0.0585676
0.76    0.0574566
0.78    0.0563768
0.8    0.0553281
0.82    0.0543102
0.84    0.0533228
0.86    0.0523652
0.88    0.0514369
0.9    0.050537
0.92    0.0496646
0.94    0.0488188
0.96    0.0479986
0.98    0.0472028
1    0.0464304
1.02    0.0456802
1.04    0.044951
1.06    0.0442416
1.08    0.043551
1.1    0.0428779
1.12    0.0422214
1.14    0.0415802
1.16    0.0409534
1.18    0.04034
1.2    0.0397392
1.22    0.03915
1.24    0.0385718
1.26    0.0380037
1.28    0.0374453
1.3    0.0368959
1.32    0.036355
1.34    0.0358222
1.36    0.0352972
1.38    0.0347797
1.4    0.0342695
1.42    0.0337663
1.44    0.0332701
1.46    0.0327808
1.48    0.0322984
1.5    0.0318229
1.52    0.0313543
1.54    0.0308928
1.56    0.0304383
1.58    0.029991
1.6    0.029551
1.62    0.0291185
1.64    0.0286936
1.66    0.0282764
1.68    0.0278671
1.7    0.0274658
1.72    0.0270727
1.74    0.0266878
1.76    0.0263112
1.78    0.0259431
1.8    0.0255836
1.82    0.0252327
1.84    0.0248904
1.86    0.0245568
1.88    0.024232
1.9    0.0239159
1.92    0.0236086
1.94    0.02331
1.96    0.0230201
1.98    0.0227389
2    0.0224662
2.02    0.0222021
2.04    0.0219464
2.06    0.0216991
2.08    0.0214601
2.1    0.0212293
2.12    0.0210065
2.14    0.0207916
2.16    0.0205845
2.18    0.0203851
2.2    0.0201932
2.22    0.0200087
2.24    0.0198315
2.26    0.0196614
2.28    0.0194982
2.3    0.0193418
2.32    0.0191921
2.34    0.0190488
2.36    0.018912
2.38    0.0187812
2.4    0.0186566
2.42    0.0185378
2.44    0.0184247
2.46    0.0183172
2.48    0.0182151
2.5    0.0181184
2.52    0.0180267
2.54    0.01794
2.56    0.0178582
2.58    0.0177811
2.6    0.0177086
2.62    0.0176405
2.64    0.0175767
2.66    0.017517
2.68    0.0174614
2.7    0.0174097
2.72    0.0173619
2.74    0.0173176
2.76    0.017277
2.78    0.0172397
2.8    0.0172058
2.82    0.0171751
2.84    0.0171475
2.86    0.0171229
2.88    0.0171012
2.9    0.0170823
2.92    0.0170661
2.94    0.0170525
2.96    0.0170414
2.98    0.0170327
3    0.0170263
3.02    0.0170222
3.04    0.0170202
3.06    0.0170203
3.08    0.0170223
3.1    0.0170263
3.12    0.0170321
3.14    0.0170397
3.16    0.0170489
3.18    0.0170598
3.2    0.0170722
3.22    0.0170861
3.24    0.0171014
3.26    0.017118
3.28    0.0171359
3.3    0.0171551
3.32    0.0171754
3.34    0.0171968
3.36    0.0172193
3.38    0.0172427
3.4    0.0172672
3.42    0.0172925
3.44    0.0173186
3.46    0.0173456
3.48    0.0173733
3.5    0.0174017
3.52    0.0174308
3.54    0.0174605
3.56    0.0174908
3.58    0.0175216
3.6    0.0175529
3.62    0.0175847
3.64    0.0176169
3.66    0.0176495
3.68    0.0176824
3.7    0.0177157
3.72    0.0177493
3.74    0.0177831
3.76    0.0178172
3.78    0.0178514
3.8    0.0178859
3.82    0.0179205
3.84    0.0179552
3.86    0.01799
3.88    0.0180249
3.9    0.0180599
3.92    0.0180949
3.94    0.0181299
3.96    0.0181649
3.98    0.0181999
4    0.0182348
4.02    0.0182697
4.04    0.0183045
4.06    0.0183391
4.08    0.0183737
4.1    0.0184082
4.12    0.0184425
4.14    0.0184767
4.16    0.0185107
4.18    0.0185445
4.2    0.0185781
4.22    0.0186116
4.24    0.0186448
4.26    0.0186778
4.28    0.0187106
4.3    0.0187431
4.32    0.0187754
4.34    0.0188074
4.36    0.0188392
4.38    0.0188708
4.4    0.018902
4.42    0.018933
4.44    0.0189637
4.46    0.0189941
4.48    0.0190242
4.5    0.019054
4.52    0.0190835
4.54    0.0191127
4.56    0.0191416
4.58    0.0191702
4.6    0.0191985
4.62    0.0192264
4.64    0.0192541
4.66    0.0192814
4.68    0.0193085
4.7    0.0193352
4.72    0.0193615
4.74    0.0193876
4.76    0.0194133
4.78    0.0194388
4.8    0.0194639
4.82    0.0194886
4.84    0.0195131
4.86    0.0195372
4.88    0.0195611
4.9    0.0195846
4.92    0.0196078
4.94    0.0196306
4.96    0.0196532
4.98    0.0196754
