-5    0.990652
-4.98    0.99065
-4.96    0.990649
-4.94    0.990647
-4.92    0.990646
-4.9    0.990644
-4.88    0.990642
-4.86    0.990641
-4.84    0.990639
-4.82    0.990638
-4.8    0.990636
-4.78    0.990634
-4.76    0.990633
-4.74    0.990631
-4.72    0.99063
-4.7    0.990628
-4.68    0.990626
-4.66    0.990625
-4.64    0.990623
-4.62    0.990621
-4.6    0.990619
-4.58    0.990618
-4.56    0.990616
-4.54    0.990614
-4.52    0.990612
-4.5    0.990611
-4.48    0.990609
-4.46    0.990607
-4.44    0.990605
-4.42    0.990603
-4.4    0.990602
-4.38    0.9906
-4.36    0.990598
-4.34    0.990596
-4.32    0.990594
-4.3    0.990592
-4.28    0.99059
-4.26    0.990588
-4.24    0.990586
-4.22    0.990584
-4.2    0.990582
-4.18    0.99058
-4.16    0.990578
-4.14    0.990576
-4.12    0.990574
-4.1    0.990572
-4.08    0.99057
-4.06    0.990568
-4.04    0.990566
-4.02    0.990564
-4    0.990562
-3.98    0.99056
-3.96    0.990558
-3.94    0.990556
-3.92    0.990553
-3.9    0.990551
-3.88    0.990549
-3.86    0.990547
-3.84    0.990544
-3.82    0.990542
-3.8    0.99054
-3.78    0.990538
-3.76    0.990535
-3.74    0.990533
-3.72    0.990531
-3.7    0.990528
-3.68    0.990526
-3.66    0.990524
-3.64    0.990521
-3.62    0.990519
-3.6    0.990516
-3.58    0.990514
-3.56    0.990512
-3.54    0.990509
-3.52    0.990507
-3.5    0.990504
-3.48    0.990502
-3.46    0.990499
-3.44    0.990496
-3.42    0.990494
-3.4    0.990491
-3.38    0.990489
-3.36    0.990486
-3.34    0.990483
-3.32    0.990481
-3.3    0.990478
-3.28    0.990475
-3.26    0.990473
-3.24    0.99047
-3.22    0.990467
-3.2    0.990464
-3.18    0.990462
-3.16    0.990459
-3.14    0.990456
-3.12    0.990453
-3.1    0.99045
-3.08    0.990447
-3.06    0.990444
-3.04    0.990441
-3.02    0.990438
-3    0.990435
-2.98    0.990432
-2.96    0.990429
-2.94    0.990426
-2.92    0.990423
-2.9    0.99042
-2.88    0.990417
-2.86    0.990414
-2.84    0.990411
-2.82    0.990408
-2.8    0.990405
-2.78    0.990401
-2.76    0.990398
-2.74    0.990395
-2.72    0.990392
-2.7    0.990388
-2.68    0.990385
-2.66    0.990382
-2.64    0.990378
-2.62    0.990375
-2.6    0.990371
-2.58    0.990368
-2.56    0.990365
-2.54    0.990361
-2.52    0.990358
-2.5    0.990354
-2.48    0.99035
-2.46    0.990347
-2.44    0.990343
-2.42    0.99034
-2.4    0.990336
-2.38    0.990332
-2.36    0.990329
-2.34    0.990325
-2.32    0.990321
-2.3    0.990317
-2.28    0.990313
-2.26    0.99031
-2.24    0.990306
-2.22    0.990302
-2.2    0.990298
-2.18    0.990294
-2.16    0.99029
-2.14    0.990286
-2.12    0.990282
-2.1    0.990278
-2.08    0.990274
-2.06    0.99027
-2.04    0.990266
-2.02    0.990261
-2    0.990257
-1.98    0.990253
-1.96    0.990249
-1.94    0.990244
-1.92    0.99024
-1.9    0.990236
-1.88    0.990231
-1.86    0.990227
-1.84    0.990223
-1.82    0.990218
-1.8    0.990214
-1.78    0.990209
-1.76    0.990205
-1.74    0.9902
-1.72    0.990195
-1.7    0.990191
-1.68    0.990186
-1.66    0.990181
-1.64    0.990176
-1.62    0.990172
-1.6    0.990167
-1.58    0.990162
-1.56    0.990157
-1.54    0.990152
-1.52    0.990147
-1.5    0.990142
-1.48    0.990137
-1.46    0.990132
-1.44    0.990127
-1.42    0.990122
-1.4    0.990117
-1.38    0.990112
-1.36    0.990106
-1.34    0.990101
-1.32    0.990096
-1.3    0.99009
-1.28    0.990085
-1.26    0.99008
-1.24    0.990074
-1.22    0.990069
-1.2    0.990063
-1.18    0.990058
-1.16    0.990052
-1.14    0.990046
-1.12    0.990041
-1.1    0.990035
-1.08    0.990029
-1.06    0.990023
-1.04    0.990018
-1.02    0.990012
-1    0.990006
-0.98    0.99
-0.96    0.989994
-0.94    0.989988
-0.92    0.989982
-0.9    0.989976
-0.88    0.989969
-0.86    0.989963
-0.84    0.989957
-0.82    0.989951
-0.8    0.989944
-0.78    0.989938
-0.76    0.989931
-0.74    0.989925
-0.72    0.989918
-0.7    0.989912
-0.68    0.989905
-0.66    0.989898
-0.64    0.989892
-0.62    0.989885
-0.6    0.989878
-0.58    0.989871
-0.56    0.989864
-0.54    0.989858
-0.52    0.989851
-0.5    0.989843
-0.48    0.989836
-0.46    0.989829
-0.44    0.989822
-0.42    0.989815
-0.4    0.989808
-0.38    0.9898
-0.36    0.989793
-0.34    0.989785
-0.32    0.989778
-0.3    0.98977
-0.28    0.989763
-0.26    0.989755
-0.24    0.989747
-0.22    0.98974
-0.2    0.989732
-0.18    0.989724
-0.16    0.989716
-0.14    0.989708
-0.12    0.9897
-0.1    0.989692
-0.08    0.989684
-0.06    0.989676
-0.04    0.989667
-0.02    0.989659
-1.80342e-14    0.989651
0.02    0.989642
0.04    0.989634
0.06    0.989625
0.08    0.989616
0.1    0.989608
0.12    0.989599
0.14    0.98959
0.16    0.989581
0.18    0.989573
0.2    0.989564
0.22    0.989555
0.24    0.989545
0.26    0.989536
0.28    0.989527
0.3    0.989518
0.32    0.989508
0.34    0.989499
0.36    0.989489
0.38    0.98948
0.4    0.98947
0.42    0.989461
0.44    0.989451
0.46    0.989441
0.48    0.989431
0.5    0.989421
0.52    0.989411
0.54    0.989401
0.56    0.989391
0.58    0.989381
0.6    0.98937
0.62    0.98936
0.64    0.98935
0.66    0.989339
0.68    0.989328
0.7    0.989318
0.72    0.989307
0.74    0.989296
0.76    0.989285
0.78    0.989274
0.8    0.989263
0.82    0.989252
0.84    0.989241
0.86    0.98923
0.88    0.989218
0.9    0.989207
0.92    0.989195
0.94    0.989184
0.96    0.989172
0.98    0.98916
1    0.989148
1.02    0.989136
1.04    0.989124
1.06    0.989112
1.08    0.9891
1.1    0.989088
1.12    0.989076
1.14    0.989063
1.16    0.989051
1.18    0.989038
1.2    0.989025
1.22    0.989012
1.24    0.989
1.26    0.988987
1.28    0.988974
1.3    0.98896
1.32    0.988947
1.34    0.988934
1.36    0.98892
1.38    0.988907
1.4    0.988893
1.42    0.98888
1.44    0.988866
1.46    0.988852
1.48    0.988838
1.5    0.988824
1.52    0.98881
1.54    0.988795
1.56    0.988781
1.58    0.988766
1.6    0.988752
1.62    0.988737
1.64    0.988722
1.66    0.988707
1.68    0.988692
1.7    0.988677
1.72    0.988662
1.74    0.988647
1.76    0.988631
1.78    0.988616
1.8    0.9886
1.82    0.988584
1.84    0.988569
1.86    0.988553
1.88    0.988537
1.9    0.98852
1.92    0.988504
1.94    0.988488
1.96    0.988471
1.98    0.988454
2    0.988438
2.02    0.988421
2.04    0.988404
2.06    0.988387
2.08    0.988369
2.1    0.988352
2.12    0.988334
2.14    0.988317
2.16    0.988299
2.18    0.988281
2.2    0.988263
2.22    0.988245
2.24    0.988227
2.26    0.988209
2.28    0.98819
2.3    0.988172
2.32    0.988153
2.34    0.988134
2.36    0.988115
2.38    0.988096
2.4    0.988076
2.42    0.988057
2.44    0.988038
2.46    0.988018
2.48    0.987998
2.5    0.987978
2.52    0.987958
2.54    0.987938
2.56    0.987917
2.58    0.987897
2.6    0.987876
2.62    0.987855
2.64    0.987834
2.66    0.987813
2.68    0.987792
2.7    0.987771
2.72    0.987749
2.74    0.987727
2.76    0.987706
2.78    0.987684
2.8    0.987662
2.82    0.987639
2.84    0.987617
2.86    0.987594
2.88    0.987571
2.9    0.987548
2.92    0.987525
2.94    0.987502
2.96    0.987479
2.98    0.987455
3    0.987431
3.02    0.987408
3.04    0.987383
3.06    0.987359
3.08    0.987335
3.1    0.98731
3.12    0.987285
3.14    0.987261
3.16    0.987235
3.18    0.98721
3.2    0.987185
3.22    0.987159
3.24    0.987133
3.26    0.987107
3.28    0.987081
3.3    0.987055
3.32    0.987028
3.34    0.987002
3.36    0.986975
3.38    0.986948
3.4    0.986921
3.42    0.986893
3.44    0.986865
3.46    0.986838
3.48    0.98681
3.5    0.986781
3.52    0.986753
3.54    0.986724
3.56    0.986696
3.58    0.986667
3.6    0.986637
3.62    0.986608
3.64    0.986578
3.66    0.986549
3.68    0.986519
3.7    0.986488
3.72    0.986458
3.74    0.986427
3.76    0.986396
3.78    0.986365
3.8    0.986334
3.82    0.986303
3.84    0.986271
3.86    0.986239
3.88    0.986207
3.9    0.986174
3.92    0.986142
3.94    0.986109
3.96    0.986076
3.98    0.986043
4    0.986009
4.02    0.985975
4.04    0.985941
4.06    0.985907
4.08    0.985873
4.1    0.985838
4.12    0.985803
4.14    0.985768
4.16    0.985733
4.18    0.985697
4.2    0.985661
4.22    0.985625
4.24    0.985589
4.26    0.985552
4.28    0.985515
4.3    0.985478
4.32    0.985441
4.34    0.985403
4.36    0.985365
4.38    0.985327
4.4    0.985289
4.42    0.98525
4.44    0.985211
4.46    0.985172
4.48    0.985133
4.5    0.985093
4.52    0.985053
4.54    0.985013
4.56    0.984972
4.58    0.984931
4.6    0.98489
4.62    0.984849
4.64    0.984807
4.66    0.984765
4.68    0.984723
4.7    0.984681
4.72    0.984638
4.74    0.984595
4.76    0.984552
4.78    0.984508
4.8    0.984464
4.82    0.98442
4.84    0.984375
4.86    0.984331
4.88    0.984286
4.9    0.98424
4.92    0.984194
4.94    0.984148
4.96    0.984102
4.98    0.984055
