-5    0.687961
-4.98    0.687963
-4.96    0.687965
-4.94    0.687967
-4.92    0.687969
-4.9    0.687971
-4.88    0.687973
-4.86    0.687976
-4.84    0.687978
-4.82    0.687981
-4.8    0.687983
-4.78    0.687986
-4.76    0.687989
-4.74    0.687992
-4.72    0.687995
-4.7    0.687998
-4.68    0.688001
-4.66    0.688005
-4.64    0.688008
-4.62    0.688012
-4.6    0.688016
-4.58    0.68802
-4.56    0.688024
-4.54    0.688028
-4.52    0.688033
-4.5    0.688037
-4.48    0.688042
-4.46    0.688047
-4.44    0.688052
-4.42    0.688058
-4.4    0.688064
-4.38    0.688069
-4.36    0.688075
-4.34    0.688082
-4.32    0.688088
-4.3    0.688095
-4.28    0.688102
-4.26    0.68811
-4.24    0.688117
-4.22    0.688125
-4.2    0.688133
-4.18    0.688142
-4.16    0.688151
-4.14    0.68816
-4.12    0.68817
-4.1    0.68818
-4.08    0.68819
-4.06    0.688201
-4.04    0.688212
-4.02    0.688224
-4    0.688236
-3.98    0.688248
-3.96    0.688261
-3.94    0.688275
-3.92    0.688289
-3.9    0.688304
-3.88    0.688319
-3.86    0.688335
-3.84    0.688351
-3.82    0.688368
-3.8    0.688386
-3.78    0.688404
-3.76    0.688423
-3.74    0.688443
-3.72    0.688463
-3.7    0.688485
-3.68    0.688507
-3.66    0.68853
-3.64    0.688554
-3.62    0.688579
-3.6    0.688605
-3.58    0.688631
-3.56    0.688659
-3.54    0.688688
-3.52    0.688718
-3.5    0.688749
-3.48    0.688782
-3.46    0.688815
-3.44    0.68885
-3.42    0.688886
-3.4    0.688924
-3.38    0.688963
-3.36    0.689003
-3.34    0.689046
-3.32    0.689089
-3.3    0.689134
-3.28    0.689182
-3.26    0.68923
-3.24    0.689281
-3.22    0.689334
-3.2    0.689388
-3.18    0.689445
-3.16    0.689504
-3.14    0.689564
-3.12    0.689628
-3.1    0.689693
-3.08    0.689761
-3.06    0.689832
-3.04    0.689905
-3.02    0.689981
-3    0.69006
-2.98    0.690142
-2.96    0.690227
-2.94    0.690315
-2.92    0.690406
-2.9    0.6905
-2.88    0.690598
-2.86    0.6907
-2.84    0.690805
-2.82    0.690914
-2.8    0.691027
-2.78    0.691144
-2.76    0.691265
-2.74    0.691391
-2.72    0.691521
-2.7    0.691656
-2.68    0.691796
-2.66    0.69194
-2.64    0.69209
-2.62    0.692245
-2.6    0.692405
-2.58    0.692571
-2.56    0.692743
-2.54    0.69292
-2.52    0.693104
-2.5    0.693294
-2.48    0.693491
-2.46    0.693694
-2.44    0.693904
-2.42    0.694121
-2.4    0.694345
-2.38    0.694576
-2.36    0.694816
-2.34    0.695063
-2.32    0.695318
-2.3    0.695581
-2.28    0.695852
-2.26    0.696132
-2.24    0.696421
-2.22    0.696719
-2.2    0.697026
-2.18    0.697342
-2.16    0.697668
-2.14    0.698003
-2.12    0.698349
-2.1    0.698704
-2.08    0.69907
-2.06    0.699446
-2.04    0.699833
-2.02    0.700231
-2    0.700639
-1.98    0.701059
-1.96    0.701489
-1.94    0.701931
-1.92    0.702384
-1.9    0.702849
-1.88    0.703325
-1.86    0.703813
-1.84    0.704312
-1.82    0.704823
-1.8    0.705346
-1.78    0.70588
-1.76    0.706427
-1.74    0.706985
-1.72    0.707554
-1.7    0.708135
-1.68    0.708728
-1.66    0.709332
-1.64    0.709947
-1.62    0.710573
-1.6    0.71121
-1.58    0.711858
-1.56    0.712516
-1.54    0.713184
-1.52    0.713862
-1.5    0.71455
-1.48    0.715246
-1.46    0.715952
-1.44    0.716667
-1.42    0.717389
-1.4    0.718119
-1.38    0.718857
-1.36    0.719601
-1.34    0.720352
-1.32    0.721108
-1.3    0.72187
-1.28    0.722636
-1.26    0.723407
-1.24    0.724182
-1.22    0.724959
-1.2    0.72574
-1.18    0.726522
-1.16    0.727305
-1.14    0.72809
-1.12    0.728874
-1.1    0.729658
-1.08    0.730441
-1.06    0.731222
-1.04    0.732001
-1.02    0.732778
-1    0.733551
-0.98    0.73432
-0.96    0.735084
-0.94    0.735844
-0.92    0.736597
-0.9    0.737345
-0.88    0.738087
-0.86    0.738821
-0.84    0.739547
-0.82    0.740266
-0.8    0.740977
-0.78    0.741678
-0.76    0.742371
-0.74    0.743054
-0.72    0.743727
-0.7    0.744391
-0.68    0.745044
-0.66    0.745686
-0.64    0.746318
-0.62    0.746938
-0.6    0.747548
-0.58    0.748146
-0.56    0.748733
-0.54    0.749308
-0.52    0.749872
-0.5    0.750424
-0.48    0.750964
-0.46    0.751492
-0.44    0.752009
-0.42    0.752514
-0.4    0.753007
-0.38    0.753488
-0.36    0.753958
-0.34    0.754417
-0.32    0.754863
-0.3    0.755299
-0.28    0.755723
-0.26    0.756136
-0.24    0.756539
-0.22    0.75693
-0.2    0.757311
-0.18    0.757681
-0.16    0.758041
-0.14    0.75839
-0.12    0.75873
-0.1    0.75906
-0.08    0.75938
-0.06    0.75969
-0.04    0.759992
-0.02    0.760284
-1.80342e-14    0.760568
0.02    0.760843
0.04    0.761109
0.06    0.761367
0.08    0.761617
0.1    0.761859
0.12    0.762094
0.14    0.76232
0.16    0.76254
0.18    0.762753
0.2    0.762958
0.22    0.763157
0.24    0.763349
0.26    0.763535
0.28    0.763715
0.3    0.763889
0.32    0.764057
0.34    0.764219
0.36    0.764376
0.38    0.764527
0.4    0.764674
0.42    0.764815
0.44    0.764952
0.46    0.765083
0.48    0.76521
0.5    0.765333
0.52    0.765452
0.54    0.765566
0.56    0.765676
0.58    0.765783
0.6    0.765886
0.62    0.765985
0.64    0.76608
0.66    0.766173
0.68    0.766261
0.7    0.766347
0.72    0.76643
0.74    0.76651
0.76    0.766587
0.78    0.766661
0.8    0.766732
0.82    0.766801
0.84    0.766867
0.86    0.766931
0.88    0.766993
0.9    0.767052
0.92    0.76711
0.94    0.767165
0.96    0.767218
0.98    0.767269
1    0.767319
1.02    0.767366
1.04    0.767412
1.06    0.767456
1.08    0.767499
1.1    0.76754
1.12    0.767579
1.14    0.767617
1.16    0.767654
1.18    0.767689
1.2    0.767723
1.22    0.767756
1.24    0.767787
1.26    0.767818
1.28    0.767847
1.3    0.767875
1.32    0.767902
1.34    0.767928
1.36    0.767954
1.38    0.767978
1.4    0.768001
1.42    0.768023
1.44    0.768045
1.46    0.768066
1.48    0.768086
1.5    0.768105
1.52    0.768124
1.54    0.768142
1.56    0.768159
1.58    0.768175
1.6    0.768191
1.62    0.768207
1.64    0.768222
1.66    0.768236
1.68    0.768249
1.7    0.768263
1.72    0.768275
1.74    0.768288
1.76    0.768299
1.78    0.768311
1.8    0.768322
1.82    0.768332
1.84    0.768342
1.86    0.768352
1.88    0.768361
1.9    0.76837
1.92    0.768379
1.94    0.768387
1.96    0.768395
1.98    0.768403
2    0.76841
2.02    0.768418
2.04    0.768425
2.06    0.768431
2.08    0.768438
2.1    0.768444
2.12    0.76845
2.14    0.768455
2.16    0.768461
2.18    0.768466
2.2    0.768471
2.22    0.768476
2.24    0.768481
2.26    0.768485
2.28    0.76849
2.3    0.768494
2.32    0.768498
2.34    0.768502
2.36    0.768505
2.38    0.768509
2.4    0.768513
2.42    0.768516
2.44    0.768519
2.46    0.768522
2.48    0.768525
2.5    0.768528
2.52    0.768531
2.54    0.768533
2.56    0.768536
2.58    0.768538
2.6    0.768541
2.62    0.768543
2.64    0.768545
2.66    0.768547
2.68    0.768549
2.7    0.768551
2.72    0.768553
2.74    0.768555
2.76    0.768557
2.78    0.768558
2.8    0.76856
2.82    0.768562
2.84    0.768563
2.86    0.768565
2.88    0.768566
2.9    0.768567
2.92    0.768569
2.94    0.76857
2.96    0.768571
2.98    0.768572
3    0.768573
3.02    0.768574
3.04    0.768575
3.06    0.768576
3.08    0.768577
3.1    0.768578
3.12    0.768579
3.14    0.76858
3.16    0.768581
3.18    0.768581
3.2    0.768582
3.22    0.768583
3.24    0.768584
3.26    0.768584
3.28    0.768585
3.3    0.768585
3.32    0.768586
3.34    0.768587
3.36    0.768587
3.38    0.768588
3.4    0.768588
3.42    0.768589
3.44    0.768589
3.46    0.76859
3.48    0.76859
3.5    0.76859
3.52    0.768591
3.54    0.768591
3.56    0.768592
3.58    0.768592
3.6    0.768592
3.62    0.768593
3.64    0.768593
3.66    0.768593
3.68    0.768594
3.7    0.768594
3.72    0.768594
3.74    0.768594
3.76    0.768595
3.78    0.768595
3.8    0.768595
3.82    0.768595
3.84    0.768596
3.86    0.768596
3.88    0.768596
3.9    0.768596
3.92    0.768596
3.94    0.768597
3.96    0.768597
3.98    0.768597
4    0.768597
4.02    0.768597
4.04    0.768597
4.06    0.768598
4.08    0.768598
4.1    0.768598
4.12    0.768598
4.14    0.768598
4.16    0.768598
4.18    0.768598
4.2    0.768598
4.22    0.768599
4.24    0.768599
4.26    0.768599
4.28    0.768599
4.3    0.768599
4.32    0.768599
4.34    0.768599
4.36    0.768599
4.38    0.768599
4.4    0.768599
4.42    0.768599
4.44    0.768599
4.46    0.7686
4.48    0.7686
4.5    0.7686
4.52    0.7686
4.54    0.7686
4.56    0.7686
4.58    0.7686
4.6    0.7686
4.62    0.7686
4.64    0.7686
4.66    0.7686
4.68    0.7686
4.7    0.7686
4.72    0.7686
4.74    0.7686
4.76    0.7686
4.78    0.7686
4.8    0.7686
4.82    0.7686
4.84    0.7686
4.86    0.7686
4.88    0.7686
4.9    0.7686
4.92    0.768601
4.94    0.768601
4.96    0.768601
4.98    0.768601
