-5    0.102217
-4.98    0.102226
-4.96    0.102236
-4.94    0.102245
-4.92    0.102256
-4.9    0.102267
-4.88    0.102279
-4.86    0.102292
-4.84    0.102305
-4.82    0.102319
-4.8    0.102335
-4.78    0.102351
-4.76    0.102368
-4.74    0.102386
-4.72    0.102406
-4.7    0.102427
-4.68    0.102449
-4.66    0.102472
-4.64    0.102497
-4.62    0.102524
-4.6    0.102552
-4.58    0.102582
-4.56    0.102614
-4.54    0.102648
-4.52    0.102684
-4.5    0.102722
-4.48    0.102763
-4.46    0.102807
-4.44    0.102853
-4.42    0.102902
-4.4    0.102954
-4.38    0.10301
-4.36    0.103069
-4.34    0.103132
-4.32    0.103199
-4.3    0.10327
-4.28    0.103346
-4.26    0.103427
-4.24    0.103513
-4.22    0.103604
-4.2    0.103702
-4.18    0.103805
-4.16    0.103915
-4.14    0.104032
-4.12    0.104157
-4.1    0.10429
-4.08    0.104431
-4.06    0.104581
-4.04    0.104741
-4.02    0.104912
-4    0.105093
-3.98    0.105286
-3.96    0.105492
-3.94    0.10571
-3.92    0.105943
-3.9    0.106192
-3.88    0.106456
-3.86    0.106737
-3.84    0.107037
-3.82    0.107357
-3.8    0.107697
-3.78    0.108059
-3.76    0.108446
-3.74    0.108857
-3.72    0.109296
-3.7    0.109764
-3.68    0.110263
-3.66    0.110795
-3.64    0.111362
-3.62    0.111967
-3.6    0.112613
-3.58    0.113301
-3.56    0.114036
-3.54    0.114821
-3.52    0.115659
-3.5    0.116554
-3.48    0.11751
-3.46    0.118531
-3.44    0.119623
-3.42    0.12079
-3.4    0.122038
-3.38    0.123373
-3.36    0.124801
-3.34    0.12633
-3.32    0.127967
-3.3    0.12972
-3.28    0.131599
-3.26    0.133612
-3.24    0.135771
-3.22    0.138087
-3.2    0.140572
-3.18    0.143239
-3.16    0.146103
-3.14    0.14918
-3.12    0.152487
-3.1    0.156043
-3.08    0.159867
-3.06    0.163981
-3.04    0.168409
-3.02    0.173176
-3    0.178309
-2.98    0.183839
-2.96    0.189796
-2.94    0.196214
-2.92    0.203129
-2.9    0.21058
-2.88    0.218607
-2.86    0.227252
-2.84    0.236558
-2.82    0.24657
-2.8    0.257335
-2.78    0.268898
-2.76    0.281304
-2.74    0.294595
-2.72    0.308811
-2.7    0.323987
-2.68    0.340149
-2.66    0.357316
-2.64    0.375497
-2.62    0.394684
-2.6    0.414858
-2.58    0.435977
-2.56    0.457985
-2.54    0.4808
-2.52    0.504323
-2.5    0.528432
-2.48    0.552985
-2.46    0.577825
-2.44    0.602781
-2.42    0.627673
-2.4    0.652318
-2.38    0.676537
-2.36    0.700157
-2.34    0.723021
-2.32    0.744988
-2.3    0.765942
-2.28    0.785788
-2.26    0.80446
-2.24    0.821914
-2.22    0.838132
-2.2    0.853119
-2.18    0.866895
-2.16    0.8795
-2.14    0.890984
-2.12    0.901407
-2.1    0.910837
-2.08    0.919343
-2.06    0.926998
-2.04    0.933871
-2.02    0.940034
-2    0.945551
-1.98    0.950486
-1.96    0.954898
-1.94    0.95884
-1.92    0.962361
-1.9    0.965508
-1.88    0.968321
-1.86    0.970837
-1.84    0.973088
-1.82    0.975104
-1.8    0.976911
-1.78    0.978533
-1.76    0.97999
-1.74    0.9813
-1.72    0.982481
-1.7    0.983545
-1.68    0.984506
-1.66    0.985375
-1.64    0.986162
-1.62    0.986876
-1.6    0.987524
-1.58    0.988113
-1.56    0.988649
-1.54    0.989138
-1.52    0.989585
-1.5    0.989993
-1.48    0.990366
-1.46    0.990709
-1.44    0.991023
-1.42    0.991311
-1.4    0.991577
-1.38    0.991821
-1.36    0.992046
-1.34    0.992254
-1.32    0.992445
-1.3    0.992622
-1.28    0.992786
-1.26    0.992938
-1.24    0.993079
-1.22    0.993209
-1.2    0.99333
-1.18    0.993443
-1.16    0.993547
-1.14    0.993644
-1.12    0.993734
-1.1    0.993818
-1.08    0.993897
-1.06    0.99397
-1.04    0.994038
-1.02    0.994101
-1    0.994161
-0.98    0.994216
-0.96    0.994268
-0.94    0.994316
-0.92    0.994361
-0.9    0.994403
-0.88    0.994443
-0.86    0.99448
-0.84    0.994515
-0.82    0.994547
-0.8    0.994577
-0.78    0.994606
-0.76    0.994632
-0.74    0.994657
-0.72    0.99468
-0.7    0.994702
-0.68    0.994723
-0.66    0.994742
-0.64    0.99476
-0.62    0.994777
-0.6    0.994793
-0.58    0.994808
-0.56    0.994822
-0.54    0.994835
-0.52    0.994847
-0.5    0.994859
-0.48    0.99487
-0.46    0.99488
-0.44    0.99489
-0.42    0.994899
-0.4    0.994907
-0.38    0.994915
-0.36    0.994922
-0.34    0.994929
-0.32    0.994936
-0.3    0.994942
-0.28    0.994948
-0.26    0.994953
-0.24    0.994959
-0.22    0.994963
-0.2    0.994968
-0.18    0.994972
-0.16    0.994976
-0.14    0.99498
-0.12    0.994983
-0.1    0.994987
-0.08    0.99499
-0.06    0.994993
-0.04    0.994996
-0.02    0.994998
-1.80342e-14    0.995001
0.02    0.995003
0.04    0.995005
0.06    0.995007
0.08    0.995009
0.1    0.995011
0.12    0.995012
0.14    0.995014
0.16    0.995015
0.18    0.995017
0.2    0.995018
0.22    0.995019
0.24    0.995021
0.26    0.995022
0.28    0.995023
0.3    0.995024
0.32    0.995025
0.34    0.995025
0.36    0.995026
0.38    0.995027
0.4    0.995028
0.42    0.995028
0.44    0.995029
0.46    0.99503
0.48    0.99503
0.5    0.995031
0.52    0.995031
0.54    0.995032
0.56    0.995032
0.58    0.995032
0.6    0.995033
0.62    0.995033
0.64    0.995033
0.66    0.995034
0.68    0.995034
0.7    0.995034
0.72    0.995035
0.74    0.995035
0.76    0.995035
0.78    0.995035
0.8    0.995036
0.82    0.995036
0.84    0.995036
0.86    0.995036
0.88    0.995036
0.9    0.995036
0.92    0.995037
0.94    0.995037
0.96    0.995037
0.98    0.995037
1    0.995037
1.02    0.995037
1.04    0.995037
1.06    0.995037
1.08    0.995037
1.1    0.995038
1.12    0.995038
1.14    0.995038
1.16    0.995038
1.18    0.995038
1.2    0.995038
1.22    0.995038
1.24    0.995038
1.26    0.995038
1.28    0.995038
1.3    0.995038
1.32    0.995038
1.34    0.995038
1.36    0.995038
1.38    0.995038
1.4    0.995038
1.42    0.995038
1.44    0.995038
1.46    0.995038
1.48    0.995038
1.5    0.995038
1.52    0.995038
1.54    0.995038
1.56    0.995038
1.58    0.995038
1.6    0.995039
1.62    0.995039
1.64    0.995039
1.66    0.995039
1.68    0.995039
1.7    0.995039
1.72    0.995039
1.74    0.995039
1.76    0.995039
1.78    0.995039
1.8    0.995039
1.82    0.995039
1.84    0.995039
1.86    0.995039
1.88    0.995039
1.9    0.995039
1.92    0.995039
1.94    0.995039
1.96    0.995039
1.98    0.995039
2    0.995039
2.02    0.995039
2.04    0.995039
2.06    0.995039
2.08    0.995039
2.1    0.995039
2.12    0.995039
2.14    0.995039
2.16    0.995039
2.18    0.995039
2.2    0.995039
2.22    0.995039
2.24    0.995039
2.26    0.995039
2.28    0.995039
2.3    0.995039
2.32    0.995039
2.34    0.995039
2.36    0.995039
2.38    0.995039
2.4    0.995039
2.42    0.995039
2.44    0.995039
2.46    0.995039
2.48    0.995039
2.5    0.995039
2.52    0.995039
2.54    0.995039
2.56    0.995039
2.58    0.995039
2.6    0.995039
2.62    0.995039
2.64    0.995039
2.66    0.995039
2.68    0.995039
2.7    0.995039
2.72    0.995039
2.74    0.995039
2.76    0.995039
2.78    0.995039
2.8    0.995039
2.82    0.995039
2.84    0.995039
2.86    0.995039
2.88    0.995039
2.9    0.995039
2.92    0.995039
2.94    0.995039
2.96    0.995039
2.98    0.995039
3    0.995039
3.02    0.995039
3.04    0.995039
3.06    0.995039
3.08    0.995039
3.1    0.995039
3.12    0.995039
3.14    0.995039
3.16    0.995039
3.18    0.995039
3.2    0.995039
3.22    0.995039
3.24    0.995039
3.26    0.995039
3.28    0.995039
3.3    0.995039
3.32    0.995039
3.34    0.995039
3.36    0.995039
3.38    0.995039
3.4    0.995039
3.42    0.995039
3.44    0.995039
3.46    0.995039
3.48    0.995039
3.5    0.995039
3.52    0.995039
3.54    0.995039
3.56    0.995039
3.58    0.995039
3.6    0.995039
3.62    0.995039
3.64    0.995039
3.66    0.995039
3.68    0.995039
3.7    0.995039
3.72    0.995039
3.74    0.995039
3.76    0.995039
3.78    0.995039
3.8    0.995039
3.82    0.995039
3.84    0.995039
3.86    0.995039
3.88    0.995039
3.9    0.995039
3.92    0.995039
3.94    0.995039
3.96    0.995039
3.98    0.995039
4    0.995039
4.02    0.995039
4.04    0.995039
4.06    0.995039
4.08    0.995039
4.1    0.995039
4.12    0.995039
4.14    0.995039
4.16    0.995039
4.18    0.995039
4.2    0.995039
4.22    0.995039
4.24    0.995039
4.26    0.995039
4.28    0.995039
4.3    0.995039
4.32    0.995039
4.34    0.995039
4.36    0.995039
4.38    0.995039
4.4    0.995039
4.42    0.995039
4.44    0.995039
4.46    0.995039
4.48    0.995039
4.5    0.995039
4.52    0.995039
4.54    0.995039
4.56    0.995039
4.58    0.995039
4.6    0.995039
4.62    0.995039
4.64    0.995039
4.66    0.995039
4.68    0.995039
4.7    0.995039
4.72    0.995039
4.74    0.995039
4.76    0.995039
4.78    0.995039
4.8    0.995039
4.82    0.995039
4.84    0.995039
4.86    0.995039
4.88    0.995039
4.9    0.995039
4.92    0.995039
4.94    0.995039
4.96    0.995039
4.98    0.995039
