-5    0.50298
-4.98    0.502941
-4.96    0.5029
-4.94    0.502859
-4.92    0.502817
-4.9    0.502773
-4.88    0.502729
-4.86    0.502684
-4.84    0.502637
-4.82    0.502589
-4.8    0.50254
-4.78    0.50249
-4.76    0.502439
-4.74    0.502386
-4.72    0.502332
-4.7    0.502276
-4.68    0.50222
-4.66    0.502161
-4.64    0.502102
-4.62    0.502041
-4.6    0.501978
-4.58    0.501914
-4.56    0.501848
-4.54    0.501781
-4.52    0.501712
-4.5    0.501641
-4.48    0.501568
-4.46    0.501494
-4.44    0.501418
-4.42    0.50134
-4.4    0.50126
-4.38    0.501178
-4.36    0.501094
-4.34    0.501008
-4.32    0.50092
-4.3    0.50083
-4.28    0.500737
-4.26    0.500642
-4.24    0.500545
-4.22    0.500446
-4.2    0.500344
-4.18    0.500239
-4.16    0.500132
-4.14    0.500023
-4.12    0.49991
-4.1    0.499795
-4.08    0.499678
-4.06    0.499557
-4.04    0.499433
-4.02    0.499306
-4    0.499177
-3.98    0.499044
-3.96    0.498907
-3.94    0.498768
-3.92    0.498625
-3.9    0.498479
-3.88    0.498329
-3.86    0.498175
-3.84    0.498018
-3.82    0.497857
-3.8    0.497692
-3.78    0.497523
-3.76    0.49735
-3.74    0.497173
-3.72    0.496992
-3.7    0.496806
-3.68    0.496616
-3.66    0.496421
-3.64    0.496222
-3.62    0.496018
-3.6    0.495809
-3.58    0.495595
-3.56    0.495376
-3.54    0.495152
-3.52    0.494923
-3.5    0.494688
-3.48    0.494447
-3.46    0.494201
-3.44    0.493949
-3.42    0.493691
-3.4    0.493427
-3.38    0.493157
-3.36    0.492881
-3.34    0.492598
-3.32    0.492309
-3.3    0.492013
-3.28    0.49171
-3.26    0.4914
-3.24    0.491083
-3.22    0.490759
-3.2    0.490427
-3.18    0.490088
-3.16    0.489741
-3.14    0.489386
-3.12    0.489023
-3.1    0.488651
-3.08    0.488272
-3.06    0.487884
-3.04    0.487487
-3.02    0.487081
-3    0.486666
-2.98    0.486242
-2.96    0.485808
-2.94    0.485365
-2.92    0.484912
-2.9    0.48445
-2.88    0.483977
-2.86    0.483493
-2.84    0.483
-2.82    0.482495
-2.8    0.48198
-2.78    0.481454
-2.76    0.480916
-2.74    0.480367
-2.72    0.479807
-2.7    0.479234
-2.68    0.47865
-2.66    0.478053
-2.64    0.477444
-2.62    0.476822
-2.6    0.476188
-2.58    0.475541
-2.56    0.47488
-2.54    0.474206
-2.52    0.473518
-2.5    0.472817
-2.48    0.472102
-2.46    0.471373
-2.44    0.470629
-2.42    0.469871
-2.4    0.469098
-2.38    0.46831
-2.36    0.467507
-2.34    0.466689
-2.32    0.465856
-2.3    0.465007
-2.28    0.464142
-2.26    0.463262
-2.24    0.462365
-2.22    0.461453
-2.2    0.460523
-2.18    0.459578
-2.16    0.458616
-2.14    0.457637
-2.12    0.456641
-2.1    0.455628
-2.08    0.454598
-2.06    0.453551
-2.04    0.452487
-2.02    0.451405
-2    0.450306
-1.98    0.44919
-1.96    0.448056
-1.94    0.446904
-1.92    0.445734
-1.9    0.444547
-1.88    0.443343
-1.86    0.44212
-1.84    0.440881
-1.82    0.439623
-1.8    0.438348
-1.78    0.437055
-1.76    0.435745
-1.74    0.434417
-1.72    0.433072
-1.7    0.43171
-1.68    0.430331
-1.66    0.428935
-1.64    0.427522
-1.62    0.426092
-1.6    0.424646
-1.58    0.423183
-1.56    0.421705
-1.54    0.420211
-1.52    0.418701
-1.5    0.417175
-1.48    0.415635
-1.46    0.41408
-1.44    0.412511
-1.42    0.410927
-1.4    0.40933
-1.38    0.407719
-1.36    0.406095
-1.34    0.404459
-1.32    0.40281
-1.3    0.401149
-1.28    0.399477
-1.26    0.397794
-1.24    0.3961
-1.22    0.394397
-1.2    0.392683
-1.18    0.390961
-1.16    0.38923
-1.14    0.387492
-1.12    0.385745
-1.1    0.383992
-1.08    0.382232
-1.06    0.380467
-1.04    0.378696
-1.02    0.376921
-1    0.375141
-0.98    0.373358
-0.96    0.371572
-0.94    0.369784
-0.92    0.367994
-0.9    0.366203
-0.88    0.364411
-0.86    0.36262
-0.84    0.360829
-0.82    0.35904
-0.8    0.357252
-0.78    0.355467
-0.76    0.353685
-0.74    0.351907
-0.72    0.350134
-0.7    0.348365
-0.68    0.346602
-0.66    0.344844
-0.64    0.343094
-0.62    0.34135
-0.6    0.339614
-0.58    0.337887
-0.56    0.336168
-0.54    0.334459
-0.52    0.332759
-0.5    0.33107
-0.48    0.329391
-0.46    0.327724
-0.44    0.326068
-0.42    0.324425
-0.4    0.322794
-0.38    0.321176
-0.36    0.319571
-0.34    0.317979
-0.32    0.316402
-0.3    0.314839
-0.28    0.313291
-0.26    0.311758
-0.24    0.31024
-0.22    0.308738
-0.2    0.307252
-0.18    0.305781
-0.16    0.304327
-0.14    0.30289
-0.12    0.301469
-0.1    0.300064
-0.08    0.298677
-0.06    0.297307
-0.04    0.295955
-0.02    0.29462
-1.80342e-14    0.293302
0.02    0.292002
0.04    0.290719
0.06    0.289454
0.08    0.288207
0.1    0.286978
0.12    0.285767
0.14    0.284573
0.16    0.283397
0.18    0.282239
0.2    0.281099
0.22    0.279976
0.24    0.278871
0.26    0.277784
0.28    0.276714
0.3    0.275662
0.32    0.274627
0.34    0.273609
0.36    0.272608
0.38    0.271624
0.4    0.270658
0.42    0.269708
0.44    0.268774
0.46    0.267858
0.48    0.266957
0.5    0.266073
0.52    0.265205
0.54    0.264352
0.56    0.263516
0.58    0.262694
0.6    0.261889
0.62    0.261098
0.64    0.260323
0.66    0.259562
0.68    0.258816
0.7    0.258084
0.72    0.257367
0.74    0.256663
0.76    0.255974
0.78    0.255298
0.8    0.254636
0.82    0.253987
0.84    0.253351
0.86    0.252728
0.88    0.252118
0.9    0.25152
0.92    0.250934
0.94    0.250361
0.96    0.2498
0.98    0.24925
1    0.248711
1.02    0.248184
1.04    0.247669
1.06    0.247164
1.08    0.24667
1.1    0.246186
1.12    0.245713
1.14    0.24525
1.16    0.244797
1.18    0.244353
1.2    0.24392
1.22    0.243496
1.24    0.243081
1.26    0.242675
1.28    0.242278
1.3    0.24189
1.32    0.24151
1.34    0.241139
1.36    0.240777
1.38    0.240422
1.4    0.240075
1.42    0.239736
1.44    0.239404
1.46    0.23908
1.48    0.238764
1.5    0.238454
1.52    0.238152
1.54    0.237856
1.56    0.237567
1.58    0.237285
1.6    0.237009
1.62    0.23674
1.64    0.236476
1.66    0.236219
1.68    0.235967
1.7    0.235722
1.72    0.235482
1.74    0.235248
1.76    0.235019
1.78    0.234795
1.8    0.234576
1.82    0.234363
1.84    0.234155
1.86    0.233951
1.88    0.233752
1.9    0.233558
1.92    0.233369
1.94    0.233183
1.96    0.233003
1.98    0.232826
2    0.232654
2.02    0.232485
2.04    0.232321
2.06    0.23216
2.08    0.232004
2.1    0.231851
2.12    0.231701
2.14    0.231555
2.16    0.231413
2.18    0.231274
2.2    0.231138
2.22    0.231006
2.24    0.230876
2.26    0.23075
2.28    0.230627
2.3    0.230507
2.32    0.230389
2.34    0.230275
2.36    0.230163
2.38    0.230054
2.4    0.229947
2.42    0.229843
2.44    0.229741
2.46    0.229642
2.48    0.229546
2.5    0.229451
2.52    0.229359
2.54    0.229269
2.56    0.229181
2.58    0.229096
2.6    0.229012
2.62    0.228931
2.64    0.228851
2.66    0.228773
2.68    0.228697
2.7    0.228624
2.72    0.228551
2.74    0.228481
2.76    0.228412
2.78    0.228345
2.8    0.22828
2.82    0.228216
2.84    0.228153
2.86    0.228093
2.88    0.228033
2.9    0.227975
2.92    0.227919
2.94    0.227864
2.96    0.22781
2.98    0.227757
3    0.227706
3.02    0.227656
3.04    0.227607
3.06    0.22756
3.08    0.227514
3.1    0.227468
3.12    0.227424
3.14    0.227381
3.16    0.227339
3.18    0.227298
3.2    0.227258
3.22    0.227219
3.24    0.227181
3.26    0.227143
3.28    0.227107
3.3    0.227072
3.32    0.227037
3.34    0.227004
3.36    0.226971
3.38    0.226939
3.4    0.226907
3.42    0.226877
3.44    0.226847
3.46    0.226818
3.48    0.22679
3.5    0.226762
3.52    0.226735
3.54    0.226709
3.56    0.226683
3.58    0.226658
3.6    0.226634
3.62    0.22661
3.64    0.226587
3.66    0.226564
3.68    0.226542
3.7    0.22652
3.72    0.226499
3.74    0.226479
3.76    0.226459
3.78    0.226439
3.8    0.22642
3.82    0.226401
3.84    0.226383
3.86    0.226366
3.88    0.226348
3.9    0.226331
3.92    0.226315
3.94    0.226299
3.96    0.226283
3.98    0.226268
4    0.226253
4.02    0.226239
4.04    0.226225
4.06    0.226211
4.08    0.226197
4.1    0.226184
4.12    0.226171
4.14    0.226159
4.16    0.226147
4.18    0.226135
4.2    0.226123
4.22    0.226112
4.24    0.226101
4.26    0.22609
4.28    0.226079
4.3    0.226069
4.32    0.226059
4.34    0.226049
4.36    0.22604
4.38    0.226031
4.4    0.226022
4.42    0.226013
4.44    0.226004
4.46    0.225996
4.48    0.225987
4.5    0.225979
4.52    0.225972
4.54    0.225964
4.56    0.225957
4.58    0.225949
4.6    0.225942
4.62    0.225935
4.64    0.225929
4.66    0.225922
4.68    0.225916
4.7    0.22591
4.72    0.225903
4.74    0.225897
4.76    0.225892
4.78    0.225886
4.8    0.225881
4.82    0.225875
4.84    0.22587
4.86    0.225865
4.88    0.22586
4.9    0.225855
4.92    0.22585
4.94    0.225846
4.96    0.225841
4.98    0.225837
