-5    0.136667
-4.98    0.136674
-4.96    0.136682
-4.94    0.136691
-4.92    0.1367
-4.9    0.13671
-4.88    0.136721
-4.86    0.136733
-4.84    0.136746
-4.82    0.13676
-4.8    0.136775
-4.78    0.136791
-4.76    0.136809
-4.74    0.136828
-4.72    0.136849
-4.7    0.136872
-4.68    0.136896
-4.66    0.136922
-4.64    0.136951
-4.62    0.136982
-4.6    0.137015
-4.58    0.137052
-4.56    0.137091
-4.54    0.137133
-4.52    0.13718
-4.5    0.13723
-4.48    0.137284
-4.46    0.137342
-4.44    0.137406
-4.42    0.137475
-4.4    0.137549
-4.38    0.13763
-4.36    0.137718
-4.34    0.137812
-4.32    0.137915
-4.3    0.138026
-4.28    0.138147
-4.26    0.138278
-4.24    0.138419
-4.22    0.138573
-4.2    0.138739
-4.18    0.138919
-4.16    0.139114
-4.14    0.139326
-4.12    0.139555
-4.1    0.139804
-4.08    0.140074
-4.06    0.140366
-4.04    0.140683
-4.02    0.141027
-4    0.1414
-3.98    0.141804
-3.96    0.142243
-3.94    0.142718
-3.92    0.143235
-3.9    0.143795
-3.88    0.144403
-3.86    0.145064
-3.84    0.145781
-3.82    0.146559
-3.8    0.147405
-3.78    0.148324
-3.76    0.149323
-3.74    0.150409
-3.72    0.151589
-3.7    0.152873
-3.68    0.154271
-3.66    0.155791
-3.64    0.157447
-3.62    0.159251
-3.6    0.161216
-3.58    0.163358
-3.56    0.165694
-3.54    0.168243
-3.52    0.171026
-3.5    0.174065
-3.48    0.177385
-3.46    0.181015
-3.44    0.184985
-3.42    0.18933
-3.4    0.194087
-3.38    0.199298
-3.36    0.205009
-3.34    0.21127
-3.32    0.218136
-3.3    0.225668
-3.28    0.233932
-3.26    0.243
-3.24    0.252947
-3.22    0.263856
-3.2    0.275814
-3.18    0.288909
-3.16    0.303233
-3.14    0.318876
-3.12    0.335925
-3.1    0.354458
-3.08    0.37454
-3.06    0.396216
-3.04    0.419505
-3.02    0.444391
-3    0.470816
-2.98    0.498674
-2.96    0.527801
-2.94    0.557977
-2.92    0.588926
-2.9    0.620322
-2.88    0.651799
-2.86    0.682969
-2.84    0.713439
-2.82    0.742836
-2.8    0.770822
-2.78    0.797118
-2.76    0.82151
-2.74    0.843858
-2.72    0.864096
-2.7    0.882225
-2.68    0.898303
-2.66    0.912435
-2.64    0.924759
-2.62    0.935431
-2.6    0.944619
-2.58    0.95249
-2.56    0.959206
-2.54    0.96492
-2.52    0.96977
-2.5    0.973881
-2.48    0.977363
-2.46    0.980312
-2.44    0.98281
-2.42    0.984929
-2.4    0.986728
-2.38    0.988258
-2.36    0.989562
-2.34    0.990677
-2.32    0.991631
-2.3    0.992451
-2.28    0.993157
-2.26    0.993766
-2.24    0.994294
-2.22    0.994753
-2.2    0.995153
-2.18    0.995502
-2.16    0.995808
-2.14    0.996077
-2.12    0.996314
-2.1    0.996524
-2.08    0.99671
-2.06    0.996874
-2.04    0.997021
-2.02    0.997152
-2    0.997269
-1.98    0.997374
-1.96    0.997469
-1.94    0.997553
-1.92    0.99763
-1.9    0.997699
-1.88    0.997761
-1.86    0.997817
-1.84    0.997869
-1.82    0.997915
-1.8    0.997957
-1.78    0.997996
-1.76    0.998031
-1.74    0.998062
-1.72    0.998092
-1.7    0.998118
-1.68    0.998142
-1.66    0.998165
-1.64    0.998185
-1.62    0.998204
-1.6    0.998221
-1.58    0.998236
-1.56    0.998251
-1.54    0.998264
-1.52    0.998276
-1.5    0.998287
-1.48    0.998297
-1.46    0.998307
-1.44    0.998315
-1.42    0.998323
-1.4    0.998331
-1.38    0.998337
-1.36    0.998343
-1.34    0.998349
-1.32    0.998354
-1.3    0.998359
-1.28    0.998364
-1.26    0.998368
-1.24    0.998372
-1.22    0.998375
-1.2    0.998378
-1.18    0.998381
-1.16    0.998384
-1.14    0.998387
-1.12    0.998389
-1.1    0.998391
-1.08    0.998393
-1.06    0.998395
-1.04    0.998397
-1.02    0.998398
-1    0.9984
-0.98    0.998401
-0.96    0.998402
-0.94    0.998403
-0.92    0.998404
-0.9    0.998405
-0.88    0.998406
-0.86    0.998407
-0.84    0.998408
-0.82    0.998408
-0.8    0.998409
-0.78    0.99841
-0.76    0.99841
-0.74    0.998411
-0.72    0.998411
-0.7    0.998412
-0.68    0.998412
-0.66    0.998412
-0.64    0.998413
-0.62    0.998413
-0.6    0.998413
-0.58    0.998414
-0.56    0.998414
-0.54    0.998414
-0.52    0.998414
-0.5    0.998414
-0.48    0.998415
-0.46    0.998415
-0.44    0.998415
-0.42    0.998415
-0.4    0.998415
-0.38    0.998415
-0.36    0.998415
-0.34    0.998416
-0.32    0.998416
-0.3    0.998416
-0.28    0.998416
-0.26    0.998416
-0.24    0.998416
-0.22    0.998416
-0.2    0.998416
-0.18    0.998416
-0.16    0.998416
-0.14    0.998416
-0.12    0.998416
-0.1    0.998416
-0.08    0.998416
-0.06    0.998416
-0.04    0.998416
-0.02    0.998416
-1.80342e-14    0.998416
0.02    0.998416
0.04    0.998416
0.06    0.998417
0.08    0.998417
0.1    0.998417
0.12    0.998417
0.14    0.998417
0.16    0.998417
0.18    0.998417
0.2    0.998417
0.22    0.998417
0.24    0.998417
0.26    0.998417
0.28    0.998417
0.3    0.998417
0.32    0.998417
0.34    0.998417
0.36    0.998417
0.38    0.998417
0.4    0.998417
0.42    0.998417
0.44    0.998417
0.46    0.998417
0.48    0.998417
0.5    0.998417
0.52    0.998417
0.54    0.998417
0.56    0.998417
0.58    0.998417
0.6    0.998417
0.62    0.998417
0.64    0.998417
0.66    0.998417
0.68    0.998417
0.7    0.998417
0.72    0.998417
0.74    0.998417
0.76    0.998417
0.78    0.998417
0.8    0.998417
0.82    0.998417
0.84    0.998417
0.86    0.998417
0.88    0.998417
0.9    0.998417
0.92    0.998417
0.94    0.998417
0.96    0.998417
0.98    0.998417
1    0.998417
1.02    0.998417
1.04    0.998417
1.06    0.998417
1.08    0.998417
1.1    0.998417
1.12    0.998417
1.14    0.998417
1.16    0.998417
1.18    0.998417
1.2    0.998417
1.22    0.998417
1.24    0.998417
1.26    0.998417
1.28    0.998417
1.3    0.998417
1.32    0.998417
1.34    0.998417
1.36    0.998417
1.38    0.998417
1.4    0.998417
1.42    0.998417
1.44    0.998417
1.46    0.998417
1.48    0.998417
1.5    0.998417
1.52    0.998417
1.54    0.998417
1.56    0.998417
1.58    0.998417
1.6    0.998417
1.62    0.998417
1.64    0.998417
1.66    0.998417
1.68    0.998417
1.7    0.998417
1.72    0.998417
1.74    0.998417
1.76    0.998417
1.78    0.998417
1.8    0.998417
1.82    0.998417
1.84    0.998417
1.86    0.998417
1.88    0.998417
1.9    0.998417
1.92    0.998417
1.94    0.998417
1.96    0.998417
1.98    0.998417
2    0.998417
2.02    0.998417
2.04    0.998417
2.06    0.998417
2.08    0.998417
2.1    0.998417
2.12    0.998417
2.14    0.998417
2.16    0.998417
2.18    0.998417
2.2    0.998417
2.22    0.998417
2.24    0.998417
2.26    0.998417
2.28    0.998417
2.3    0.998417
2.32    0.998417
2.34    0.998417
2.36    0.998417
2.38    0.998417
2.4    0.998417
2.42    0.998417
2.44    0.998417
2.46    0.998417
2.48    0.998417
2.5    0.998417
2.52    0.998417
2.54    0.998417
2.56    0.998417
2.58    0.998417
2.6    0.998417
2.62    0.998417
2.64    0.998417
2.66    0.998417
2.68    0.998417
2.7    0.998417
2.72    0.998417
2.74    0.998417
2.76    0.998417
2.78    0.998417
2.8    0.998417
2.82    0.998417
2.84    0.998417
2.86    0.998417
2.88    0.998417
2.9    0.998417
2.92    0.998417
2.94    0.998417
2.96    0.998417
2.98    0.998417
3    0.998417
3.02    0.998417
3.04    0.998417
3.06    0.998417
3.08    0.998417
3.1    0.998417
3.12    0.998417
3.14    0.998417
3.16    0.998417
3.18    0.998417
3.2    0.998417
3.22    0.998417
3.24    0.998417
3.26    0.998417
3.28    0.998417
3.3    0.998417
3.32    0.998417
3.34    0.998417
3.36    0.998417
3.38    0.998417
3.4    0.998417
3.42    0.998417
3.44    0.998417
3.46    0.998417
3.48    0.998417
3.5    0.998417
3.52    0.998417
3.54    0.998417
3.56    0.998417
3.58    0.998417
3.6    0.998417
3.62    0.998417
3.64    0.998417
3.66    0.998417
3.68    0.998417
3.7    0.998417
3.72    0.998417
3.74    0.998417
3.76    0.998417
3.78    0.998417
3.8    0.998417
3.82    0.998417
3.84    0.998417
3.86    0.998417
3.88    0.998417
3.9    0.998417
3.92    0.998417
3.94    0.998417
3.96    0.998417
3.98    0.998417
4    0.998417
4.02    0.998417
4.04    0.998417
4.06    0.998417
4.08    0.998417
4.1    0.998417
4.12    0.998417
4.14    0.998417
4.16    0.998417
4.18    0.998417
4.2    0.998417
4.22    0.998417
4.24    0.998417
4.26    0.998417
4.28    0.998417
4.3    0.998417
4.32    0.998417
4.34    0.998417
4.36    0.998417
4.38    0.998417
4.4    0.998417
4.42    0.998417
4.44    0.998417
4.46    0.998417
4.48    0.998417
4.5    0.998417
4.52    0.998417
4.54    0.998417
4.56    0.998417
4.58    0.998417
4.6    0.998417
4.62    0.998417
4.64    0.998417
4.66    0.998417
4.68    0.998417
4.7    0.998417
4.72    0.998417
4.74    0.998417
4.76    0.998417
4.78    0.998417
4.8    0.998417
4.82    0.998417
4.84    0.998417
4.86    0.998417
4.88    0.998417
4.9    0.998417
4.92    0.998417
4.94    0.998417
4.96    0.998417
4.98    0.998417
