-5    5.34267e-09
-4.98    5.46659e-09
-4.96    5.59559e-09
-4.94    5.72992e-09
-4.92    5.86986e-09
-4.9    6.01569e-09
-4.88    6.16773e-09
-4.86    6.3263e-09
-4.84    6.49175e-09
-4.82    6.66444e-09
-4.8    6.84478e-09
-4.78    7.03317e-09
-4.76    7.23006e-09
-4.74    7.43591e-09
-4.72    7.65124e-09
-4.7    7.87656e-09
-4.68    8.11245e-09
-4.66    8.35951e-09
-4.64    8.61839e-09
-4.62    8.88977e-09
-4.6    9.17437e-09
-4.58    9.47299e-09
-4.56    9.78646e-09
-4.54    1.01156e-08
-4.52    1.04615e-08
-4.5    1.08251e-08
-4.48    1.12074e-08
-4.46    1.16097e-08
-4.44    1.20332e-08
-4.42    1.24791e-08
-4.4    1.2949e-08
-4.38    1.34443e-08
-4.36    1.39667e-08
-4.34    1.45179e-08
-4.32    1.50997e-08
-4.3    1.57142e-08
-4.28    1.63635e-08
-4.26    1.705e-08
-4.24    1.7776e-08
-4.22    1.85443e-08
-4.2    1.93577e-08
-4.18    2.02192e-08
-4.16    2.11321e-08
-4.14    2.20999e-08
-4.12    2.31265e-08
-4.1    2.4216e-08
-4.08    2.53726e-08
-4.06    2.66011e-08
-4.04    2.79065e-08
-4.02    2.92944e-08
-4    3.07706e-08
-3.98    3.23413e-08
-3.96    3.40134e-08
-3.94    3.57942e-08
-3.92    3.76915e-08
-3.9    3.97138e-08
-3.88    4.18702e-08
-3.86    4.41706e-08
-3.84    4.66254e-08
-3.82    4.92461e-08
-3.8    5.20448e-08
-3.78    5.50348e-08
-3.76    5.82303e-08
-3.74    6.16465e-08
-3.72    6.52998e-08
-3.7    6.92079e-08
-3.68    7.33899e-08
-3.66    7.78662e-08
-3.64    8.26588e-08
-3.62    8.77913e-08
-3.6    9.32892e-08
-3.58    9.91798e-08
-3.56    1.05493e-07
-3.54    1.12259e-07
-3.52    1.19513e-07
-3.5    1.2729e-07
-3.48    1.35631e-07
-3.46    1.44576e-07
-3.44    1.5417e-07
-3.42    1.64461e-07
-3.4    1.75501e-07
-3.38    1.87345e-07
-3.36    2.0005e-07
-3.34    2.13681e-07
-3.32    2.28304e-07
-3.3    2.4399e-07
-3.28    2.60816e-07
-3.26    2.78862e-07
-3.24    2.98216e-07
-3.22    3.18969e-07
-3.2    3.41219e-07
-3.18    3.6507e-07
-3.16    3.90631e-07
-3.14    4.1802e-07
-3.12    4.4736e-07
-3.1    4.78781e-07
-3.08    5.12421e-07
-3.06    5.48427e-07
-3.04    5.8695e-07
-3.02    6.28154e-07
-3    6.72206e-07
-2.98    7.19287e-07
-2.96    7.69583e-07
-2.94    8.2329e-07
-2.92    8.80613e-07
-2.9    9.41765e-07
-2.88    1.00697e-06
-2.86    1.07646e-06
-2.84    1.15048e-06
-2.82    1.22928e-06
-2.8    1.31312e-06
-2.78    1.40226e-06
-2.76    1.49699e-06
-2.74    1.5976e-06
-2.72    1.70438e-06
-2.7    1.81763e-06
-2.68    1.93767e-06
-2.66    2.06482e-06
-2.64    2.1994e-06
-2.62    2.34175e-06
-2.6    2.49221e-06
-2.58    2.65112e-06
-2.56    2.81883e-06
-2.54    2.99571e-06
-2.52    3.1821e-06
-2.5    3.37836e-06
-2.48    3.58487e-06
-2.46    3.80198e-06
-2.44    4.03005e-06
-2.42    4.26946e-06
-2.4    4.52055e-06
-2.38    4.7837e-06
-2.36    5.05924e-06
-2.34    5.34754e-06
-2.32    5.64893e-06
-2.3    5.96375e-06
-2.28    6.29233e-06
-2.26    6.63498e-06
-2.24    6.99202e-06
-2.22    7.36374e-06
-2.2    7.75042e-06
-2.18    8.15233e-06
-2.16    8.56973e-06
-2.14    9.00286e-06
-2.12    9.45195e-06
-2.1    9.91719e-06
-2.08    1.03988e-05
-2.06    1.08969e-05
-2.04    1.14117e-05
-2.02    1.19432e-05
-2    1.24917e-05
-1.98    1.30571e-05
-1.96    1.36397e-05
-1.94    1.42392e-05
-1.92    1.4856e-05
-1.9    1.54898e-05
-1.88    1.61406e-05
-1.86    1.68085e-05
-1.84    1.74934e-05
-1.82    1.81951e-05
-1.8    1.89135e-05
-1.78    1.96484e-05
-1.76    2.03998e-05
-1.74    2.11673e-05
-1.72    2.19508e-05
-1.7    2.27501e-05
-1.68    2.35647e-05
-1.66    2.43946e-05
-1.64    2.52393e-05
-1.62    2.60985e-05
-1.6    2.69719e-05
-1.58    2.7859e-05
-1.56    2.87595e-05
-1.54    2.9673e-05
-1.52    3.0599e-05
-1.5    3.15371e-05
-1.48    3.24867e-05
-1.46    3.34475e-05
-1.44    3.44188e-05
-1.42    3.54002e-05
-1.4    3.63911e-05
-1.38    3.7391e-05
-1.36    3.83993e-05
-1.34    3.94154e-05
-1.32    4.04388e-05
-1.3    4.14687e-05
-1.28    4.25047e-05
-1.26    4.3546e-05
-1.24    4.4592e-05
-1.22    4.56422e-05
-1.2    4.66957e-05
-1.18    4.7752e-05
-1.16    4.88104e-05
-1.14    4.98703e-05
-1.12    5.09308e-05
-1.1    5.19914e-05
-1.08    5.30514e-05
-1.06    5.411e-05
-1.04    5.51666e-05
-1.02    5.62204e-05
-1    5.72707e-05
-0.98    5.83169e-05
-0.96    5.93582e-05
-0.94    6.03939e-05
-0.92    6.14233e-05
-0.9    6.24457e-05
-0.88    6.34603e-05
-0.86    6.44665e-05
-0.84    6.54636e-05
-0.82    6.64508e-05
-0.8    6.74274e-05
-0.78    6.83927e-05
-0.76    6.93461e-05
-0.74    7.02869e-05
-0.72    7.12142e-05
-0.7    7.21275e-05
-0.68    7.30261e-05
-0.66    7.39093e-05
-0.64    7.47764e-05
-0.62    7.56268e-05
-0.6    7.64598e-05
-0.58    7.72747e-05
-0.56    7.80709e-05
-0.54    7.88477e-05
-0.52    7.96047e-05
-0.5    8.0341e-05
-0.48    8.10561e-05
-0.46    8.17495e-05
-0.44    8.24205e-05
-0.42    8.30685e-05
-0.4    8.3693e-05
-0.38    8.42935e-05
-0.36    8.48693e-05
-0.34    8.542e-05
-0.32    8.59451e-05
-0.3    8.64441e-05
-0.28    8.69164e-05
-0.26    8.73616e-05
-0.24    8.77793e-05
-0.22    8.81691e-05
-0.2    8.85305e-05
-0.18    8.88631e-05
-0.16    8.91666e-05
-0.14    8.94406e-05
-0.12    8.96848e-05
-0.1    8.98989e-05
-0.08    9.00825e-05
-0.06    9.02355e-05
-0.04    9.03575e-05
-0.02    9.04485e-05
-1.80342e-14    9.05081e-05
0.02    9.05362e-05
0.04    9.05327e-05
0.06    9.04974e-05
0.08    9.04304e-05
0.1    9.03315e-05
0.12    9.02007e-05
0.14    9.0038e-05
0.16    8.98435e-05
0.18    8.96172e-05
0.2    8.93593e-05
0.22    8.90698e-05
0.24    8.87489e-05
0.26    8.83969e-05
0.28    8.80139e-05
0.3    8.76002e-05
0.32    8.71562e-05
0.34    8.6682e-05
0.36    8.61782e-05
0.38    8.56451e-05
0.4    8.50831e-05
0.42    8.44927e-05
0.44    8.38744e-05
0.46    8.32287e-05
0.48    8.25562e-05
0.5    8.18575e-05
0.52    8.11331e-05
0.54    8.03837e-05
0.56    7.96101e-05
0.58    7.88129e-05
0.6    7.79928e-05
0.62    7.71507e-05
0.64    7.62873e-05
0.66    7.54034e-05
0.68    7.44998e-05
0.7    7.35774e-05
0.72    7.26371e-05
0.74    7.16798e-05
0.76    7.07064e-05
0.78    6.97177e-05
0.8    6.87148e-05
0.82    6.76986e-05
0.84    6.667e-05
0.86    6.56301e-05
0.88    6.45797e-05
0.9    6.35199e-05
0.92    6.24516e-05
0.94    6.13759e-05
0.96    6.02936e-05
0.98    5.92058e-05
1    5.81134e-05
1.02    5.70174e-05
1.04    5.59188e-05
1.06    5.48185e-05
1.08    5.37173e-05
1.1    5.26163e-05
1.12    5.15163e-05
1.14    5.04182e-05
1.16    4.93228e-05
1.18    4.82311e-05
1.2    4.71437e-05
1.22    4.60615e-05
1.24    4.49853e-05
1.26    4.39158e-05
1.28    4.28537e-05
1.3    4.17996e-05
1.32    4.07544e-05
1.34    3.97185e-05
1.36    3.86925e-05
1.38    3.76771e-05
1.4    3.66727e-05
1.42    3.56799e-05
1.44    3.46992e-05
1.46    3.37308e-05
1.48    3.27754e-05
1.5    3.18332e-05
1.52    3.09045e-05
1.54    2.99898e-05
1.56    2.90892e-05
1.58    2.8203e-05
1.6    2.73314e-05
1.62    2.64747e-05
1.64    2.56329e-05
1.66    2.48062e-05
1.68    2.39946e-05
1.7    2.31984e-05
1.72    2.24175e-05
1.74    2.16519e-05
1.76    2.09017e-05
1.78    2.01668e-05
1.8    1.94472e-05
1.82    1.87429e-05
1.84    1.80537e-05
1.86    1.73796e-05
1.88    1.67204e-05
1.9    1.60761e-05
1.92    1.54465e-05
1.94    1.48315e-05
1.96    1.42309e-05
1.98    1.36446e-05
2    1.30724e-05
2.02    1.25141e-05
2.04    1.19697e-05
2.06    1.14388e-05
2.08    1.09215e-05
2.1    1.04174e-05
2.12    9.92652e-06
2.14    9.44865e-06
2.16    8.98368e-06
2.18    8.53148e-06
2.2    8.09194e-06
2.22    7.66498e-06
2.24    7.25051e-06
2.26    6.84845e-06
2.28    6.45877e-06
2.3    6.08143e-06
2.32    5.71639e-06
2.34    5.36367e-06
2.36    5.02324e-06
2.38    4.69515e-06
2.4    4.3794e-06
2.42    4.07602e-06
2.44    3.78505e-06
2.46    3.50652e-06
2.48    3.24045e-06
2.5    2.98686e-06
2.52    2.74575e-06
2.54    2.51709e-06
2.56    2.30086e-06
2.58    2.09697e-06
2.6    1.90533e-06
2.62    1.72579e-06
2.64    1.55817e-06
2.66    1.40224e-06
2.68    1.25775e-06
2.7    1.12437e-06
2.72    1.00175e-06
2.74    8.89484e-07
2.76    7.87145e-07
2.78    6.94255e-07
2.8    6.10312e-07
2.82    5.34791e-07
2.84    4.67147e-07
2.86    4.06827e-07
2.88    3.53273e-07
2.9    3.05933e-07
2.92    2.6426e-07
2.94    2.27728e-07
2.96    1.95829e-07
2.98    1.6808e-07
3    1.44028e-07
3.02    1.2325e-07
3.04    1.05356e-07
3.06    8.99909e-08
3.08    7.68303e-08
3.1    6.55838e-08
3.12    5.59921e-08
3.14    4.78253e-08
3.16    4.08811e-08
3.18    3.49827e-08
3.2    2.9976e-08
3.22    2.57281e-08
3.24    2.21243e-08
3.26    1.90663e-08
3.28    1.64703e-08
3.3    1.42647e-08
3.32    1.2389e-08
3.34    1.07918e-08
3.36    9.42987e-09
3.38    8.26654e-09
3.4    7.27102e-09
3.42    6.41739e-09
3.44    5.68385e-09
3.46    5.05205e-09
3.48    4.50659e-09
3.5    4.03449e-09
3.52    3.62484e-09
3.54    3.26844e-09
3.56    2.95755e-09
3.58    2.68561e-09
3.6    2.4471e-09
3.62    2.23735e-09
3.64    2.05237e-09
3.66    1.8888e-09
3.68    1.74377e-09
3.7    1.61484e-09
3.72    1.49991e-09
3.74    1.3972e-09
3.76    1.30517e-09
3.78    1.2225e-09
3.8    1.14806e-09
3.82    1.08087e-09
3.84    1.02007e-09
3.86    9.64939e-10
3.88    9.14824e-10
3.9    8.69173e-10
3.92    8.27497e-10
3.94    7.89372e-10
3.96    7.54423e-10
3.98    7.22323e-10
4    6.92782e-10
4.02    6.65547e-10
4.04    6.4039e-10
4.06    6.17114e-10
4.08    5.95539e-10
4.1    5.7551e-10
4.12    5.56886e-10
4.14    5.3954e-10
4.16    5.23362e-10
4.18    5.0825e-10
4.2    4.94115e-10
4.22    4.80876e-10
4.24    4.6846e-10
4.26    4.568e-10
4.28    4.45839e-10
4.3    4.35521e-10
4.32    4.25799e-10
4.34    4.16628e-10
4.36    4.07969e-10
4.38    3.99784e-10
4.4    3.92041e-10
4.42    3.84709e-10
4.44    3.77761e-10
4.46    3.71171e-10
4.48    3.64916e-10
4.5    3.58975e-10
4.52    3.53328e-10
4.54    3.47958e-10
4.56    3.42848e-10
4.58    3.37982e-10
4.6    3.33347e-10
4.62    3.2893e-10
4.64    3.24719e-10
4.66    3.20702e-10
4.68    3.16869e-10
4.7    3.13212e-10
4.72    3.09719e-10
4.74    3.06385e-10
4.76    3.03199e-10
4.78    3.00157e-10
4.8    2.97249e-10
4.82    2.94472e-10
4.84    2.91817e-10
4.86    2.8928e-10
4.88    2.86855e-10
4.9    2.84538e-10
4.92    2.82324e-10
4.94    2.80207e-10
4.96    2.78185e-10
4.98    2.76253e-10
