-5    1.02797e-08
-4.98    1.03565e-08
-4.96    1.04359e-08
-4.94    1.0518e-08
-4.92    1.06028e-08
-4.9    1.06906e-08
-4.88    1.07815e-08
-4.86    1.08755e-08
-4.84    1.09729e-08
-4.82    1.10737e-08
-4.8    1.11781e-08
-4.78    1.12864e-08
-4.76    1.13985e-08
-4.74    1.15148e-08
-4.72    1.16354e-08
-4.7    1.17605e-08
-4.68    1.18903e-08
-4.66    1.20251e-08
-4.64    1.2165e-08
-4.62    1.23104e-08
-4.6    1.24614e-08
-4.58    1.26184e-08
-4.56    1.27817e-08
-4.54    1.29515e-08
-4.52    1.31282e-08
-4.5    1.33121e-08
-4.48    1.35036e-08
-4.46    1.3703e-08
-4.44    1.39109e-08
-4.42    1.41276e-08
-4.4    1.43536e-08
-4.38    1.45894e-08
-4.36    1.48355e-08
-4.34    1.50924e-08
-4.32    1.53608e-08
-4.3    1.56413e-08
-4.28    1.59346e-08
-4.26    1.62413e-08
-4.24    1.65622e-08
-4.22    1.68983e-08
-4.2    1.72502e-08
-4.18    1.76189e-08
-4.16    1.80055e-08
-4.14    1.84109e-08
-4.12    1.88364e-08
-4.1    1.92831e-08
-4.08    1.97522e-08
-4.06    2.02452e-08
-4.04    2.07636e-08
-4.02    2.13089e-08
-4    2.18829e-08
-3.98    2.24873e-08
-3.96    2.3124e-08
-3.94    2.37953e-08
-3.92    2.45033e-08
-3.9    2.52504e-08
-3.88    2.60392e-08
-3.86    2.68725e-08
-3.84    2.77533e-08
-3.82    2.86849e-08
-3.8    2.96706e-08
-3.78    3.07141e-08
-3.76    3.18196e-08
-3.74    3.29912e-08
-3.72    3.42337e-08
-3.7    3.5552e-08
-3.68    3.69515e-08
-3.66    3.8438e-08
-3.64    4.00178e-08
-3.62    4.16976e-08
-3.6    4.34846e-08
-3.58    4.53868e-08
-3.56    4.74124e-08
-3.54    4.95707e-08
-3.52    5.18714e-08
-3.5    5.4325e-08
-3.48    5.6943e-08
-3.46    5.97376e-08
-3.44    6.2722e-08
-3.42    6.59104e-08
-3.4    6.93182e-08
-3.38    7.29617e-08
-3.36    7.68588e-08
-3.34    8.10284e-08
-3.32    8.54911e-08
-3.3    9.02688e-08
-3.28    9.53852e-08
-3.26    1.00866e-07
-3.24    1.06737e-07
-3.22    1.13029e-07
-3.2    1.19772e-07
-3.18    1.26999e-07
-3.16    1.34747e-07
-3.14    1.43053e-07
-3.12    1.51957e-07
-3.1    1.61502e-07
-3.08    1.71735e-07
-3.06    1.82704e-07
-3.04    1.9446e-07
-3.02    2.07058e-07
-3    2.20555e-07
-2.98    2.35013e-07
-2.96    2.50495e-07
-2.94    2.67069e-07
-2.92    2.84806e-07
-2.9    3.0378e-07
-2.88    3.24068e-07
-2.86    3.45751e-07
-2.84    3.68915e-07
-2.82    3.93645e-07
-2.8    4.20034e-07
-2.78    4.48175e-07
-2.76    4.78164e-07
-2.74    5.10103e-07
-2.72    5.44092e-07
-2.7    5.80236e-07
-2.68    6.18643e-07
-2.66    6.59421e-07
-2.64    7.02679e-07
-2.62    7.48531e-07
-2.6    7.97088e-07
-2.58    8.48463e-07
-2.56    9.02769e-07
-2.54    9.6012e-07
-2.52    1.02063e-06
-2.5    1.0844e-06
-2.48    1.15156e-06
-2.46    1.2222e-06
-2.44    1.29643e-06
-2.42    1.37436e-06
-2.4    1.45608e-06
-2.38    1.5417e-06
-2.36    1.63131e-06
-2.34    1.72499e-06
-2.32    1.82284e-06
-2.3    1.92493e-06
-2.28    2.03134e-06
-2.26    2.14215e-06
-2.24    2.25743e-06
-2.22    2.37723e-06
-2.2    2.50162e-06
-2.18    2.63066e-06
-2.16    2.76439e-06
-2.14    2.90286e-06
-2.12    3.04612e-06
-2.1    3.1942e-06
-2.08    3.34715e-06
-2.06    3.505e-06
-2.04    3.66779e-06
-2.02    3.83554e-06
-2    4.0083e-06
-1.98    4.18608e-06
-1.96    4.36892e-06
-1.94    4.55686e-06
-1.92    4.74993e-06
-1.9    4.94816e-06
-1.88    5.15159e-06
-1.86    5.36027e-06
-1.84    5.57425e-06
-1.82    5.79357e-06
-1.8    6.01829e-06
-1.78    6.24848e-06
-1.76    6.48419e-06
-1.74    6.72551e-06
-1.72    6.9725e-06
-1.7    7.22527e-06
-1.68    7.48389e-06
-1.66    7.74846e-06
-1.64    8.01909e-06
-1.62    8.29588e-06
-1.6    8.57894e-06
-1.58    8.86838e-06
-1.56    9.16433e-06
-1.54    9.46688e-06
-1.52    9.77616e-06
-1.5    1.00923e-05
-1.48    1.04153e-05
-1.46    1.07454e-05
-1.44    1.10826e-05
-1.42    1.14269e-05
-1.4    1.17785e-05
-1.38    1.21374e-05
-1.36    1.25034e-05
-1.34    1.28768e-05
-1.32    1.32572e-05
-1.3    1.36448e-05
-1.28    1.40393e-05
-1.26    1.44405e-05
-1.24    1.48483e-05
-1.22    1.52622e-05
-1.2    1.56821e-05
-1.18    1.61075e-05
-1.16    1.65379e-05
-1.14    1.69728e-05
-1.12    1.74118e-05
-1.1    1.78541e-05
-1.08    1.82991e-05
-1.06    1.8746e-05
-1.04    1.91942e-05
-1.02    1.96427e-05
-1    2.00908e-05
-0.98    2.05376e-05
-0.96    2.09822e-05
-0.94    2.14238e-05
-0.92    2.18615e-05
-0.9    2.22943e-05
-0.88    2.27215e-05
-0.86    2.31423e-05
-0.84    2.35559e-05
-0.82    2.39616e-05
-0.8    2.43586e-05
-0.78    2.47465e-05
-0.76    2.51246e-05
-0.74    2.54925e-05
-0.72    2.58497e-05
-0.7    2.6196e-05
-0.68    2.6531e-05
-0.66    2.68546e-05
-0.64    2.71666e-05
-0.62    2.7467e-05
-0.6    2.77557e-05
-0.58    2.80327e-05
-0.56    2.82981e-05
-0.54    2.85522e-05
-0.52    2.87949e-05
-0.5    2.90265e-05
-0.48    2.92472e-05
-0.46    2.94572e-05
-0.44    2.96568e-05
-0.42    2.98463e-05
-0.4    3.00259e-05
-0.38    3.01959e-05
-0.36    3.03565e-05
-0.34    3.05081e-05
-0.32    3.06509e-05
-0.3    3.07852e-05
-0.28    3.09111e-05
-0.26    3.1029e-05
-0.24    3.11391e-05
-0.22    3.12416e-05
-0.2    3.13366e-05
-0.18    3.14244e-05
-0.16    3.1505e-05
-0.14    3.15788e-05
-0.12    3.16456e-05
-0.1    3.17058e-05
-0.08    3.17593e-05
-0.06    3.18062e-05
-0.04    3.18465e-05
-0.02    3.18802e-05
-1.80342e-14    3.19074e-05
0.02    3.19279e-05
0.04    3.19418e-05
0.06    3.1949e-05
0.08    3.19492e-05
0.1    3.19425e-05
0.12    3.19286e-05
0.14    3.19073e-05
0.16    3.18784e-05
0.18    3.18417e-05
0.2    3.17969e-05
0.22    3.17436e-05
0.24    3.16816e-05
0.26    3.16104e-05
0.28    3.15297e-05
0.3    3.1439e-05
0.32    3.1338e-05
0.34    3.1226e-05
0.36    3.11027e-05
0.38    3.09675e-05
0.4    3.08199e-05
0.42    3.06594e-05
0.44    3.04853e-05
0.46    3.02973e-05
0.48    3.00948e-05
0.5    2.98773e-05
0.52    2.96445e-05
0.54    2.93958e-05
0.56    2.91311e-05
0.58    2.88501e-05
0.6    2.85526e-05
0.62    2.82388e-05
0.64    2.79087e-05
0.66    2.75627e-05
0.68    2.72012e-05
0.7    2.68248e-05
0.72    2.64343e-05
0.74    2.60309e-05
0.76    2.56155e-05
0.78    2.51896e-05
0.8    2.47546e-05
0.82    2.43122e-05
0.84    2.3864e-05
0.86    2.34118e-05
0.88    2.29575e-05
0.9    2.25028e-05
0.92    2.20496e-05
0.94    2.15994e-05
0.96    2.11539e-05
0.98    2.07145e-05
1    2.02825e-05
1.02    1.98588e-05
1.04    1.94444e-05
1.06    1.90398e-05
1.08    1.86454e-05
1.1    1.82615e-05
1.12    1.78879e-05
1.14    1.75244e-05
1.16    1.71706e-05
1.18    1.68258e-05
1.2    1.64892e-05
1.22    1.61601e-05
1.24    1.58373e-05
1.26    1.55198e-05
1.28    1.52064e-05
1.3    1.48961e-05
1.32    1.45875e-05
1.34    1.42797e-05
1.36    1.39715e-05
1.38    1.36621e-05
1.4    1.33505e-05
1.42    1.30362e-05
1.44    1.27185e-05
1.46    1.23973e-05
1.48    1.20723e-05
1.5    1.17439e-05
1.52    1.14122e-05
1.54    1.10779e-05
1.56    1.07418e-05
1.58    1.04048e-05
1.6    1.00679e-05
1.62    9.73241e-06
1.64    9.39936e-06
1.66    9.06993e-06
1.68    8.74518e-06
1.7    8.42602e-06
1.72    8.11317e-06
1.74    7.80716e-06
1.76    7.5083e-06
1.78    7.21669e-06
1.8    6.93228e-06
1.82    6.65483e-06
1.84    6.38408e-06
1.86    6.1197e-06
1.88    5.86141e-06
1.9    5.60902e-06
1.92    5.36247e-06
1.94    5.12183e-06
1.96    4.88735e-06
1.98    4.65941e-06
2    4.43852e-06
2.02    4.22524e-06
2.04    4.0202e-06
2.06    3.82398e-06
2.08    3.63711e-06
2.1    3.46004e-06
2.12    3.29308e-06
2.14    3.1364e-06
2.16    2.99006e-06
2.18    2.85396e-06
2.2    2.72789e-06
2.22    2.61155e-06
2.24    2.50453e-06
2.26    2.40638e-06
2.28    2.3166e-06
2.3    2.23467e-06
2.32    2.16004e-06
2.34    2.09218e-06
2.36    2.03058e-06
2.38    1.97471e-06
2.4    1.92411e-06
2.42    1.87832e-06
2.44    1.83691e-06
2.46    1.7995e-06
2.48    1.76571e-06
2.5    1.73521e-06
2.52    1.7077e-06
2.54    1.68288e-06
2.56    1.66052e-06
2.58    1.64037e-06
2.6    1.62221e-06
2.62    1.60587e-06
2.64    1.59116e-06
2.66    1.57793e-06
2.68    1.56603e-06
2.7    1.55534e-06
2.72    1.54574e-06
2.74    1.53711e-06
2.76    1.52938e-06
2.78    1.52245e-06
2.8    1.51623e-06
2.82    1.51068e-06
2.84    1.50571e-06
2.86    1.50127e-06
2.88    1.49731e-06
2.9    1.49378e-06
2.92    1.49065e-06
2.94    1.48786e-06
2.96    1.4854e-06
2.98    1.48322e-06
3    1.48129e-06
3.02    1.4796e-06
3.04    1.47812e-06
3.06    1.47683e-06
3.08    1.4757e-06
3.1    1.47473e-06
3.12    1.47389e-06
3.14    1.47318e-06
3.16    1.47258e-06
3.18    1.47208e-06
3.2    1.47166e-06
3.22    1.47133e-06
3.24    1.47107e-06
3.26    1.47087e-06
3.28    1.47072e-06
3.3    1.47063e-06
3.32    1.47059e-06
3.34    1.47058e-06
3.36    1.47061e-06
3.38    1.47067e-06
3.4    1.47076e-06
3.42    1.47088e-06
3.44    1.47101e-06
3.46    1.47117e-06
3.48    1.47134e-06
3.5    1.47152e-06
3.52    1.47172e-06
3.54    1.47193e-06
3.56    1.47215e-06
3.58    1.47237e-06
3.6    1.47261e-06
3.62    1.47284e-06
3.64    1.47309e-06
3.66    1.47333e-06
3.68    1.47358e-06
3.7    1.47383e-06
3.72    1.47408e-06
3.74    1.47433e-06
3.76    1.47458e-06
3.78    1.47483e-06
3.8    1.47508e-06
3.82    1.47533e-06
3.84    1.47557e-06
3.86    1.47582e-06
3.88    1.47606e-06
3.9    1.4763e-06
3.92    1.47654e-06
3.94    1.47678e-06
3.96    1.47701e-06
3.98    1.47724e-06
4    1.47747e-06
4.02    1.47769e-06
4.04    1.47791e-06
4.06    1.47813e-06
4.08    1.47835e-06
4.1    1.47856e-06
4.12    1.47877e-06
4.14    1.47897e-06
4.16    1.47917e-06
4.18    1.47937e-06
4.2    1.47957e-06
4.22    1.47976e-06
4.24    1.47995e-06
4.26    1.48013e-06
4.28    1.48031e-06
4.3    1.48049e-06
4.32    1.48067e-06
4.34    1.48084e-06
4.36    1.48101e-06
4.38    1.48118e-06
4.4    1.48134e-06
4.42    1.4815e-06
4.44    1.48166e-06
4.46    1.48182e-06
4.48    1.48197e-06
4.5    1.48212e-06
4.52    1.48227e-06
4.54    1.48241e-06
4.56    1.48255e-06
4.58    1.48269e-06
4.6    1.48283e-06
4.62    1.48296e-06
4.64    1.48309e-06
4.66    1.48322e-06
4.68    1.48334e-06
4.7    1.48347e-06
4.72    1.48359e-06
4.74    1.48371e-06
4.76    1.48383e-06
4.78    1.48394e-06
4.8    1.48405e-06
4.82    1.48416e-06
4.84    1.48427e-06
4.86    1.48438e-06
4.88    1.48448e-06
4.9    1.48458e-06
4.92    1.48468e-06
4.94    1.48478e-06
4.96    1.48488e-06
4.98    1.48497e-06
