-5    0.986345
-4.98    0.986345
-4.96    0.986345
-4.94    0.986345
-4.92    0.986345
-4.9    0.986345
-4.88    0.986345
-4.86    0.986345
-4.84    0.986345
-4.82    0.986345
-4.8    0.986345
-4.78    0.986345
-4.76    0.986345
-4.74    0.986345
-4.72    0.986345
-4.7    0.986345
-4.68    0.986345
-4.66    0.986345
-4.64    0.986345
-4.62    0.986345
-4.6    0.986345
-4.58    0.986345
-4.56    0.986345
-4.54    0.986345
-4.52    0.986345
-4.5    0.986345
-4.48    0.986345
-4.46    0.986345
-4.44    0.986345
-4.42    0.986345
-4.4    0.986345
-4.38    0.986345
-4.36    0.986345
-4.34    0.986345
-4.32    0.986345
-4.3    0.986345
-4.28    0.986345
-4.26    0.986345
-4.24    0.986345
-4.22    0.986345
-4.2    0.986345
-4.18    0.986345
-4.16    0.986345
-4.14    0.986345
-4.12    0.986345
-4.1    0.986345
-4.08    0.986345
-4.06    0.986345
-4.04    0.986345
-4.02    0.986345
-4    0.986345
-3.98    0.986345
-3.96    0.986345
-3.94    0.986345
-3.92    0.986345
-3.9    0.986345
-3.88    0.986345
-3.86    0.986345
-3.84    0.986345
-3.82    0.986345
-3.8    0.986345
-3.78    0.986345
-3.76    0.986345
-3.74    0.986345
-3.72    0.986345
-3.7    0.986345
-3.68    0.986345
-3.66    0.986345
-3.64    0.986345
-3.62    0.986345
-3.6    0.986345
-3.58    0.986345
-3.56    0.986345
-3.54    0.986345
-3.52    0.986345
-3.5    0.986345
-3.48    0.986345
-3.46    0.986345
-3.44    0.986345
-3.42    0.986345
-3.4    0.986345
-3.38    0.986345
-3.36    0.986345
-3.34    0.986345
-3.32    0.986345
-3.3    0.986345
-3.28    0.986345
-3.26    0.986345
-3.24    0.986345
-3.22    0.986345
-3.2    0.986345
-3.18    0.986345
-3.16    0.986345
-3.14    0.986345
-3.12    0.986345
-3.1    0.986345
-3.08    0.986345
-3.06    0.986345
-3.04    0.986345
-3.02    0.986345
-3    0.986345
-2.98    0.986345
-2.96    0.986345
-2.94    0.986345
-2.92    0.986345
-2.9    0.986345
-2.88    0.986345
-2.86    0.986345
-2.84    0.986345
-2.82    0.986345
-2.8    0.986345
-2.78    0.986345
-2.76    0.986345
-2.74    0.986345
-2.72    0.986345
-2.7    0.986345
-2.68    0.986345
-2.66    0.986345
-2.64    0.986345
-2.62    0.986345
-2.6    0.986345
-2.58    0.986345
-2.56    0.986345
-2.54    0.986345
-2.52    0.986345
-2.5    0.986345
-2.48    0.986345
-2.46    0.986345
-2.44    0.986345
-2.42    0.986345
-2.4    0.986345
-2.38    0.986345
-2.36    0.986345
-2.34    0.986345
-2.32    0.986345
-2.3    0.986345
-2.28    0.986345
-2.26    0.986345
-2.24    0.986345
-2.22    0.986345
-2.2    0.986345
-2.18    0.986345
-2.16    0.986345
-2.14    0.986345
-2.12    0.986345
-2.1    0.986345
-2.08    0.986345
-2.06    0.986345
-2.04    0.986345
-2.02    0.986345
-2    0.986345
-1.98    0.986345
-1.96    0.986345
-1.94    0.986345
-1.92    0.986345
-1.9    0.986345
-1.88    0.986345
-1.86    0.986345
-1.84    0.986345
-1.82    0.986345
-1.8    0.986345
-1.78    0.986345
-1.76    0.986345
-1.74    0.986345
-1.72    0.986345
-1.7    0.986345
-1.68    0.986345
-1.66    0.986345
-1.64    0.986345
-1.62    0.986345
-1.6    0.986345
-1.58    0.986345
-1.56    0.986345
-1.54    0.986345
-1.52    0.986345
-1.5    0.986345
-1.48    0.986345
-1.46    0.986345
-1.44    0.986345
-1.42    0.986345
-1.4    0.986345
-1.38    0.986345
-1.36    0.986345
-1.34    0.986345
-1.32    0.986345
-1.3    0.986345
-1.28    0.986345
-1.26    0.986345
-1.24    0.986345
-1.22    0.986345
-1.2    0.986345
-1.18    0.986345
-1.16    0.986345
-1.14    0.986345
-1.12    0.986345
-1.1    0.986345
-1.08    0.986345
-1.06    0.986345
-1.04    0.986345
-1.02    0.986344
-1    0.986344
-0.98    0.986344
-0.96    0.986344
-0.94    0.986344
-0.92    0.986344
-0.9    0.986344
-0.88    0.986344
-0.86    0.986344
-0.84    0.986344
-0.82    0.986344
-0.8    0.986344
-0.78    0.986344
-0.76    0.986344
-0.74    0.986344
-0.72    0.986344
-0.7    0.986344
-0.68    0.986344
-0.66    0.986344
-0.64    0.986344
-0.62    0.986344
-0.6    0.986343
-0.58    0.986343
-0.56    0.986343
-0.54    0.986343
-0.52    0.986342
-0.5    0.986341
-0.48    0.986341
-0.46    0.98634
-0.44    0.986339
-0.42    0.986338
-0.4    0.986336
-0.38    0.986334
-0.36    0.986331
-0.34    0.986328
-0.32    0.986325
-0.3    0.98632
-0.28    0.986314
-0.26    0.986307
-0.24    0.986299
-0.22    0.986288
-0.2    0.986276
-0.18    0.98626
-0.16    0.986241
-0.14    0.986218
-0.12    0.986189
-0.1    0.986155
-0.08    0.986114
-0.06    0.986065
-0.04    0.986006
-0.02    0.985937
-1.80342e-14    0.985857
0.02    0.985765
0.04    0.985662
0.06    0.985548
0.08    0.985427
0.1    0.985301
0.12    0.985176
0.14    0.985058
0.16    0.984952
0.18    0.984862
0.2    0.98479
0.22    0.984737
0.24    0.984699
0.26    0.984674
0.28    0.984659
0.3    0.984649
0.32    0.984643
0.34    0.98464
0.36    0.984638
0.38    0.984637
0.4    0.984636
0.42    0.984636
0.44    0.984636
0.46    0.984635
0.48    0.984635
0.5    0.984635
0.52    0.984635
0.54    0.984635
0.56    0.984635
0.58    0.984635
0.6    0.984635
0.62    0.984635
0.64    0.984635
0.66    0.984635
0.68    0.984635
0.7    0.984635
0.72    0.984635
0.74    0.984635
0.76    0.984635
0.78    0.984635
0.8    0.984635
0.82    0.984635
0.84    0.984635
0.86    0.984635
0.88    0.984635
0.9    0.984635
0.92    0.984635
0.94    0.984635
0.96    0.984635
0.98    0.984635
1    0.984635
1.02    0.984635
1.04    0.984635
1.06    0.984635
1.08    0.984635
1.1    0.984635
1.12    0.984635
1.14    0.984635
1.16    0.984635
1.18    0.984635
1.2    0.984635
1.22    0.984635
1.24    0.984635
1.26    0.984635
1.28    0.984635
1.3    0.984635
1.32    0.984635
1.34    0.984635
1.36    0.984635
1.38    0.984635
1.4    0.984635
1.42    0.984635
1.44    0.984635
1.46    0.984635
1.48    0.984635
1.5    0.984635
1.52    0.984635
1.54    0.984635
1.56    0.984635
1.58    0.984635
1.6    0.984635
1.62    0.984635
1.64    0.984635
1.66    0.984635
1.68    0.984635
1.7    0.984635
1.72    0.984635
1.74    0.984635
1.76    0.984635
1.78    0.984635
1.8    0.984635
1.82    0.984635
1.84    0.984635
1.86    0.984635
1.88    0.984635
1.9    0.984635
1.92    0.984635
1.94    0.984635
1.96    0.984635
1.98    0.984635
2    0.984635
2.02    0.984635
2.04    0.984635
2.06    0.984635
2.08    0.984635
2.1    0.984635
2.12    0.984635
2.14    0.984635
2.16    0.984635
2.18    0.984635
2.2    0.984635
2.22    0.984635
2.24    0.984635
2.26    0.984635
2.28    0.984635
2.3    0.984635
2.32    0.984635
2.34    0.984635
2.36    0.984635
2.38    0.984635
2.4    0.984635
2.42    0.984635
2.44    0.984635
2.46    0.984635
2.48    0.984635
2.5    0.984635
2.52    0.984635
2.54    0.984635
2.56    0.984635
2.58    0.984635
2.6    0.984635
2.62    0.984635
2.64    0.984635
2.66    0.984635
2.68    0.984635
2.7    0.984635
2.72    0.984635
2.74    0.984635
2.76    0.984635
2.78    0.984635
2.8    0.984635
2.82    0.984635
2.84    0.984635
2.86    0.984635
2.88    0.984635
2.9    0.984635
2.92    0.984635
2.94    0.984635
2.96    0.984635
2.98    0.984635
3    0.984635
3.02    0.984635
3.04    0.984635
3.06    0.984635
3.08    0.984635
3.1    0.984635
3.12    0.984635
3.14    0.984635
3.16    0.984635
3.18    0.984635
3.2    0.984635
3.22    0.984635
3.24    0.984635
3.26    0.984635
3.28    0.984635
3.3    0.984635
3.32    0.984635
3.34    0.984635
3.36    0.984635
3.38    0.984635
3.4    0.984635
3.42    0.984635
3.44    0.984635
3.46    0.984635
3.48    0.984635
3.5    0.984635
3.52    0.984635
3.54    0.984635
3.56    0.984635
3.58    0.984635
3.6    0.984635
3.62    0.984635
3.64    0.984635
3.66    0.984635
3.68    0.984635
3.7    0.984635
3.72    0.984635
3.74    0.984635
3.76    0.984635
3.78    0.984635
3.8    0.984635
3.82    0.984635
3.84    0.984635
3.86    0.984635
3.88    0.984635
3.9    0.984635
3.92    0.984635
3.94    0.984635
3.96    0.984635
3.98    0.984635
4    0.984635
4.02    0.984635
4.04    0.984635
4.06    0.984635
4.08    0.984635
4.1    0.984635
4.12    0.984635
4.14    0.984635
4.16    0.984635
4.18    0.984635
4.2    0.984635
4.22    0.984635
4.24    0.984635
4.26    0.984635
4.28    0.984635
4.3    0.984635
4.32    0.984635
4.34    0.984635
4.36    0.984635
4.38    0.984635
4.4    0.984635
4.42    0.984635
4.44    0.984635
4.46    0.984635
4.48    0.984635
4.5    0.984635
4.52    0.984635
4.54    0.984635
4.56    0.984635
4.58    0.984635
4.6    0.984635
4.62    0.984635
4.64    0.984635
4.66    0.984635
4.68    0.984635
4.7    0.984635
4.72    0.984635
4.74    0.984635
4.76    0.984635
4.78    0.984635
4.8    0.984635
4.82    0.984635
4.84    0.984635
4.86    0.984635
4.88    0.984635
4.9    0.984635
4.92    0.984635
4.94    0.984635
4.96    0.984635
4.98    0.984635
