-5    3.14062e-06
-4.98    3.14029e-06
-4.96    3.13996e-06
-4.94    3.13964e-06
-4.92    3.13933e-06
-4.9    3.13902e-06
-4.88    3.13872e-06
-4.86    3.13842e-06
-4.84    3.13813e-06
-4.82    3.13785e-06
-4.8    3.13758e-06
-4.78    3.13731e-06
-4.76    3.13705e-06
-4.74    3.13681e-06
-4.72    3.13657e-06
-4.7    3.13634e-06
-4.68    3.13612e-06
-4.66    3.13592e-06
-4.64    3.13572e-06
-4.62    3.13554e-06
-4.6    3.13538e-06
-4.58    3.13523e-06
-4.56    3.13509e-06
-4.54    3.13498e-06
-4.52    3.13488e-06
-4.5    3.1348e-06
-4.48    3.13475e-06
-4.46    3.13471e-06
-4.44    3.1347e-06
-4.42    3.13472e-06
-4.4    3.13477e-06
-4.38    3.13484e-06
-4.36    3.13495e-06
-4.34    3.1351e-06
-4.32    3.13528e-06
-4.3    3.13551e-06
-4.28    3.13578e-06
-4.26    3.13609e-06
-4.24    3.13646e-06
-4.22    3.13689e-06
-4.2    3.13738e-06
-4.18    3.13793e-06
-4.16    3.13855e-06
-4.14    3.13925e-06
-4.12    3.14003e-06
-4.1    3.1409e-06
-4.08    3.14186e-06
-4.06    3.14294e-06
-4.04    3.14412e-06
-4.02    3.14542e-06
-4    3.14686e-06
-3.98    3.14844e-06
-3.96    3.15017e-06
-3.94    3.15207e-06
-3.92    3.15416e-06
-3.9    3.15644e-06
-3.88    3.15893e-06
-3.86    3.16165e-06
-3.84    3.16462e-06
-3.82    3.16786e-06
-3.8    3.17139e-06
-3.78    3.17524e-06
-3.76    3.17944e-06
-3.74    3.18401e-06
-3.72    3.18898e-06
-3.7    3.1944e-06
-3.68    3.20029e-06
-3.66    3.2067e-06
-3.64    3.21368e-06
-3.62    3.22127e-06
-3.6    3.22953e-06
-3.58    3.23851e-06
-3.56    3.24828e-06
-3.54    3.25891e-06
-3.52    3.27047e-06
-3.5    3.28305e-06
-3.48    3.29675e-06
-3.46    3.31166e-06
-3.44    3.32789e-06
-3.42    3.34557e-06
-3.4    3.36483e-06
-3.38    3.38582e-06
-3.36    3.40871e-06
-3.34    3.43368e-06
-3.32    3.46093e-06
-3.3    3.49069e-06
-3.28    3.52321e-06
-3.26    3.55876e-06
-3.24    3.59765e-06
-3.22    3.64025e-06
-3.2    3.68693e-06
-3.18    3.73813e-06
-3.16    3.79436e-06
-3.14    3.85617e-06
-3.12    3.92419e-06
-3.1    3.99914e-06
-3.08    4.08184e-06
-3.06    4.17322e-06
-3.04    4.27434e-06
-3.02    4.38643e-06
-3    4.5109e-06
-2.98    4.64937e-06
-2.96    4.80372e-06
-2.94    4.97612e-06
-2.92    5.16914e-06
-2.9    5.38571e-06
-2.88    5.62931e-06
-2.86    5.90402e-06
-2.84    6.2146e-06
-2.82    6.56669e-06
-2.8    6.96693e-06
-2.78    7.42318e-06
-2.76    7.94469e-06
-2.74    8.54242e-06
-2.72    9.22928e-06
-2.7    1.00205e-05
-2.68    1.09339e-05
-2.66    1.19902e-05
-2.64    1.32137e-05
-2.62    1.46318e-05
-2.6    1.6276e-05
-2.58    1.8181e-05
-2.56    2.0385e-05
-2.54    2.2928e-05
-2.52    2.58514e-05
-2.5    2.91951e-05
-2.48    3.29955e-05
-2.46    3.72821e-05
-2.44    4.20741e-05
-2.42    4.73773e-05
-2.4    5.31816e-05
-2.38    5.94598e-05
-2.36    6.61681e-05
-2.34    7.32487e-05
-2.32    8.06337e-05
-2.3    8.82513e-05
-2.28    9.60312e-05
-2.26    0.000103911
-2.24    0.000111839
-2.22    0.000119782
-2.2    0.000127718
-2.18    0.000135643
-2.16    0.000143567
-2.14    0.000151509
-2.12    0.000159495
-2.1    0.000167557
-2.08    0.000175726
-2.06    0.000184034
-2.04    0.000192508
-2.02    0.000201173
-2    0.000210047
-1.98    0.000219142
-1.96    0.000228467
-1.94    0.000238022
-1.92    0.000247803
-1.9    0.000257804
-1.88    0.000268012
-1.86    0.00027841
-1.84    0.000288981
-1.82    0.000299707
-1.8    0.000310565
-1.78    0.000321535
-1.76    0.000332599
-1.74    0.000343738
-1.72    0.000354935
-1.7    0.000366178
-1.68    0.000377458
-1.66    0.000388767
-1.64    0.000400104
-1.62    0.000411471
-1.6    0.000422875
-1.58    0.000434327
-1.56    0.000445844
-1.54    0.000457446
-1.52    0.000469157
-1.5    0.000481007
-1.48    0.000493029
-1.46    0.000505259
-1.44    0.000517737
-1.42    0.000530505
-1.4    0.000543608
-1.38    0.000557091
-1.36    0.000571001
-1.34    0.000585384
-1.32    0.000600285
-1.3    0.000615746
-1.28    0.000631806
-1.26    0.000648497
-1.24    0.000665847
-1.22    0.000683873
-1.2    0.000702583
-1.18    0.000721973
-1.16    0.000742028
-1.14    0.000762718
-1.12    0.000784
-1.1    0.000805818
-1.08    0.000828103
-1.06    0.000850776
-1.04    0.000873753
-1.02    0.000896945
-1    0.000920264
-0.98    0.000943625
-0.96    0.000966953
-0.94    0.000990183
-0.92    0.00101326
-0.9    0.00103615
-0.88    0.00105881
-0.86    0.00108124
-0.84    0.0011034
-0.82    0.0011253
-0.8    0.00114691
-0.78    0.00116821
-0.76    0.00118919
-0.74    0.00120982
-0.72    0.00123005
-0.7    0.00124984
-0.68    0.00126914
-0.66    0.00128792
-0.64    0.0013061
-0.62    0.00132365
-0.6    0.00134052
-0.58    0.00135666
-0.56    0.00137205
-0.54    0.00138664
-0.52    0.00140041
-0.5    0.00141336
-0.48    0.00142546
-0.46    0.00143672
-0.44    0.00144714
-0.42    0.00145673
-0.4    0.00146549
-0.38    0.00147345
-0.36    0.00148062
-0.34    0.00148703
-0.32    0.0014927
-0.3    0.00149765
-0.28    0.00150192
-0.26    0.00150553
-0.24    0.0015085
-0.22    0.00151086
-0.2    0.00151265
-0.18    0.00151387
-0.16    0.00151457
-0.14    0.00151475
-0.12    0.00151445
-0.1    0.00151368
-0.08    0.00151246
-0.06    0.00151082
-0.04    0.00150876
-0.02    0.0015063
-1.80342e-14    0.00150346
0.02    0.00150025
0.04    0.00149669
0.06    0.00149277
0.08    0.00148852
0.1    0.00148393
0.12    0.00147903
0.14    0.00147381
0.16    0.00146828
0.18    0.00146244
0.2    0.0014563
0.22    0.00144987
0.24    0.00144314
0.26    0.00143612
0.28    0.00142881
0.3    0.00142121
0.32    0.00141332
0.34    0.00140515
0.36    0.00139669
0.38    0.00138794
0.4    0.00137891
0.42    0.00136959
0.44    0.00135997
0.46    0.00135007
0.48    0.00133988
0.5    0.0013294
0.52    0.00131863
0.54    0.00130757
0.56    0.00129621
0.58    0.00128456
0.6    0.00127261
0.62    0.00126037
0.64    0.00124784
0.66    0.00123501
0.68    0.00122188
0.7    0.00120847
0.72    0.00119476
0.74    0.00118076
0.76    0.00116647
0.78    0.00115189
0.8    0.00113704
0.82    0.0011219
0.84    0.00110648
0.86    0.0010908
0.88    0.00107485
0.9    0.00105863
0.92    0.00104217
0.94    0.00102546
0.96    0.00100851
0.98    0.000991324
1    0.000973922
1.02    0.000956309
1.04    0.000938497
1.06    0.000920496
1.08    0.000902321
1.1    0.000883983
1.12    0.000865497
1.14    0.000846878
1.16    0.000828141
1.18    0.000809302
1.2    0.000790379
1.22    0.000771389
1.24    0.000752351
1.26    0.000733282
1.28    0.000714203
1.3    0.000695133
1.32    0.000676092
1.34    0.000657102
1.36    0.000638182
1.38    0.000619354
1.4    0.000600638
1.42    0.000582057
1.44    0.00056363
1.46    0.000545379
1.48    0.000527324
1.5    0.000509485
1.52    0.000491881
1.54    0.000474533
1.56    0.000457458
1.58    0.000440674
1.6    0.000424197
1.62    0.000408044
1.64    0.000392229
1.66    0.000376766
1.68    0.000361667
1.7    0.000346944
1.72    0.000332607
1.74    0.000318664
1.76    0.000305123
1.78    0.000291991
1.8    0.00027927
1.82    0.000266966
1.84    0.000255079
1.86    0.000243611
1.88    0.000232561
1.9    0.000221927
1.92    0.000211706
1.94    0.000201894
1.96    0.000192486
1.98    0.000183475
2    0.000174854
2.02    0.000166616
2.04    0.000158751
2.06    0.000151251
2.08    0.000144105
2.1    0.000137303
2.12    0.000130834
2.14    0.000124688
2.16    0.000118852
2.18    0.000113316
2.2    0.000108067
2.22    0.000103094
2.24    9.83853e-05
2.26    9.39296e-05
2.28    8.97155e-05
2.3    8.57316e-05
2.32    8.19671e-05
2.34    7.84112e-05
2.36    7.50534e-05
2.38    7.18837e-05
2.4    6.88923e-05
2.42    6.60697e-05
2.44    6.34068e-05
2.46    6.0895e-05
2.48    5.85257e-05
2.5    5.62912e-05
2.52    5.41836e-05
2.54    5.21959e-05
2.56    5.0321e-05
2.58    4.85524e-05
2.6    4.68839e-05
2.62    4.53096e-05
2.64    4.3824e-05
2.66    4.24218e-05
2.68    4.1098e-05
2.7    3.98479e-05
2.72    3.86672e-05
2.74    3.75517e-05
2.76    3.64976e-05
2.78    3.55011e-05
2.8    3.45588e-05
2.82    3.36674e-05
2.84    3.2824e-05
2.86    3.20257e-05
2.88    3.12698e-05
2.9    3.05538e-05
2.92    2.98754e-05
2.94    2.92323e-05
2.96    2.86225e-05
2.98    2.80441e-05
3    2.74952e-05
3.02    2.69741e-05
3.04    2.64793e-05
3.06    2.60092e-05
3.08    2.55624e-05
3.1    2.51377e-05
3.12    2.47338e-05
3.14    2.43495e-05
3.16    2.39837e-05
3.18    2.36355e-05
3.2    2.33038e-05
3.22    2.29878e-05
3.24    2.26866e-05
3.26    2.23995e-05
3.28    2.21256e-05
3.3    2.18643e-05
3.32    2.16149e-05
3.34    2.13769e-05
3.36    2.11495e-05
3.38    2.09324e-05
3.4    2.07248e-05
3.42    2.05265e-05
3.44    2.03368e-05
3.46    2.01554e-05
3.48    1.99819e-05
3.5    1.98158e-05
3.52    1.96568e-05
3.54    1.95046e-05
3.56    1.93589e-05
3.58    1.92192e-05
3.6    1.90854e-05
3.62    1.89572e-05
3.64    1.88343e-05
3.66    1.87164e-05
3.68    1.86034e-05
3.7    1.84949e-05
3.72    1.83909e-05
3.74    1.8291e-05
3.76    1.81952e-05
3.78    1.81032e-05
3.8    1.80148e-05
3.82    1.79299e-05
3.84    1.78484e-05
3.86    1.77701e-05
3.88    1.76948e-05
3.9    1.76225e-05
3.92    1.7553e-05
3.94    1.74861e-05
3.96    1.74218e-05
3.98    1.736e-05
4    1.73006e-05
4.02    1.72434e-05
4.04    1.71883e-05
4.06    1.71354e-05
4.08    1.70844e-05
4.1    1.70354e-05
4.12    1.69882e-05
4.14    1.69427e-05
4.16    1.68989e-05
4.18    1.68568e-05
4.2    1.68162e-05
4.22    1.67771e-05
4.24    1.67395e-05
4.26    1.67032e-05
4.28    1.66683e-05
4.3    1.66346e-05
4.32    1.66022e-05
4.34    1.65709e-05
4.36    1.65408e-05
4.38    1.65118e-05
4.4    1.64838e-05
4.42    1.64568e-05
4.44    1.64308e-05
4.46    1.64057e-05
4.48    1.63815e-05
4.5    1.63582e-05
4.52    1.63358e-05
4.54    1.63141e-05
4.56    1.62932e-05
4.58    1.6273e-05
4.6    1.62535e-05
4.62    1.62348e-05
4.64    1.62167e-05
4.66    1.61992e-05
4.68    1.61824e-05
4.7    1.61661e-05
4.72    1.61504e-05
4.74    1.61353e-05
4.76    1.61207e-05
4.78    1.61066e-05
4.8    1.6093e-05
4.82    1.60799e-05
4.84    1.60672e-05
4.86    1.6055e-05
4.88    1.60432e-05
4.9    1.60318e-05
4.92    1.60209e-05
4.94    1.60103e-05
4.96    1.6e-05
4.98    1.59901e-05
