-5    0.00396293
-4.98    0.00396288
-4.96    0.00396283
-4.94    0.00396279
-4.92    0.00396274
-4.9    0.0039627
-4.88    0.00396266
-4.86    0.00396262
-4.84    0.00396258
-4.82    0.00396255
-4.8    0.00396252
-4.78    0.0039625
-4.76    0.00396248
-4.74    0.00396247
-4.72    0.00396246
-4.7    0.00396245
-4.68    0.00396246
-4.66    0.00396247
-4.64    0.00396248
-4.62    0.00396251
-4.6    0.00396254
-4.58    0.00396259
-4.56    0.00396264
-4.54    0.0039627
-4.52    0.00396278
-4.5    0.00396287
-4.48    0.00396297
-4.46    0.00396308
-4.44    0.00396321
-4.42    0.00396335
-4.4    0.00396351
-4.38    0.00396369
-4.36    0.00396388
-4.34    0.00396409
-4.32    0.00396433
-4.3    0.00396458
-4.28    0.00396486
-4.26    0.00396516
-4.24    0.00396549
-4.22    0.00396584
-4.2    0.00396622
-4.18    0.00396663
-4.16    0.00396706
-4.14    0.00396754
-4.12    0.00396804
-4.1    0.00396858
-4.08    0.00396916
-4.06    0.00396978
-4.04    0.00397044
-4.02    0.00397114
-4    0.00397189
-3.98    0.00397269
-3.96    0.00397354
-3.94    0.00397444
-3.92    0.0039754
-3.9    0.00397642
-3.88    0.0039775
-3.86    0.00397865
-3.84    0.00397987
-3.82    0.00398116
-3.8    0.00398252
-3.78    0.00398397
-3.76    0.0039855
-3.74    0.00398712
-3.72    0.00398884
-3.7    0.00399065
-3.68    0.00399257
-3.66    0.0039946
-3.64    0.00399675
-3.62    0.00399902
-3.6    0.00400143
-3.58    0.00400397
-3.56    0.00400666
-3.54    0.0040095
-3.52    0.00401251
-3.5    0.0040157
-3.48    0.00401907
-3.46    0.00402263
-3.44    0.00402641
-3.42    0.00403042
-3.4    0.00403466
-3.38    0.00403916
-3.36    0.00404393
-3.34    0.004049
-3.32    0.00405439
-3.3    0.00406011
-3.28    0.0040662
-3.26    0.00407269
-3.24    0.0040796
-3.22    0.00408698
-3.2    0.00409486
-3.18    0.00410329
-3.16    0.00411231
-3.14    0.00412198
-3.12    0.00413236
-3.1    0.00414353
-3.08    0.00415556
-3.06    0.00416853
-3.04    0.00418254
-3.02    0.00419771
-3    0.00421417
-2.98    0.00423204
-2.96    0.00425151
-2.94    0.00427274
-2.92    0.00429595
-2.9    0.00432138
-2.88    0.00434929
-2.86    0.00438001
-2.84    0.00441387
-2.82    0.0044513
-2.8    0.00449275
-2.78    0.00453876
-2.76    0.00458994
-2.74    0.004647
-2.72    0.00471075
-2.7    0.00478211
-2.68    0.00486218
-2.66    0.00495218
-2.64    0.00505354
-2.62    0.00516792
-2.6    0.00529721
-2.58    0.00544361
-2.56    0.00560965
-2.54    0.00579823
-2.52    0.0060127
-2.5    0.00625687
-2.48    0.00653512
-2.46    0.00685242
-2.44    0.00721435
-2.42    0.00762722
-2.4    0.008098
-2.38    0.00863432
-2.36    0.00924448
-2.34    0.00993721
-2.32    0.0107216
-2.3    0.0116068
-2.28    0.0126016
-2.26    0.0137142
-2.24    0.0149513
-2.22    0.0163183
-2.2    0.017818
-2.18    0.0194509
-2.16    0.0212142
-2.14    0.0231025
-2.12    0.0251072
-2.1    0.0272172
-2.08    0.0294193
-2.06    0.0316989
-2.04    0.0340408
-2.02    0.0364298
-2    0.0388517
-1.98    0.0412936
-1.96    0.0437443
-1.94    0.0461951
-1.92    0.0486391
-1.9    0.0510719
-1.88    0.0534911
-1.86    0.0558963
-1.84    0.0582887
-1.82    0.0606708
-1.8    0.0630462
-1.78    0.0654194
-1.76    0.0677955
-1.74    0.07018
-1.72    0.0725785
-1.7    0.0749968
-1.68    0.0774403
-1.66    0.0799147
-1.64    0.0824251
-1.62    0.0849763
-1.6    0.0875728
-1.58    0.0902188
-1.56    0.092918
-1.54    0.0956734
-1.52    0.0984878
-1.5    0.101364
-1.48    0.104302
-1.46    0.107306
-1.44    0.110374
-1.42    0.113508
-1.4    0.116706
-1.38    0.11997
-1.36    0.123297
-1.34    0.126685
-1.32    0.130133
-1.3    0.133639
-1.28    0.137198
-1.26    0.140808
-1.24    0.144465
-1.22    0.148165
-1.2    0.151904
-1.18    0.155676
-1.16    0.159477
-1.14    0.163302
-1.12    0.167145
-1.1    0.171001
-1.08    0.174864
-1.06    0.178728
-1.04    0.182587
-1.02    0.186437
-1    0.19027
-0.98    0.194082
-0.96    0.197867
-0.94    0.201619
-0.92    0.205333
-0.9    0.209004
-0.88    0.212628
-0.86    0.216199
-0.84    0.219714
-0.82    0.223167
-0.8    0.226556
-0.78    0.229876
-0.76    0.233125
-0.74    0.236299
-0.72    0.239396
-0.7    0.242413
-0.68    0.245347
-0.66    0.248197
-0.64    0.250962
-0.62    0.253639
-0.6    0.256227
-0.58    0.258726
-0.56    0.261134
-0.54    0.263451
-0.52    0.265676
-0.5    0.267809
-0.48    0.26985
-0.46    0.271799
-0.44    0.273656
-0.42    0.275421
-0.4    0.277095
-0.38    0.278678
-0.36    0.280171
-0.34    0.281574
-0.32    0.282888
-0.3    0.284115
-0.28    0.285255
-0.26    0.28631
-0.24    0.287281
-0.22    0.28817
-0.2    0.288979
-0.18    0.289709
-0.16    0.290362
-0.14    0.290941
-0.12    0.291447
-0.1    0.291882
-0.08    0.292247
-0.06    0.292542
-0.04    0.292766
-0.02    0.292917
-1.80342e-14    0.292992
0.02    0.292987
0.04    0.292894
0.06    0.29271
0.08    0.292427
0.1    0.292041
0.12    0.291546
0.14    0.290941
0.16    0.290222
0.18    0.28939
0.2    0.288445
0.22    0.287386
0.24    0.286216
0.26    0.284936
0.28    0.283547
0.3    0.282051
0.32    0.280449
0.34    0.278743
0.36    0.276933
0.38    0.275022
0.4    0.27301
0.42    0.270899
0.44    0.268689
0.46    0.266383
0.48    0.263981
0.5    0.261486
0.52    0.258898
0.54    0.256221
0.56    0.253456
0.58    0.250606
0.6    0.247673
0.62    0.244661
0.64    0.241572
0.66    0.238409
0.68    0.235178
0.7    0.231881
0.72    0.228522
0.74    0.225106
0.76    0.221638
0.78    0.218121
0.8    0.214562
0.82    0.210964
0.84    0.207333
0.86    0.203673
0.88    0.199991
0.9    0.19629
0.92    0.192576
0.94    0.188854
0.96    0.185128
0.98    0.181403
1    0.177683
1.02    0.173973
1.04    0.170276
1.06    0.166595
1.08    0.162935
1.1    0.159298
1.12    0.155687
1.14    0.152104
1.16    0.148551
1.18    0.14503
1.2    0.141541
1.22    0.138087
1.24    0.134667
1.26    0.131283
1.28    0.127933
1.3    0.124619
1.32    0.12134
1.34    0.118095
1.36    0.114884
1.38    0.111706
1.4    0.10856
1.42    0.105446
1.44    0.102363
1.46    0.0993093
1.48    0.0962851
1.5    0.0932898
1.52    0.0903229
1.54    0.0873843
1.56    0.0844742
1.58    0.0815927
1.6    0.0787407
1.62    0.0759189
1.64    0.0731285
1.66    0.0703712
1.68    0.0676487
1.7    0.0649632
1.72    0.062317
1.74    0.0597128
1.76    0.0571535
1.78    0.0546421
1.8    0.0521817
1.82    0.0497755
1.84    0.0474269
1.86    0.045139
1.88    0.0429149
1.9    0.0407575
1.92    0.0386695
1.94    0.0366533
1.96    0.0347111
1.98    0.0328445
2    0.031055
2.02    0.0293435
2.04    0.0277103
2.06    0.0261557
2.08    0.0246793
2.1    0.0232802
2.12    0.0219573
2.14    0.0207091
2.16    0.0195338
2.18    0.0184292
2.2    0.0173929
2.22    0.0164224
2.24    0.0155149
2.26    0.0146676
2.28    0.0138775
2.3    0.0131418
2.32    0.0124573
2.34    0.0118212
2.36    0.0112306
2.38    0.0106827
2.4    0.0101746
2.42    0.00970375
2.44    0.00926763
2.46    0.00886381
2.48    0.00849002
2.5    0.00814408
2.52    0.00782396
2.54    0.00752777
2.56    0.00725372
2.58    0.00700014
2.6    0.0067655
2.62    0.00654834
2.64    0.00634735
2.66    0.00616129
2.68    0.00598902
2.7    0.00582948
2.72    0.00568171
2.74    0.0055448
2.76    0.00541793
2.78    0.00530034
2.8    0.00519134
2.82    0.00509026
2.84    0.00499653
2.86    0.00490959
2.88    0.00482893
2.9    0.00475411
2.92    0.00468468
2.94    0.00462025
2.96    0.00456047
2.98    0.004505
3    0.00445352
3.02    0.00440576
3.04    0.00436145
3.06    0.00432036
3.08    0.00428225
3.1    0.00424692
3.12    0.00421418
3.14    0.00418386
3.16    0.00415578
3.18    0.00412981
3.2    0.00410579
3.22    0.0040836
3.24    0.00406312
3.26    0.00404424
3.28    0.00402685
3.3    0.00401086
3.32    0.00399618
3.34    0.00398273
3.36    0.00397044
3.38    0.00395922
3.4    0.00394903
3.42    0.00393978
3.44    0.00393144
3.46    0.00392394
3.48    0.00391724
3.5    0.0039113
3.52    0.00390606
3.54    0.0039015
3.56    0.00389757
3.58    0.00389425
3.6    0.00389149
3.62    0.00388928
3.64    0.00388759
3.66    0.00388639
3.68    0.00388565
3.7    0.00388537
3.72    0.00388552
3.74    0.00388607
3.76    0.00388702
3.78    0.00388835
3.8    0.00389005
3.82    0.0038921
3.84    0.00389449
3.86    0.00389721
3.88    0.00390025
3.9    0.00390361
3.92    0.00390726
3.94    0.00391122
3.96    0.00391547
3.98    0.00392
4    0.00392482
4.02    0.00392991
4.04    0.00393527
4.06    0.0039409
4.08    0.0039468
4.1    0.00395296
4.12    0.00395939
4.14    0.00396608
4.16    0.00397303
4.18    0.00398024
4.2    0.00398771
4.22    0.00399544
4.24    0.00400344
4.26    0.0040117
4.28    0.00402022
4.3    0.00402901
4.32    0.00403807
4.34    0.0040474
4.36    0.00405701
4.38    0.00406689
4.4    0.00407705
4.42    0.0040875
4.44    0.00409824
4.46    0.00410927
4.48    0.0041206
4.5    0.00413223
4.52    0.00414416
4.54    0.00415641
4.56    0.00416897
4.58    0.00418186
4.6    0.00419508
4.62    0.00420863
4.64    0.00422253
4.66    0.00423677
4.68    0.00425137
4.7    0.00426633
4.72    0.00428166
4.74    0.00429737
4.76    0.00431346
4.78    0.00432995
4.8    0.00434684
4.82    0.00436413
4.84    0.00438185
4.86    0.0044
4.88    0.00441858
4.9    0.00443762
4.92    0.00445711
4.94    0.00447706
4.96    0.0044975
4.98    0.00451843
