-5    0.920348
-4.98    0.920349
-4.96    0.92035
-4.94    0.920351
-4.92    0.920353
-4.9    0.920354
-4.88    0.920355
-4.86    0.920357
-4.84    0.920358
-4.82    0.92036
-4.8    0.920361
-4.78    0.920363
-4.76    0.920365
-4.74    0.920367
-4.72    0.920368
-4.7    0.92037
-4.68    0.920372
-4.66    0.920375
-4.64    0.920377
-4.62    0.920379
-4.6    0.920382
-4.58    0.920384
-4.56    0.920387
-4.54    0.92039
-4.52    0.920392
-4.5    0.920395
-4.48    0.920399
-4.46    0.920402
-4.44    0.920405
-4.42    0.920409
-4.4    0.920412
-4.38    0.920416
-4.36    0.92042
-4.34    0.920424
-4.32    0.920429
-4.3    0.920433
-4.28    0.920438
-4.26    0.920443
-4.24    0.920448
-4.22    0.920453
-4.2    0.920459
-4.18    0.920465
-4.16    0.920471
-4.14    0.920477
-4.12    0.920484
-4.1    0.92049
-4.08    0.920498
-4.06    0.920505
-4.04    0.920513
-4.02    0.920521
-4    0.920529
-3.98    0.920538
-3.96    0.920547
-3.94    0.920557
-3.92    0.920567
-3.9    0.920577
-3.88    0.920588
-3.86    0.920599
-3.84    0.92061
-3.82    0.920623
-3.8    0.920635
-3.78    0.920649
-3.76    0.920662
-3.74    0.920677
-3.72    0.920692
-3.7    0.920707
-3.68    0.920723
-3.66    0.92074
-3.64    0.920758
-3.62    0.920776
-3.6    0.920795
-3.58    0.920815
-3.56    0.920836
-3.54    0.920858
-3.52    0.92088
-3.5    0.920904
-3.48    0.920928
-3.46    0.920953
-3.44    0.92098
-3.42    0.921007
-3.4    0.921036
-3.38    0.921066
-3.36    0.921097
-3.34    0.92113
-3.32    0.921163
-3.3    0.921199
-3.28    0.921235
-3.26    0.921273
-3.24    0.921313
-3.22    0.921355
-3.2    0.921398
-3.18    0.921442
-3.16    0.921489
-3.14    0.921538
-3.12    0.921588
-3.1    0.921641
-3.08    0.921696
-3.06    0.921753
-3.04    0.921812
-3.02    0.921874
-3    0.921938
-2.98    0.922005
-2.96    0.922074
-2.94    0.922146
-2.92    0.922222
-2.9    0.9223
-2.88    0.922381
-2.86    0.922466
-2.84    0.922554
-2.82    0.922645
-2.8    0.92274
-2.78    0.922839
-2.76    0.922942
-2.74    0.923049
-2.72    0.923159
-2.7    0.923275
-2.68    0.923394
-2.66    0.923519
-2.64    0.923648
-2.62    0.923782
-2.6    0.923921
-2.58    0.924066
-2.56    0.924216
-2.54    0.924371
-2.52    0.924533
-2.5    0.9247
-2.48    0.924874
-2.46    0.925054
-2.44    0.925241
-2.42    0.925435
-2.4    0.925635
-2.38    0.925843
-2.36    0.926059
-2.34    0.926281
-2.32    0.926512
-2.3    0.926751
-2.28    0.926998
-2.26    0.927254
-2.24    0.927518
-2.22    0.927792
-2.2    0.928074
-2.18    0.928366
-2.16    0.928667
-2.14    0.928978
-2.12    0.929299
-2.1    0.92963
-2.08    0.929972
-2.06    0.930324
-2.04    0.930687
-2.02    0.93106
-2    0.931445
-1.98    0.93184
-1.96    0.932247
-1.94    0.932666
-1.92    0.933095
-1.9    0.933537
-1.88    0.93399
-1.86    0.934454
-1.84    0.934931
-1.82    0.935419
-1.8    0.935918
-1.78    0.93643
-1.76    0.936953
-1.74    0.937487
-1.72    0.938033
-1.7    0.938591
-1.68    0.939159
-1.66    0.939738
-1.64    0.940328
-1.62    0.940928
-1.6    0.941539
-1.58    0.942159
-1.56    0.942789
-1.54    0.943428
-1.52    0.944075
-1.5    0.944731
-1.48    0.945395
-1.46    0.946066
-1.44    0.946744
-1.42    0.947428
-1.4    0.948117
-1.38    0.948812
-1.36    0.949511
-1.34    0.950214
-1.32    0.95092
-1.3    0.951628
-1.28    0.952339
-1.26    0.95305
-1.24    0.953762
-1.22    0.954473
-1.2    0.955184
-1.18    0.955893
-1.16    0.956599
-1.14    0.957303
-1.12    0.958002
-1.1    0.958698
-1.08    0.959388
-1.06    0.960072
-1.04    0.96075
-1.02    0.961421
-1    0.962085
-0.98    0.96274
-0.96    0.963387
-0.94    0.964026
-0.92    0.964654
-0.9    0.965273
-0.88    0.965881
-0.86    0.966479
-0.84    0.967066
-0.82    0.967641
-0.8    0.968205
-0.78    0.968757
-0.76    0.969298
-0.74    0.969826
-0.72    0.970342
-0.7    0.970846
-0.68    0.971338
-0.66    0.971817
-0.64    0.972284
-0.62    0.972738
-0.6    0.97318
-0.58    0.97361
-0.56    0.974028
-0.54    0.974434
-0.52    0.974828
-0.5    0.97521
-0.48    0.975581
-0.46    0.97594
-0.44    0.976288
-0.42    0.976624
-0.4    0.97695
-0.38    0.977266
-0.36    0.977571
-0.34    0.977866
-0.32    0.978151
-0.3    0.978426
-0.28    0.978692
-0.26    0.978948
-0.24    0.979196
-0.22    0.979435
-0.2    0.979665
-0.18    0.979887
-0.16    0.980101
-0.14    0.980308
-0.12    0.980507
-0.1    0.980698
-0.08    0.980883
-0.06    0.98106
-0.04    0.981231
-0.02    0.981396
-1.80342e-14    0.981555
0.02    0.981707
0.04    0.981854
0.06    0.981995
0.08    0.982131
0.1    0.982261
0.12    0.982387
0.14    0.982508
0.16    0.982624
0.18    0.982735
0.2    0.982842
0.22    0.982946
0.24    0.983045
0.26    0.98314
0.28    0.983231
0.3    0.983319
0.32    0.983404
0.34    0.983485
0.36    0.983563
0.38    0.983637
0.4    0.983709
0.42    0.983778
0.44    0.983845
0.46    0.983908
0.48    0.983969
0.5    0.984028
0.52    0.984085
0.54    0.984139
0.56    0.984191
0.58    0.984241
0.6    0.984288
0.62    0.984334
0.64    0.984379
0.66    0.984421
0.68    0.984462
0.7    0.984501
0.72    0.984538
0.74    0.984574
0.76    0.984609
0.78    0.984642
0.8    0.984674
0.82    0.984704
0.84    0.984734
0.86    0.984762
0.88    0.984789
0.9    0.984815
0.92    0.98484
0.94    0.984863
0.96    0.984886
0.98    0.984908
1    0.984929
1.02    0.98495
1.04    0.984969
1.06    0.984988
1.08    0.985006
1.1    0.985023
1.12    0.985039
1.14    0.985055
1.16    0.98507
1.18    0.985085
1.2    0.985099
1.22    0.985112
1.24    0.985125
1.26    0.985138
1.28    0.985149
1.3    0.985161
1.32    0.985172
1.34    0.985182
1.36    0.985192
1.38    0.985202
1.4    0.985211
1.42    0.98522
1.44    0.985228
1.46    0.985237
1.48    0.985244
1.5    0.985252
1.52    0.985259
1.54    0.985266
1.56    0.985273
1.58    0.985279
1.6    0.985285
1.62    0.985291
1.64    0.985297
1.66    0.985302
1.68    0.985307
1.7    0.985312
1.72    0.985317
1.74    0.985322
1.76    0.985326
1.78    0.98533
1.8    0.985334
1.82    0.985338
1.84    0.985342
1.86    0.985346
1.88    0.985349
1.9    0.985352
1.92    0.985355
1.94    0.985358
1.96    0.985361
1.98    0.985364
2    0.985367
2.02    0.985369
2.04    0.985372
2.06    0.985374
2.08    0.985376
2.1    0.985379
2.12    0.985381
2.14    0.985383
2.16    0.985385
2.18    0.985386
2.2    0.985388
2.22    0.98539
2.24    0.985392
2.26    0.985393
2.28    0.985395
2.3    0.985396
2.32    0.985397
2.34    0.985399
2.36    0.9854
2.38    0.985401
2.4    0.985402
2.42    0.985404
2.44    0.985405
2.46    0.985406
2.48    0.985407
2.5    0.985408
2.52    0.985408
2.54    0.985409
2.56    0.98541
2.58    0.985411
2.6    0.985412
2.62    0.985412
2.64    0.985413
2.66    0.985414
2.68    0.985415
2.7    0.985415
2.72    0.985416
2.74    0.985416
2.76    0.985417
2.78    0.985417
2.8    0.985418
2.82    0.985418
2.84    0.985419
2.86    0.985419
2.88    0.98542
2.9    0.98542
2.92    0.985421
2.94    0.985421
2.96    0.985421
2.98    0.985422
3    0.985422
3.02    0.985422
3.04    0.985423
3.06    0.985423
3.08    0.985423
3.1    0.985424
3.12    0.985424
3.14    0.985424
3.16    0.985424
3.18    0.985425
3.2    0.985425
3.22    0.985425
3.24    0.985425
3.26    0.985425
3.28    0.985426
3.3    0.985426
3.32    0.985426
3.34    0.985426
3.36    0.985426
3.38    0.985426
3.4    0.985427
3.42    0.985427
3.44    0.985427
3.46    0.985427
3.48    0.985427
3.5    0.985427
3.52    0.985427
3.54    0.985427
3.56    0.985428
3.58    0.985428
3.6    0.985428
3.62    0.985428
3.64    0.985428
3.66    0.985428
3.68    0.985428
3.7    0.985428
3.72    0.985428
3.74    0.985428
3.76    0.985428
3.78    0.985428
3.8    0.985428
3.82    0.985429
3.84    0.985429
3.86    0.985429
3.88    0.985429
3.9    0.985429
3.92    0.985429
3.94    0.985429
3.96    0.985429
3.98    0.985429
4    0.985429
4.02    0.985429
4.04    0.985429
4.06    0.985429
4.08    0.985429
4.1    0.985429
4.12    0.985429
4.14    0.985429
4.16    0.985429
4.18    0.985429
4.2    0.985429
4.22    0.985429
4.24    0.985429
4.26    0.985429
4.28    0.985429
4.3    0.985429
4.32    0.985429
4.34    0.98543
4.36    0.98543
4.38    0.98543
4.4    0.98543
4.42    0.98543
4.44    0.98543
4.46    0.98543
4.48    0.98543
4.5    0.98543
4.52    0.98543
4.54    0.98543
4.56    0.98543
4.58    0.98543
4.6    0.98543
4.62    0.98543
4.64    0.98543
4.66    0.98543
4.68    0.98543
4.7    0.98543
4.72    0.98543
4.74    0.98543
4.76    0.98543
4.78    0.98543
4.8    0.98543
4.82    0.98543
4.84    0.98543
4.86    0.98543
4.88    0.98543
4.9    0.98543
4.92    0.98543
4.94    0.98543
4.96    0.98543
4.98    0.98543
