-5    0.000290766
-4.98    0.000288248
-4.96    0.000285755
-4.94    0.000283288
-4.92    0.000280849
-4.9    0.000278437
-4.88    0.000276055
-4.86    0.000273705
-4.84    0.000271386
-4.82    0.000269101
-4.8    0.000266852
-4.78    0.000264638
-4.76    0.000262462
-4.74    0.000260325
-4.72    0.000258228
-4.7    0.000256173
-4.68    0.00025416
-4.66    0.000252192
-4.64    0.000250269
-4.62    0.000248392
-4.6    0.000246564
-4.58    0.000244785
-4.56    0.000243056
-4.54    0.000241378
-4.52    0.000239753
-4.5    0.000238183
-4.48    0.000236667
-4.46    0.000235207
-4.44    0.000233804
-4.42    0.00023246
-4.4    0.000231175
-4.38    0.00022995
-4.36    0.000228786
-4.34    0.000227685
-4.32    0.000226647
-4.3    0.000225673
-4.28    0.000224763
-4.26    0.00022392
-4.24    0.000223143
-4.22    0.000222434
-4.2    0.000221793
-4.18    0.000221221
-4.16    0.000220719
-4.14    0.000220288
-4.12    0.000219928
-4.1    0.000219641
-4.08    0.000219427
-4.06    0.000219286
-4.04    0.00021922
-4.02    0.00021923
-4    0.000219317
-3.98    0.00021948
-3.96    0.000219722
-3.94    0.000220043
-3.92    0.000220443
-3.9    0.000220925
-3.88    0.00022149
-3.86    0.000222137
-3.84    0.000222869
-3.82    0.000223687
-3.8    0.000224591
-3.78    0.000225585
-3.76    0.000226668
-3.74    0.000227843
-3.72    0.000229111
-3.7    0.000230474
-3.68    0.000231935
-3.66    0.000233494
-3.64    0.000235155
-3.62    0.000236919
-3.6    0.00023879
-3.58    0.000240769
-3.56    0.00024286
-3.54    0.000245065
-3.52    0.000247388
-3.5    0.000249832
-3.48    0.000252401
-3.46    0.000255098
-3.44    0.000257928
-3.42    0.000260894
-3.4    0.000264002
-3.38    0.000267256
-3.36    0.000270661
-3.34    0.000274222
-3.32    0.000277946
-3.3    0.000281837
-3.28    0.000285904
-3.26    0.000290151
-3.24    0.000294587
-3.22    0.000299219
-3.2    0.000304054
-3.18    0.000309101
-3.16    0.000314369
-3.14    0.000319866
-3.12    0.000325603
-3.1    0.000331589
-3.08    0.000337835
-3.06    0.000344353
-3.04    0.000351154
-3.02    0.00035825
-3    0.000365655
-2.98    0.000373381
-2.96    0.000381444
-2.94    0.000389858
-2.92    0.000398639
-2.9    0.000407803
-2.88    0.000417367
-2.86    0.000427349
-2.84    0.000437768
-2.82    0.000448643
-2.8    0.000459994
-2.78    0.000471843
-2.76    0.000484211
-2.74    0.000497122
-2.72    0.000510599
-2.7    0.000524668
-2.68    0.000539353
-2.66    0.000554682
-2.64    0.000570681
-2.62    0.000587381
-2.6    0.000604809
-2.58    0.000622997
-2.56    0.000641977
-2.54    0.00066178
-2.52    0.000682439
-2.5    0.00070399
-2.48    0.000726467
-2.46    0.000749906
-2.44    0.000774344
-2.42    0.000799818
-2.4    0.000826368
-2.38    0.00085403
-2.36    0.000882846
-2.34    0.000912855
-2.32    0.000944097
-2.3    0.000976613
-2.28    0.00101045
-2.26    0.00104563
-2.24    0.00108222
-2.22    0.00112025
-2.2    0.00115975
-2.18    0.00120078
-2.16    0.00124337
-2.14    0.00128756
-2.12    0.00133339
-2.1    0.00138089
-2.08    0.00143011
-2.06    0.00148109
-2.04    0.00153385
-2.02    0.00158842
-2    0.00164485
-1.98    0.00170316
-1.96    0.00176337
-1.94    0.00182552
-1.92    0.00188962
-1.9    0.00195571
-1.88    0.00202379
-1.86    0.00209388
-1.84    0.00216599
-1.82    0.00224015
-1.8    0.00231634
-1.78    0.00239459
-1.76    0.00247488
-1.74    0.00255722
-1.72    0.0026416
-1.7    0.00272802
-1.68    0.00281646
-1.66    0.00290691
-1.64    0.00299935
-1.62    0.00309376
-1.6    0.00319011
-1.58    0.00328838
-1.56    0.00338853
-1.54    0.00349053
-1.52    0.00359435
-1.5    0.00369993
-1.48    0.00380725
-1.46    0.00391625
-1.44    0.00402688
-1.42    0.00413909
-1.4    0.00425284
-1.38    0.00436805
-1.36    0.00448467
-1.34    0.00460264
-1.32    0.00472189
-1.3    0.00484236
-1.28    0.00496398
-1.26    0.00508668
-1.24    0.00521039
-1.22    0.00533503
-1.2    0.00546052
-1.18    0.00558679
-1.16    0.00571376
-1.14    0.00584135
-1.12    0.00596948
-1.1    0.00609806
-1.08    0.006227
-1.06    0.00635623
-1.04    0.00648565
-1.02    0.00661517
-1    0.0067447
-0.98    0.00687415
-0.96    0.00700343
-0.94    0.00713245
-0.92    0.0072611
-0.9    0.00738929
-0.88    0.00751693
-0.86    0.00764391
-0.84    0.00777013
-0.82    0.00789549
-0.8    0.0080199
-0.78    0.00814324
-0.76    0.00826541
-0.74    0.00838631
-0.72    0.00850583
-0.7    0.00862386
-0.68    0.0087403
-0.66    0.00885504
-0.64    0.00896796
-0.62    0.00907896
-0.6    0.00918793
-0.58    0.00929476
-0.56    0.00939933
-0.54    0.00950154
-0.52    0.00960128
-0.5    0.00969843
-0.48    0.0097929
-0.46    0.00988456
-0.44    0.00997332
-0.42    0.0100591
-0.4    0.0101417
-0.38    0.0102211
-0.36    0.0102972
-0.34    0.0103699
-0.32    0.0104391
-0.3    0.0105046
-0.28    0.0105665
-0.26    0.0106246
-0.24    0.0106788
-0.22    0.0107291
-0.2    0.0107754
-0.18    0.0108176
-0.16    0.0108556
-0.14    0.0108894
-0.12    0.010919
-0.1    0.0109443
-0.08    0.0109652
-0.06    0.0109817
-0.04    0.0109938
-0.02    0.0110014
-1.80342e-14    0.0110046
0.02    0.0110032
0.04    0.0109974
0.06    0.0109871
0.08    0.0109723
0.1    0.0109531
0.12    0.0109294
0.14    0.0109012
0.16    0.0108687
0.18    0.0108318
0.2    0.0107907
0.22    0.0107452
0.24    0.0106956
0.26    0.0106418
0.28    0.0105839
0.3    0.0105221
0.32    0.0104563
0.34    0.0103867
0.36    0.0103134
0.38    0.0102364
0.4    0.0101558
0.42    0.0100718
0.44    0.00998446
0.46    0.00989386
0.48    0.00980012
0.5    0.00970337
0.52    0.00960372
0.54    0.00950128
0.56    0.00939618
0.58    0.00928854
0.6    0.00917847
0.62    0.00906611
0.64    0.00895157
0.66    0.00883499
0.68    0.00871648
0.7    0.00859618
0.72    0.00847422
0.74    0.0083507
0.76    0.00822576
0.78    0.00809953
0.8    0.00797212
0.82    0.00784366
0.84    0.00771427
0.86    0.00758407
0.88    0.00745316
0.9    0.00732168
0.92    0.00718973
0.94    0.00705743
0.96    0.00692488
0.98    0.00679219
1    0.00665947
1.02    0.00652682
1.04    0.00639433
1.06    0.00626212
1.08    0.00613026
1.1    0.00599886
1.12    0.005868
1.14    0.00573776
1.16    0.00560824
1.18    0.00547951
1.2    0.00535165
1.22    0.00522473
1.24    0.00509882
1.26    0.004974
1.28    0.00485033
1.3    0.00472787
1.32    0.00460668
1.34    0.00448681
1.36    0.00436832
1.38    0.00425126
1.4    0.00413567
1.42    0.00402161
1.44    0.0039091
1.46    0.0037982
1.48    0.00368893
1.5    0.00358133
1.52    0.00347543
1.54    0.00337126
1.56    0.00326885
1.58    0.00316821
1.6    0.00306937
1.62    0.00297234
1.64    0.00287715
1.66    0.00278382
1.68    0.00269234
1.7    0.00260274
1.72    0.00251502
1.74    0.00242919
1.76    0.00234527
1.78    0.00226324
1.8    0.00218313
1.82    0.00210492
1.84    0.00202863
1.86    0.00195425
1.88    0.00188178
1.9    0.00181121
1.92    0.00174255
1.94    0.0016758
1.96    0.00161094
1.98    0.00154796
2    0.00148687
2.02    0.00142765
2.04    0.00137029
2.06    0.00131478
2.08    0.0012611
2.1    0.00120925
2.12    0.00115921
2.14    0.00111095
2.16    0.00106446
2.18    0.00101971
2.2    0.000976691
2.22    0.000935369
2.24    0.000895719
2.26    0.00085771
2.28    0.000821313
2.3    0.000786495
2.32    0.00075322
2.34    0.000721451
2.36    0.000691151
2.38    0.000662279
2.4    0.000634793
2.42    0.000608651
2.44    0.000583809
2.46    0.00056022
2.48    0.00053784
2.5    0.000516621
2.52    0.000496516
2.54    0.000477478
2.56    0.000459461
2.58    0.000442416
2.6    0.000426298
2.62    0.00041106
2.64    0.000396658
2.66    0.000383047
2.68    0.000370184
2.7    0.000358027
2.72    0.000346536
2.74    0.00033567
2.76    0.000325394
2.78    0.000315669
2.8    0.000306463
2.82    0.000297741
2.84    0.000289472
2.86    0.000281627
2.88    0.000274177
2.9    0.000267096
2.92    0.000260358
2.94    0.00025394
2.96    0.000247819
2.98    0.000241976
3    0.000236391
3.02    0.000231045
3.04    0.000225922
3.06    0.000221006
3.08    0.000216283
3.1    0.000211739
3.12    0.000207363
3.14    0.000203141
3.16    0.000199064
3.18    0.000195123
3.2    0.000191308
3.22    0.00018761
3.24    0.000184023
3.26    0.00018054
3.28    0.000177154
3.3    0.000173859
3.32    0.00017065
3.34    0.000167523
3.36    0.000164473
3.38    0.000161496
3.4    0.000158588
3.42    0.000155746
3.44    0.000152968
3.46    0.00015025
3.48    0.00014759
3.5    0.000144985
3.52    0.000142435
3.54    0.000139936
3.56    0.000137488
3.58    0.000135088
3.6    0.000132736
3.62    0.00013043
3.64    0.000128168
3.66    0.000125951
3.68    0.000123777
3.7    0.000121644
3.72    0.000119553
3.74    0.000117502
3.76    0.000115491
3.78    0.000113519
3.8    0.000111586
3.82    0.00010969
3.84    0.000107831
3.86    0.00010601
3.88    0.000104224
3.9    0.000102473
3.92    0.000100758
3.94    9.90776e-05
3.96    9.74311e-05
3.98    9.58181e-05
4    9.42382e-05
4.02    9.2691e-05
4.04    9.11758e-05
4.06    8.96924e-05
4.08    8.82401e-05
4.1    8.68185e-05
4.12    8.54271e-05
4.14    8.40655e-05
4.16    8.27332e-05
4.18    8.14297e-05
4.2    8.01545e-05
4.22    7.89071e-05
4.24    7.7687e-05
4.26    7.64939e-05
4.28    7.53272e-05
4.3    7.41863e-05
4.32    7.3071e-05
4.34    7.19806e-05
4.36    7.09147e-05
4.38    6.98728e-05
4.4    6.88545e-05
4.42    6.78593e-05
4.44    6.68867e-05
4.46    6.59363e-05
4.48    6.50075e-05
4.5    6.41001e-05
4.52    6.32135e-05
4.54    6.23472e-05
4.56    6.15009e-05
4.58    6.06741e-05
4.6    5.98664e-05
4.62    5.90773e-05
4.64    5.83065e-05
4.66    5.75535e-05
4.68    5.68179e-05
4.7    5.60994e-05
4.72    5.53975e-05
4.74    5.47119e-05
4.76    5.40422e-05
4.78    5.3388e-05
4.8    5.27489e-05
4.82    5.21246e-05
4.84    5.15148e-05
4.86    5.09191e-05
4.88    5.03371e-05
4.9    4.97686e-05
4.92    4.92131e-05
4.94    4.86705e-05
4.96    4.81404e-05
4.98    4.76224e-05
