-5    0.00343265
-4.98    0.00343267
-4.96    0.00343269
-4.94    0.00343271
-4.92    0.00343273
-4.9    0.00343275
-4.88    0.00343277
-4.86    0.0034328
-4.84    0.00343282
-4.82    0.00343285
-4.8    0.00343288
-4.78    0.00343291
-4.76    0.00343294
-4.74    0.00343297
-4.72    0.00343301
-4.7    0.00343305
-4.68    0.00343309
-4.66    0.00343313
-4.64    0.00343318
-4.62    0.00343323
-4.6    0.00343328
-4.58    0.00343334
-4.56    0.00343339
-4.54    0.00343346
-4.52    0.00343352
-4.5    0.00343359
-4.48    0.00343366
-4.46    0.00343374
-4.44    0.00343382
-4.42    0.00343391
-4.4    0.003434
-4.38    0.0034341
-4.36    0.00343421
-4.34    0.00343432
-4.32    0.00343443
-4.3    0.00343456
-4.28    0.00343469
-4.26    0.00343483
-4.24    0.00343497
-4.22    0.00343513
-4.2    0.0034353
-4.18    0.00343547
-4.16    0.00343566
-4.14    0.00343586
-4.12    0.00343607
-4.1    0.00343629
-4.08    0.00343653
-4.06    0.00343678
-4.04    0.00343704
-4.02    0.00343732
-4    0.00343762
-3.98    0.00343794
-3.96    0.00343827
-3.94    0.00343863
-3.92    0.00343901
-3.9    0.00343941
-3.88    0.00343983
-3.86    0.00344028
-3.84    0.00344076
-3.82    0.00344127
-3.8    0.0034418
-3.78    0.00344238
-3.76    0.00344298
-3.74    0.00344363
-3.72    0.00344431
-3.7    0.00344503
-3.68    0.0034458
-3.66    0.00344662
-3.64    0.00344749
-3.62    0.00344841
-3.6    0.00344939
-3.58    0.00345042
-3.56    0.00345153
-3.54    0.0034527
-3.52    0.00345395
-3.5    0.00345527
-3.48    0.00345668
-3.46    0.00345818
-3.44    0.00345977
-3.42    0.00346146
-3.4    0.00346326
-3.38    0.00346517
-3.36    0.00346721
-3.34    0.00346938
-3.32    0.00347169
-3.3    0.00347415
-3.28    0.00347677
-3.26    0.00347956
-3.24    0.00348253
-3.22    0.00348571
-3.2    0.00348909
-3.18    0.00349269
-3.16    0.00349654
-3.14    0.00350065
-3.12    0.00350504
-3.1    0.00350973
-3.08    0.00351474
-3.06    0.0035201
-3.04    0.00352583
-3.02    0.00353196
-3    0.00353853
-2.98    0.00354556
-2.96    0.00355309
-2.94    0.00356118
-2.92    0.00356985
-2.9    0.00357915
-2.88    0.00358915
-2.86    0.00359989
-2.84    0.00361143
-2.82    0.00362386
-2.8    0.00363723
-2.78    0.00365164
-2.76    0.00366717
-2.74    0.00368392
-2.72    0.00370199
-2.7    0.00372151
-2.68    0.0037426
-2.66    0.00376541
-2.64    0.00379009
-2.62    0.00381681
-2.6    0.00384576
-2.58    0.00387714
-2.56    0.00391117
-2.54    0.00394811
-2.52    0.00398822
-2.5    0.0040318
-2.48    0.00407918
-2.46    0.00413071
-2.44    0.00418678
-2.42    0.00424783
-2.4    0.00431431
-2.38    0.00438673
-2.36    0.00446566
-2.34    0.00455171
-2.32    0.00464553
-2.3    0.00474786
-2.28    0.00485947
-2.26    0.00498123
-2.24    0.00511406
-2.22    0.00525896
-2.2    0.00541701
-2.18    0.00558939
-2.16    0.00577735
-2.14    0.00598223
-2.12    0.00620547
-2.1    0.0064486
-2.08    0.00671326
-2.06    0.00700114
-2.04    0.00731407
-2.02    0.00765391
-2    0.00802263
-1.98    0.00842224
-1.96    0.00885481
-1.94    0.00932242
-1.92    0.00982719
-1.9    0.0103712
-1.88    0.0109565
-1.86    0.011585
-1.84    0.0122586
-1.82    0.012979
-1.8    0.0137478
-1.78    0.0145662
-1.76    0.0154354
-1.74    0.0163561
-1.72    0.0173288
-1.7    0.0183535
-1.68    0.0194301
-1.66    0.0205579
-1.64    0.0217357
-1.62    0.0229622
-1.6    0.0242354
-1.58    0.0255531
-1.56    0.0269127
-1.54    0.0283111
-1.52    0.029745
-1.5    0.0312108
-1.48    0.0327047
-1.46    0.0342227
-1.44    0.0357605
-1.42    0.0373139
-1.4    0.0388785
-1.38    0.04045
-1.36    0.0420242
-1.34    0.0435966
-1.32    0.0451634
-1.3    0.0467206
-1.28    0.0482644
-1.26    0.0497914
-1.24    0.0512982
-1.22    0.0527818
-1.2    0.0542394
-1.18    0.0556686
-1.16    0.057067
-1.14    0.0584328
-1.12    0.0597643
-1.1    0.06106
-1.08    0.0623187
-1.06    0.0635394
-1.04    0.0647216
-1.02    0.0658645
-1    0.066968
-0.98    0.0680319
-0.96    0.0690562
-0.94    0.070041
-0.92    0.0709868
-0.9    0.0718939
-0.88    0.0727628
-0.86    0.0735942
-0.84    0.0743888
-0.82    0.0751473
-0.8    0.0758706
-0.78    0.0765595
-0.76    0.077215
-0.74    0.077838
-0.72    0.0784293
-0.7    0.07899
-0.68    0.079521
-0.66    0.0800233
-0.64    0.0804978
-0.62    0.0809454
-0.6    0.0813672
-0.58    0.0817639
-0.56    0.0821365
-0.54    0.0824858
-0.52    0.0828126
-0.5    0.0831178
-0.48    0.0834021
-0.46    0.0836663
-0.44    0.083911
-0.42    0.084137
-0.4    0.0843449
-0.38    0.0845352
-0.36    0.0847087
-0.34    0.0848658
-0.32    0.0850071
-0.3    0.085133
-0.28    0.085244
-0.26    0.0853405
-0.24    0.0854229
-0.22    0.0854916
-0.2    0.0855468
-0.18    0.0855889
-0.16    0.0856183
-0.14    0.085635
-0.12    0.0856393
-0.1    0.0856315
-0.08    0.0856116
-0.06    0.0855798
-0.04    0.0855363
-0.02    0.0854811
-1.80342e-14    0.0854143
0.02    0.0853359
0.04    0.085246
0.06    0.0851445
0.08    0.0850314
0.1    0.0849067
0.12    0.0847704
0.14    0.0846222
0.16    0.0844622
0.18    0.0842903
0.2    0.0841061
0.22    0.0839097
0.24    0.0837009
0.26    0.0834794
0.28    0.083245
0.3    0.0829976
0.32    0.0827368
0.34    0.0824626
0.36    0.0821745
0.38    0.0818723
0.4    0.0815557
0.42    0.0812245
0.44    0.0808784
0.46    0.080517
0.48    0.08014
0.5    0.0797471
0.52    0.079338
0.54    0.0789123
0.56    0.0784698
0.58    0.07801
0.6    0.0775327
0.62    0.0770376
0.64    0.0765243
0.66    0.0759926
0.68    0.0754421
0.7    0.0748725
0.72    0.0742836
0.74    0.0736752
0.76    0.0730469
0.78    0.0723987
0.8    0.0717302
0.82    0.0710414
0.84    0.0703322
0.86    0.0696023
0.88    0.0688519
0.9    0.0680809
0.92    0.0672893
0.94    0.0664772
0.96    0.0656448
0.98    0.0647922
1    0.0639197
1.02    0.0630276
1.04    0.0621162
1.06    0.061186
1.08    0.0602375
1.1    0.0592713
1.12    0.0582879
1.14    0.0572882
1.16    0.0562729
1.18    0.0552428
1.2    0.0541989
1.22    0.0531422
1.24    0.0520737
1.26    0.0509946
1.28    0.0499062
1.3    0.0488096
1.32    0.0477062
1.34    0.0465974
1.36    0.0454846
1.38    0.0443694
1.4    0.0432531
1.42    0.0421374
1.44    0.0410238
1.46    0.0399139
1.48    0.0388092
1.5    0.0377114
1.52    0.036622
1.54    0.0355425
1.56    0.0344744
1.58    0.0334193
1.6    0.0323785
1.62    0.0313533
1.64    0.0303452
1.66    0.0293552
1.68    0.0283845
1.7    0.0274342
1.72    0.0265052
1.74    0.0255984
1.76    0.0247146
1.78    0.0238544
1.8    0.0230184
1.82    0.022207
1.84    0.0214206
1.86    0.0206595
1.88    0.0199238
1.9    0.0192136
1.92    0.0185289
1.94    0.0178695
1.96    0.0172352
1.98    0.0166258
2    0.016041
2.02    0.0154803
2.04    0.0149433
2.06    0.0144294
2.08    0.0139382
2.1    0.013469
2.12    0.0130213
2.14    0.0125943
2.16    0.0121873
2.18    0.0117998
2.2    0.0114311
2.22    0.0110803
2.24    0.0107468
2.26    0.01043
2.28    0.0101291
2.3    0.00984344
2.32    0.00957236
2.34    0.00931519
2.36    0.00907129
2.38    0.00884004
2.4    0.00862083
2.42    0.00841307
2.44    0.0082162
2.46    0.00802967
2.48    0.00785295
2.5    0.00768554
2.52    0.00752696
2.54    0.00737674
2.56    0.00723445
2.58    0.00709966
2.6    0.00697197
2.62    0.00685101
2.64    0.0067364
2.66    0.00662781
2.68    0.00652491
2.7    0.00642739
2.72    0.00633496
2.74    0.00624733
2.76    0.00616425
2.78    0.00608547
2.8    0.00601075
2.82    0.00593988
2.84    0.00587263
2.86    0.00580883
2.88    0.00574827
2.9    0.00569078
2.92    0.00563619
2.94    0.00558436
2.96    0.00553513
2.98    0.00548835
3    0.00544391
3.02    0.00540167
3.04    0.00536152
3.06    0.00532334
3.08    0.00528704
3.1    0.00525251
3.12    0.00521966
3.14    0.00518841
3.16    0.00515866
3.18    0.00513035
3.2    0.0051034
3.22    0.00507773
3.24    0.00505329
3.26    0.00503001
3.28    0.00500783
3.3    0.0049867
3.32    0.00496655
3.34    0.00494736
3.36    0.00492906
3.38    0.00491161
3.4    0.00489497
3.42    0.0048791
3.44    0.00486397
3.46    0.00484953
3.48    0.00483576
3.5    0.00482261
3.52    0.00481007
3.54    0.00479809
3.56    0.00478666
3.58    0.00477575
3.6    0.00476534
3.62    0.00475539
3.64    0.00474589
3.66    0.00473682
3.68    0.00472815
3.7    0.00471988
3.72    0.00471197
3.74    0.00470442
3.76    0.0046972
3.78    0.0046903
3.8    0.00468371
3.82    0.00467741
3.84    0.00467139
3.86    0.00466563
3.88    0.00466013
3.9    0.00465487
3.92    0.00464984
3.94    0.00464504
3.96    0.00464044
3.98    0.00463605
4    0.00463185
4.02    0.00462783
4.04    0.00462398
4.06    0.00462031
4.08    0.00461679
4.1    0.00461343
4.12    0.00461022
4.14    0.00460714
4.16    0.0046042
4.18    0.00460138
4.2    0.00459869
4.22    0.00459611
4.24    0.00459365
4.26    0.00459129
4.28    0.00458903
4.3    0.00458688
4.32    0.00458481
4.34    0.00458283
4.36    0.00458094
4.38    0.00457913
4.4    0.0045774
4.42    0.00457575
4.44    0.00457416
4.46    0.00457264
4.48    0.00457119
4.5    0.0045698
4.52    0.00456847
4.54    0.0045672
4.56    0.00456598
4.58    0.00456481
4.6    0.0045637
4.62    0.00456263
4.64    0.00456161
4.66    0.00456063
4.68    0.00455969
4.7    0.00455879
4.72    0.00455794
4.74    0.00455712
4.76    0.00455633
4.78    0.00455558
4.8    0.00455486
4.82    0.00455417
4.84    0.00455351
4.86    0.00455287
4.88    0.00455227
4.9    0.00455169
4.92    0.00455114
4.94    0.00455061
4.96    0.0045501
4.98    0.00454961
