-5    0.617865
-4.98    0.617865
-4.96    0.617865
-4.94    0.617864
-4.92    0.617864
-4.9    0.617864
-4.88    0.617864
-4.86    0.617864
-4.84    0.617864
-4.82    0.617864
-4.8    0.617864
-4.78    0.617864
-4.76    0.617864
-4.74    0.617863
-4.72    0.617863
-4.7    0.617863
-4.68    0.617863
-4.66    0.617863
-4.64    0.617863
-4.62    0.617862
-4.6    0.617862
-4.58    0.617862
-4.56    0.617862
-4.54    0.617862
-4.52    0.617861
-4.5    0.617861
-4.48    0.617861
-4.46    0.617861
-4.44    0.61786
-4.42    0.61786
-4.4    0.61786
-4.38    0.617859
-4.36    0.617859
-4.34    0.617858
-4.32    0.617858
-4.3    0.617858
-4.28    0.617857
-4.26    0.617857
-4.24    0.617856
-4.22    0.617856
-4.2    0.617855
-4.18    0.617854
-4.16    0.617854
-4.14    0.617853
-4.12    0.617852
-4.1    0.617852
-4.08    0.617851
-4.06    0.61785
-4.04    0.617849
-4.02    0.617848
-4    0.617847
-3.98    0.617846
-3.96    0.617845
-3.94    0.617844
-3.92    0.617843
-3.9    0.617841
-3.88    0.61784
-3.86    0.617838
-3.84    0.617837
-3.82    0.617835
-3.8    0.617834
-3.78    0.617832
-3.76    0.61783
-3.74    0.617828
-3.72    0.617826
-3.7    0.617823
-3.68    0.617821
-3.66    0.617819
-3.64    0.617816
-3.62    0.617813
-3.6    0.61781
-3.58    0.617807
-3.56    0.617804
-3.54    0.6178
-3.52    0.617796
-3.5    0.617793
-3.48    0.617788
-3.46    0.617784
-3.44    0.617779
-3.42    0.617775
-3.4    0.61777
-3.38    0.617764
-3.36    0.617758
-3.34    0.617752
-3.32    0.617746
-3.3    0.617739
-3.28    0.617732
-3.26    0.617725
-3.24    0.617717
-3.22    0.617708
-3.2    0.617699
-3.18    0.61769
-3.16    0.61768
-3.14    0.61767
-3.12    0.617658
-3.1    0.617647
-3.08    0.617634
-3.06    0.617621
-3.04    0.617608
-3.02    0.617593
-3    0.617578
-2.98    0.617561
-2.96    0.617544
-2.94    0.617526
-2.92    0.617507
-2.9    0.617486
-2.88    0.617465
-2.86    0.617442
-2.84    0.617418
-2.82    0.617393
-2.8    0.617366
-2.78    0.617338
-2.76    0.617308
-2.74    0.617277
-2.72    0.617243
-2.7    0.617208
-2.68    0.617171
-2.66    0.617131
-2.64    0.61709
-2.62    0.617046
-2.6    0.616999
-2.58    0.61695
-2.56    0.616898
-2.54    0.616844
-2.52    0.616786
-2.5    0.616724
-2.48    0.61666
-2.46    0.616591
-2.44    0.616519
-2.42    0.616442
-2.4    0.616361
-2.38    0.616276
-2.36    0.616186
-2.34    0.61609
-2.32    0.61599
-2.3    0.615883
-2.28    0.61577
-2.26    0.615651
-2.24    0.615526
-2.22    0.615393
-2.2    0.615252
-2.18    0.615103
-2.16    0.614946
-2.14    0.614781
-2.12    0.614605
-2.1    0.61442
-2.08    0.614224
-2.06    0.614017
-2.04    0.613798
-2.02    0.613567
-2    0.613322
-1.98    0.613064
-1.96    0.612791
-1.94    0.612503
-1.92    0.612198
-1.9    0.611876
-1.88    0.611535
-1.86    0.611175
-1.84    0.610795
-1.82    0.610393
-1.8    0.609969
-1.78    0.609521
-1.76    0.609047
-1.74    0.608546
-1.72    0.608017
-1.7    0.607458
-1.68    0.606868
-1.66    0.606245
-1.64    0.605586
-1.62    0.604891
-1.6    0.604156
-1.58    0.60338
-1.56    0.602561
-1.54    0.601696
-1.52    0.600782
-1.5    0.599818
-1.48    0.5988
-1.46    0.597726
-1.44    0.596592
-1.42    0.595395
-1.4    0.594132
-1.38    0.5928
-1.36    0.591395
-1.34    0.589913
-1.32    0.58835
-1.3    0.586702
-1.28    0.584965
-1.26    0.583135
-1.24    0.581206
-1.22    0.579174
-1.2    0.577034
-1.18    0.574781
-1.16    0.57241
-1.14    0.569914
-1.12    0.567289
-1.1    0.564529
-1.08    0.561627
-1.06    0.558579
-1.04    0.555377
-1.02    0.552016
-1    0.548489
-0.98    0.54479
-0.96    0.540914
-0.94    0.536853
-0.92    0.532602
-0.9    0.528155
-0.88    0.523507
-0.86    0.518652
-0.84    0.513584
-0.82    0.5083
-0.8    0.502795
-0.78    0.497066
-0.76    0.491109
-0.74    0.484923
-0.72    0.478507
-0.7    0.471859
-0.68    0.464981
-0.66    0.457875
-0.64    0.450544
-0.62    0.442991
-0.6    0.435223
-0.58    0.427247
-0.56    0.419072
-0.54    0.410707
-0.52    0.402165
-0.5    0.393459
-0.48    0.384603
-0.46    0.375613
-0.44    0.366507
-0.42    0.357304
-0.4    0.348023
-0.38    0.338685
-0.36    0.329311
-0.34    0.319923
-0.32    0.310543
-0.3    0.301193
-0.28    0.291895
-0.26    0.282672
-0.24    0.273543
-0.22    0.264529
-0.2    0.255649
-0.18    0.24692
-0.16    0.23836
-0.14    0.229983
-0.12    0.221802
-0.1    0.21383
-0.08    0.206075
-0.06    0.198547
-0.04    0.191253
-0.02    0.184196
-1.80342e-14    0.17738
0.02    0.170808
0.04    0.164479
0.06    0.158394
0.08    0.15255
0.1    0.146944
0.12    0.141572
0.14    0.13643
0.16    0.131513
0.18    0.126814
0.2    0.122328
0.22    0.118047
0.24    0.113966
0.26    0.110075
0.28    0.10637
0.3    0.102841
0.32    0.0994824
0.34    0.0962867
0.36    0.0932468
0.38    0.0903557
0.4    0.0876068
0.42    0.0849934
0.44    0.0825092
0.46    0.0801481
0.48    0.0779041
0.5    0.0757715
0.52    0.073745
0.54    0.0718193
0.56    0.0699893
0.58    0.0682504
0.6    0.0665979
0.62    0.0650276
0.64    0.0635353
0.66    0.0621171
0.68    0.0607693
0.7    0.0594884
0.72    0.0582709
0.74    0.0571137
0.76    0.0560138
0.78    0.0549682
0.8    0.0539743
0.82    0.0530295
0.84    0.0521313
0.86    0.0512773
0.88    0.0504655
0.9    0.0496935
0.92    0.0489596
0.94    0.0482617
0.96    0.0475982
0.98    0.0469672
1    0.0463672
1.02    0.0457966
1.04    0.045254
1.06    0.044738
1.08    0.0442473
1.1    0.0437807
1.12    0.0433369
1.14    0.0429148
1.16    0.0425133
1.18    0.0421316
1.2    0.0417684
1.22    0.0414231
1.24    0.0410946
1.26    0.0407822
1.28    0.0404851
1.3    0.0402025
1.32    0.0399337
1.34    0.039678
1.36    0.0394348
1.38    0.0392035
1.4    0.0389835
1.42    0.0387743
1.44    0.0385753
1.46    0.0383859
1.48    0.0382059
1.5    0.0380346
1.52    0.0378717
1.54    0.0377167
1.56    0.0375693
1.58    0.0374291
1.6    0.0372958
1.62    0.0371689
1.64    0.0370483
1.66    0.0369335
1.68    0.0368244
1.7    0.0367205
1.72    0.0366218
1.74    0.0365278
1.76    0.0364385
1.78    0.0363535
1.8    0.0362726
1.82    0.0361957
1.84    0.0361226
1.86    0.036053
1.88    0.0359868
1.9    0.0359239
1.92    0.035864
1.94    0.035807
1.96    0.0357528
1.98    0.0357013
2    0.0356523
2.02    0.0356056
2.04    0.0355613
2.06    0.0355191
2.08    0.0354789
2.1    0.0354408
2.12    0.0354044
2.14    0.0353699
2.16    0.035337
2.18    0.0353058
2.2    0.035276
2.22    0.0352477
2.24    0.0352208
2.26    0.0351952
2.28    0.0351709
2.3    0.0351477
2.32    0.0351257
2.34    0.0351047
2.36    0.0350848
2.38    0.0350658
2.4    0.0350478
2.42    0.0350306
2.44    0.0350143
2.46    0.0349987
2.48    0.0349839
2.5    0.0349699
2.52    0.0349565
2.54    0.0349438
2.56    0.0349317
2.58    0.0349202
2.6    0.0349092
2.62    0.0348988
2.64    0.0348889
2.66    0.0348794
2.68    0.0348705
2.7    0.0348619
2.72    0.0348538
2.74    0.0348461
2.76    0.0348387
2.78    0.0348317
2.8    0.0348251
2.82    0.0348187
2.84    0.0348127
2.86    0.034807
2.88    0.0348015
2.9    0.0347963
2.92    0.0347914
2.94    0.0347867
2.96    0.0347822
2.98    0.034778
3    0.0347739
3.02    0.0347701
3.04    0.0347664
3.06    0.0347629
3.08    0.0347596
3.1    0.0347564
3.12    0.0347534
3.14    0.0347506
3.16    0.0347479
3.18    0.0347453
3.2    0.0347428
3.22    0.0347405
3.24    0.0347383
3.26    0.0347361
3.28    0.0347341
3.3    0.0347322
3.32    0.0347304
3.34    0.0347286
3.36    0.034727
3.38    0.0347254
3.4    0.0347239
3.42    0.0347225
3.44    0.0347211
3.46    0.0347198
3.48    0.0347186
3.5    0.0347174
3.52    0.0347163
3.54    0.0347153
3.56    0.0347142
3.58    0.0347133
3.6    0.0347124
3.62    0.0347115
3.64    0.0347107
3.66    0.0347099
3.68    0.0347091
3.7    0.0347084
3.72    0.0347078
3.74    0.0347071
3.76    0.0347065
3.78    0.0347059
3.8    0.0347054
3.82    0.0347048
3.84    0.0347043
3.86    0.0347038
3.88    0.0347034
3.9    0.0347029
3.92    0.0347025
3.94    0.0347021
3.96    0.0347018
3.98    0.0347014
4    0.0347011
4.02    0.0347007
4.04    0.0347004
4.06    0.0347001
4.08    0.0346999
4.1    0.0346996
4.12    0.0346994
4.14    0.0346991
4.16    0.0346989
4.18    0.0346987
4.2    0.0346985
4.22    0.0346983
4.24    0.0346981
4.26    0.0346979
4.28    0.0346977
4.3    0.0346976
4.32    0.0346974
4.34    0.0346973
4.36    0.0346971
4.38    0.034697
4.4    0.0346969
4.42    0.0346967
4.44    0.0346966
4.46    0.0346965
4.48    0.0346964
4.5    0.0346963
4.52    0.0346962
4.54    0.0346961
4.56    0.0346961
4.58    0.034696
4.6    0.0346959
4.62    0.0346958
4.64    0.0346957
4.66    0.0346957
4.68    0.0346956
4.7    0.0346956
4.72    0.0346955
4.74    0.0346954
4.76    0.0346954
4.78    0.0346953
4.8    0.0346953
4.82    0.0346953
4.84    0.0346952
4.86    0.0346952
4.88    0.0346951
4.9    0.0346951
4.92    0.0346951
4.94    0.034695
4.96    0.034695
4.98    0.034695
