-5    0.000168153
-4.98    0.000168231
-4.96    0.000168313
-4.94    0.000168399
-4.92    0.000168487
-4.9    0.00016858
-4.88    0.000168676
-4.86    0.000168776
-4.84    0.000168881
-4.82    0.000168989
-4.8    0.000169102
-4.78    0.00016922
-4.76    0.000169342
-4.74    0.000169469
-4.72    0.000169602
-4.7    0.00016974
-4.68    0.000169883
-4.66    0.000170032
-4.64    0.000170188
-4.62    0.00017035
-4.6    0.000170518
-4.58    0.000170693
-4.56    0.000170875
-4.54    0.000171065
-4.52    0.000171263
-4.5    0.000171468
-4.48    0.000171682
-4.46    0.000171904
-4.44    0.000172135
-4.42    0.000172376
-4.4    0.000172627
-4.38    0.000172888
-4.36    0.000173159
-4.34    0.000173441
-4.32    0.000173735
-4.3    0.00017404
-4.28    0.000174358
-4.26    0.000174689
-4.24    0.000175033
-4.22    0.000175391
-4.2    0.000175764
-4.18    0.000176152
-4.16    0.000176555
-4.14    0.000176975
-4.12    0.000177411
-4.1    0.000177866
-4.08    0.000178338
-4.06    0.00017883
-4.04    0.000179342
-4.02    0.000179875
-4    0.000180429
-3.98    0.000181006
-3.96    0.000181606
-3.94    0.000182231
-3.92    0.000182881
-3.9    0.000183558
-3.88    0.000184263
-3.86    0.000184997
-3.84    0.000185761
-3.82    0.000186557
-3.8    0.000187386
-3.78    0.000188249
-3.76    0.000189149
-3.74    0.000190087
-3.72    0.000191064
-3.7    0.000192084
-3.68    0.000193147
-3.66    0.000194256
-3.64    0.000195415
-3.62    0.000196624
-3.6    0.000197888
-3.58    0.000199208
-3.56    0.00020059
-3.54    0.000202036
-3.52    0.000203551
-3.5    0.000205139
-3.48    0.000206805
-3.46    0.000208555
-3.44    0.000210395
-3.42    0.000212331
-3.4    0.000214372
-3.38    0.000216526
-3.36    0.000218803
-3.34    0.000221214
-3.32    0.000223771
-3.3    0.000226489
-3.28    0.000229384
-3.26    0.000232473
-3.24    0.000235779
-3.22    0.000239325
-3.2    0.000243138
-3.18    0.000247252
-3.16    0.000251702
-3.14    0.000256531
-3.12    0.000261788
-3.1    0.000267532
-3.08    0.000273828
-3.06    0.000280754
-3.04    0.000288402
-3.02    0.000296878
-3    0.000306309
-2.98    0.00031684
-2.96    0.000328648
-2.94    0.000341939
-2.92    0.000356956
-2.9    0.000373992
-2.88    0.000393393
-2.86    0.000415573
-2.84    0.000441026
-2.82    0.000470343
-2.8    0.000504234
-2.78    0.000543548
-2.76    0.000589301
-2.74    0.000642709
-2.72    0.00070522
-2.7    0.000778555
-2.68    0.000864748
-2.66    0.000966182
-2.64    0.00108563
-2.62    0.00122627
-2.6    0.00139171
-2.58    0.00158597
-2.56    0.00181342
-2.54    0.00207872
-2.52    0.00238665
-2.5    0.00274199
-2.48    0.00314925
-2.46    0.00361243
-2.44    0.00413479
-2.42    0.00471857
-2.4    0.00536483
-2.38    0.00607333
-2.36    0.00684246
-2.34    0.00766939
-2.32    0.00855016
-2.3    0.00947999
-2.28    0.0104536
-2.26    0.0114655
-2.24    0.0125103
-2.22    0.0135831
-2.2    0.0146795
-2.18    0.0157962
-2.16    0.0169306
-2.14    0.0180812
-2.12    0.0192473
-2.1    0.0204293
-2.08    0.0216283
-2.06    0.0228461
-2.04    0.0240852
-2.02    0.0253485
-2    0.0266392
-1.98    0.027961
-1.96    0.0293176
-1.94    0.0307127
-1.92    0.0321503
-1.9    0.0336341
-1.88    0.035168
-1.86    0.0367554
-1.84    0.0383998
-1.82    0.0401045
-1.8    0.0418722
-1.78    0.0437059
-1.76    0.0456079
-1.74    0.0475803
-1.72    0.0496248
-1.7    0.0517431
-1.68    0.0539362
-1.66    0.0562047
-1.64    0.0585492
-1.62    0.0609696
-1.6    0.0634656
-1.58    0.0660364
-1.56    0.0686807
-1.54    0.0713973
-1.52    0.0741841
-1.5    0.0770388
-1.48    0.079959
-1.46    0.0829417
-1.44    0.0859836
-1.42    0.0890812
-1.4    0.0922307
-1.38    0.0954281
-1.36    0.098669
-1.34    0.101949
-1.32    0.105264
-1.3    0.108608
-1.28    0.111977
-1.26    0.115366
-1.24    0.11877
-1.22    0.122184
-1.2    0.125602
-1.18    0.129021
-1.16    0.132435
-1.14    0.135839
-1.12    0.139229
-1.1    0.1426
-1.08    0.145948
-1.06    0.149268
-1.04    0.152556
-1.02    0.155809
-1    0.159022
-0.98    0.162193
-0.96    0.165317
-0.94    0.168392
-0.92    0.171415
-0.9    0.174383
-0.88    0.177293
-0.86    0.180144
-0.84    0.182933
-0.82    0.185657
-0.8    0.188317
-0.78    0.190909
-0.76    0.193432
-0.74    0.195886
-0.72    0.198268
-0.7    0.200579
-0.68    0.202818
-0.66    0.204983
-0.64    0.207075
-0.62    0.209093
-0.6    0.211037
-0.58    0.212906
-0.56    0.214703
-0.54    0.216425
-0.52    0.218074
-0.5    0.219651
-0.48    0.221156
-0.46    0.222589
-0.44    0.223953
-0.42    0.225247
-0.4    0.226473
-0.38    0.227633
-0.36    0.228728
-0.34    0.229759
-0.32    0.230727
-0.3    0.231634
-0.28    0.232483
-0.26    0.233273
-0.24    0.234007
-0.22    0.234686
-0.2    0.235312
-0.18    0.235885
-0.16    0.236407
-0.14    0.236878
-0.12    0.2373
-0.1    0.237672
-0.08    0.237994
-0.06    0.238268
-0.04    0.238491
-0.02    0.238665
-1.80342e-14    0.238787
0.02    0.238857
0.04    0.238873
0.06    0.238832
0.08    0.238734
0.1    0.238575
0.12    0.238352
0.14    0.238062
0.16    0.237702
0.18    0.237268
0.2    0.236755
0.22    0.23616
0.24    0.235478
0.26    0.234704
0.28    0.233834
0.3    0.232862
0.32    0.231784
0.34    0.230594
0.36    0.22929
0.38    0.227865
0.4    0.226317
0.42    0.224643
0.44    0.222839
0.46    0.220904
0.48    0.218838
0.5    0.216642
0.52    0.214316
0.54    0.211865
0.56    0.209292
0.58    0.206605
0.6    0.203811
0.62    0.200919
0.64    0.197939
0.66    0.194884
0.68    0.191766
0.7    0.188599
0.72    0.185396
0.74    0.182172
0.76    0.17894
0.78    0.175715
0.8    0.172508
0.82    0.169332
0.84    0.166196
0.86    0.16311
0.88    0.160081
0.9    0.157114
0.92    0.154213
0.94    0.15138
0.96    0.148616
0.98    0.145921
1    0.143291
1.02    0.140725
1.04    0.138217
1.06    0.135762
1.08    0.133355
1.1    0.13099
1.12    0.128661
1.14    0.126362
1.16    0.124085
1.18    0.121827
1.2    0.119581
1.22    0.117342
1.24    0.115107
1.26    0.112872
1.28    0.110636
1.3    0.108395
1.32    0.10615
1.34    0.1039
1.36    0.101647
1.38    0.0993914
1.4    0.0971356
1.42    0.094882
1.44    0.0926331
1.46    0.0903919
1.48    0.0881608
1.5    0.0859425
1.52    0.0837393
1.54    0.081553
1.56    0.0793851
1.58    0.0772367
1.6    0.0751085
1.62    0.0730007
1.64    0.0709132
1.66    0.0688458
1.68    0.066798
1.7    0.0647689
1.72    0.0627581
1.74    0.0607649
1.76    0.0587886
1.78    0.0568288
1.8    0.0548854
1.82    0.0529584
1.84    0.0510479
1.86    0.0491546
1.88    0.0472791
1.9    0.0454226
1.92    0.0435863
1.94    0.0417717
1.96    0.0399806
1.98    0.0382149
2    0.0364766
2.02    0.0347679
2.04    0.033091
2.06    0.0314482
2.08    0.0298417
2.1    0.0282739
2.12    0.0267468
2.14    0.0252626
2.16    0.0238231
2.18    0.0224301
2.2    0.0210853
2.22    0.0197898
2.24    0.0185449
2.26    0.0173514
2.28    0.01621
2.3    0.0151209
2.32    0.0140843
2.34    0.0131
2.36    0.0121677
2.38    0.0112865
2.4    0.0104558
2.42    0.00967437
2.44    0.00894097
2.46    0.00825417
2.48    0.00761239
2.5    0.00701393
2.52    0.006457
2.54    0.00593973
2.56    0.00546018
2.58    0.0050164
2.6    0.00460642
2.62    0.00422827
2.64    0.00388001
2.66    0.00355972
2.68    0.00326555
2.7    0.00299569
2.72    0.0027484
2.74    0.00252203
2.76    0.00231499
2.78    0.00212578
2.8    0.00195298
2.82    0.00179526
2.84    0.00165137
2.86    0.00152014
2.88    0.00140051
2.9    0.00129145
2.92    0.00119205
2.94    0.00110145
2.96    0.00101886
2.98    0.000943558
3    0.00087489
3.02    0.000812247
3.04    0.000755079
3.06    0.000702882
3.08    0.000655199
3.1    0.000611614
3.12    0.000571748
3.14    0.00053526
3.16    0.000501838
3.18    0.0004712
3.2    0.000443092
3.22    0.000417283
3.24    0.000393563
3.26    0.000371744
3.28    0.000351654
3.3    0.000333138
3.32    0.000316057
3.34    0.000300283
3.36    0.000285701
3.38    0.000272209
3.4    0.000259711
3.42    0.000248122
3.44    0.000237365
3.46    0.00022737
3.48    0.000218073
3.5    0.000209416
3.52    0.000201347
3.54    0.000193818
3.56    0.000186785
3.58    0.000180209
3.6    0.000174054
3.62    0.000168287
3.64    0.000162878
3.66    0.0001578
3.68    0.000153026
3.7    0.000148536
3.72    0.000144307
3.74    0.000140321
3.76    0.000136559
3.78    0.000133006
3.8    0.000129647
3.82    0.000126468
3.84    0.000123457
3.86    0.000120602
3.88    0.000117893
3.9    0.000115319
3.92    0.000112871
3.94    0.000110542
3.96    0.000108323
3.98    0.000106208
4    0.00010419
4.02    0.000102262
4.04    0.000100419
4.06    9.86562e-05
4.08    9.6968e-05
4.1    9.53501e-05
4.12    9.37983e-05
4.14    9.23088e-05
4.16    9.08777e-05
4.18    8.95019e-05
4.2    8.8178e-05
4.22    8.69032e-05
4.24    8.56748e-05
4.26    8.44901e-05
4.28    8.33467e-05
4.3    8.22426e-05
4.32    8.11755e-05
4.34    8.01435e-05
4.36    7.91448e-05
4.38    7.81777e-05
4.4    7.72405e-05
4.42    7.63319e-05
4.44    7.54504e-05
4.46    7.45947e-05
4.48    7.37635e-05
4.5    7.29558e-05
4.52    7.21703e-05
4.54    7.14062e-05
4.56    7.06624e-05
4.58    6.9938e-05
4.6    6.92323e-05
4.62    6.85443e-05
4.64    6.78734e-05
4.66    6.72189e-05
4.68    6.65801e-05
4.7    6.59563e-05
4.72    6.53471e-05
4.74    6.47517e-05
4.76    6.41698e-05
4.78    6.36008e-05
4.8    6.30443e-05
4.82    6.24997e-05
4.84    6.19667e-05
4.86    6.1445e-05
4.88    6.09341e-05
4.9    6.04336e-05
4.92    5.99433e-05
4.94    5.94628e-05
4.96    5.89918e-05
4.98    5.85301e-05
