-5    0.95836
-4.98    0.958318
-4.96    0.958275
-4.94    0.958232
-4.92    0.958189
-4.9    0.958145
-4.88    0.958101
-4.86    0.958056
-4.84    0.958011
-4.82    0.957966
-4.8    0.95792
-4.78    0.957873
-4.76    0.957826
-4.74    0.957778
-4.72    0.95773
-4.7    0.957681
-4.68    0.957632
-4.66    0.957582
-4.64    0.957531
-4.62    0.95748
-4.6    0.957428
-4.58    0.957375
-4.56    0.957322
-4.54    0.957268
-4.52    0.957213
-4.5    0.957158
-4.48    0.957102
-4.46    0.957045
-4.44    0.956987
-4.42    0.956928
-4.4    0.956869
-4.38    0.956808
-4.36    0.956747
-4.34    0.956684
-4.32    0.956621
-4.3    0.956557
-4.28    0.956491
-4.26    0.956425
-4.24    0.956357
-4.22    0.956289
-4.2    0.956219
-4.18    0.956147
-4.16    0.956075
-4.14    0.956001
-4.12    0.955926
-4.1    0.95585
-4.08    0.955772
-4.06    0.955692
-4.04    0.955611
-4.02    0.955529
-4    0.955444
-3.98    0.955358
-3.96    0.955271
-3.94    0.955181
-3.92    0.95509
-3.9    0.954996
-3.88    0.954901
-3.86    0.954803
-3.84    0.954704
-3.82    0.954602
-3.8    0.954498
-3.78    0.954391
-3.76    0.954282
-3.74    0.954171
-3.72    0.954056
-3.7    0.953939
-3.68    0.953819
-3.66    0.953697
-3.64    0.953571
-3.62    0.953442
-3.6    0.95331
-3.58    0.953174
-3.56    0.953035
-3.54    0.952892
-3.52    0.952746
-3.5    0.952595
-3.48    0.952441
-3.46    0.952282
-3.44    0.952119
-3.42    0.951952
-3.4    0.95178
-3.38    0.951603
-3.36    0.951421
-3.34    0.951234
-3.32    0.951042
-3.3    0.950844
-3.28    0.95064
-3.26    0.950431
-3.24    0.950215
-3.22    0.949993
-3.2    0.949764
-3.18    0.949528
-3.16    0.949285
-3.14    0.949035
-3.12    0.948777
-3.1    0.948511
-3.08    0.948237
-3.06    0.947954
-3.04    0.947662
-3.02    0.947362
-3    0.947051
-2.98    0.946731
-2.96    0.9464
-2.94    0.946059
-2.92    0.945706
-2.9    0.945342
-2.88    0.944966
-2.86    0.944578
-2.84    0.944176
-2.82    0.943762
-2.8    0.943333
-2.78    0.94289
-2.76    0.942433
-2.74    0.941959
-2.72    0.94147
-2.7    0.940964
-2.68    0.94044
-2.66    0.939899
-2.64    0.939339
-2.62    0.938759
-2.6    0.938159
-2.58    0.937538
-2.56    0.936896
-2.54    0.936231
-2.52    0.935542
-2.5    0.934829
-2.48    0.934091
-2.46    0.933327
-2.44    0.932535
-2.42    0.931715
-2.4    0.930866
-2.38    0.929986
-2.36    0.929074
-2.34    0.92813
-2.32    0.927151
-2.3    0.926137
-2.28    0.925086
-2.26    0.923997
-2.24    0.922869
-2.22    0.921699
-2.2    0.920486
-2.18    0.919229
-2.16    0.917926
-2.14    0.916575
-2.12    0.915175
-2.1    0.913723
-2.08    0.912219
-2.06    0.910659
-2.04    0.909041
-2.02    0.907365
-2    0.905626
-1.98    0.903825
-1.96    0.901957
-1.94    0.900021
-1.92    0.898014
-1.9    0.895933
-1.88    0.893777
-1.86    0.891543
-1.84    0.889227
-1.82    0.886827
-1.8    0.88434
-1.78    0.881764
-1.76    0.879095
-1.74    0.876331
-1.72    0.873467
-1.7    0.870502
-1.68    0.867432
-1.66    0.864253
-1.64    0.860962
-1.62    0.857557
-1.6    0.854032
-1.58    0.850386
-1.56    0.846614
-1.54    0.842714
-1.52    0.838681
-1.5    0.834511
-1.48    0.830203
-1.46    0.825751
-1.44    0.821153
-1.42    0.816404
-1.4    0.811502
-1.38    0.806444
-1.36    0.801225
-1.34    0.795843
-1.32    0.790294
-1.3    0.784577
-1.28    0.778688
-1.26    0.772624
-1.24    0.766384
-1.22    0.759965
-1.2    0.753366
-1.18    0.746585
-1.16    0.739622
-1.14    0.732475
-1.12    0.725144
-1.1    0.71763
-1.08    0.709934
-1.06    0.702056
-1.04    0.693999
-1.02    0.685765
-1    0.677357
-0.98    0.668779
-0.96    0.660037
-0.94    0.651134
-0.92    0.642076
-0.9    0.632871
-0.88    0.623526
-0.86    0.614048
-0.84    0.604447
-0.82    0.594732
-0.8    0.584913
-0.78    0.575
-0.76    0.565005
-0.74    0.554938
-0.72    0.544813
-0.7    0.534641
-0.68    0.524435
-0.66    0.514208
-0.64    0.503972
-0.62    0.493739
-0.6    0.483523
-0.58    0.473335
-0.56    0.463189
-0.54    0.453094
-0.52    0.443064
-0.5    0.433108
-0.48    0.423237
-0.46    0.41346
-0.44    0.403786
-0.42    0.394224
-0.4    0.38478
-0.38    0.375462
-0.36    0.366276
-0.34    0.357226
-0.32    0.348319
-0.3    0.339557
-0.28    0.330944
-0.26    0.322482
-0.24    0.314175
-0.22    0.306022
-0.2    0.298027
-0.18    0.290188
-0.16    0.282508
-0.14    0.274984
-0.12    0.267618
-0.1    0.260409
-0.08    0.253355
-0.06    0.246457
-0.04    0.239713
-0.02    0.233122
-1.80342e-14    0.226683
0.02    0.220394
0.04    0.214255
0.06    0.208265
0.08    0.202422
0.1    0.196725
0.12    0.191173
0.14    0.185765
0.16    0.1805
0.18    0.175377
0.2    0.170395
0.22    0.165553
0.24    0.16085
0.26    0.156285
0.28    0.151856
0.3    0.147563
0.32    0.143404
0.34    0.139377
0.36    0.135482
0.38    0.131717
0.4    0.12808
0.42    0.124569
0.44    0.121183
0.46    0.117919
0.48    0.114775
0.5    0.111749
0.52    0.108839
0.54    0.106041
0.56    0.103354
0.58    0.100775
0.6    0.0983001
0.62    0.0959276
0.64    0.0936542
0.66    0.0914769
0.68    0.0893928
0.7    0.0873989
0.72    0.0854921
0.74    0.0836694
0.76    0.0819278
0.78    0.0802643
0.8    0.0786759
0.82    0.0771597
0.84    0.0757128
0.86    0.0743324
0.88    0.0730157
0.9    0.0717601
0.92    0.0705628
0.94    0.0694214
0.96    0.0683332
0.98    0.067296
1    0.0663074
1.02    0.0653652
1.04    0.0644671
1.06    0.063611
1.08    0.0627951
1.1    0.0620173
1.12    0.0612757
1.14    0.0605687
1.16    0.0598944
1.18    0.0592514
1.2    0.0586379
1.22    0.0580526
1.24    0.0574941
1.26    0.0569609
1.28    0.0564518
1.3    0.0559655
1.32    0.0555009
1.34    0.055057
1.36    0.0546325
1.38    0.0542266
1.4    0.0538382
1.42    0.0534664
1.44    0.0531105
1.46    0.0527695
1.48    0.0524428
1.5    0.0521295
1.52    0.0518289
1.54    0.0515405
1.56    0.0512635
1.58    0.0509974
1.6    0.0507416
1.62    0.0504955
1.64    0.0502587
1.66    0.0500307
1.68    0.049811
1.7    0.0495992
1.72    0.0493949
1.74    0.0491977
1.76    0.0490072
1.78    0.048823
1.8    0.0486449
1.82    0.0484726
1.84    0.0483056
1.86    0.0481439
1.88    0.047987
1.9    0.0478347
1.92    0.0476868
1.94    0.0475431
1.96    0.0474034
1.98    0.0472674
2    0.0471349
2.02    0.0470059
2.04    0.04688
2.06    0.0467572
2.08    0.0466373
2.1    0.0465201
2.12    0.0464055
2.14    0.0462934
2.16    0.0461837
2.18    0.0460762
2.2    0.0459708
2.22    0.0458674
2.24    0.0457659
2.26    0.0456663
2.28    0.0455683
2.3    0.0454721
2.32    0.0453774
2.34    0.0452841
2.36    0.0451923
2.38    0.0451019
2.4    0.0450127
2.42    0.0449248
2.44    0.044838
2.46    0.0447523
2.48    0.0446677
2.5    0.0445841
2.52    0.0445015
2.54    0.0444197
2.56    0.0443389
2.58    0.0442589
2.6    0.0441797
2.62    0.0441012
2.64    0.0440235
2.66    0.0439465
2.68    0.0438701
2.7    0.0437944
2.72    0.0437193
2.74    0.0436448
2.76    0.0435708
2.78    0.0434974
2.8    0.0434245
2.82    0.0433521
2.84    0.0432802
2.86    0.0432087
2.88    0.0431377
2.9    0.0430671
2.92    0.0429969
2.94    0.0429271
2.96    0.0428577
2.98    0.0427887
3    0.04272
3.02    0.0426517
3.04    0.0425836
3.06    0.0425159
3.08    0.0424486
3.1    0.0423815
3.12    0.0423147
3.14    0.0422482
3.16    0.0421819
3.18    0.042116
3.2    0.0420503
3.22    0.0419848
3.24    0.0419196
3.26    0.0418546
3.28    0.0417899
3.3    0.0417254
3.32    0.0416611
3.34    0.0415971
3.36    0.0415332
3.38    0.0414696
3.4    0.0414062
3.42    0.041343
3.44    0.0412799
3.46    0.0412171
3.48    0.0411545
3.5    0.041092
3.52    0.0410297
3.54    0.0409677
3.56    0.0409058
3.58    0.040844
3.6    0.0407825
3.62    0.0407211
3.64    0.0406599
3.66    0.0405988
3.68    0.040538
3.7    0.0404772
3.72    0.0404167
3.74    0.0403563
3.76    0.0402961
3.78    0.040236
3.8    0.040176
3.82    0.0401163
3.84    0.0400567
3.86    0.0399972
3.88    0.0399379
3.9    0.0398787
3.92    0.0398197
3.94    0.0397608
3.96    0.0397021
3.98    0.0396435
4    0.039585
4.02    0.0395267
4.04    0.0394686
4.06    0.0394105
4.08    0.0393527
4.1    0.0392949
4.12    0.0392373
4.14    0.0391798
4.16    0.0391225
4.18    0.0390653
4.2    0.0390082
4.22    0.0389513
4.24    0.0388944
4.26    0.0388378
4.28    0.0387812
4.3    0.0387248
4.32    0.0386685
4.34    0.0386123
4.36    0.0385563
4.38    0.0385004
4.4    0.0384446
4.42    0.0383889
4.44    0.0383334
4.46    0.038278
4.48    0.0382227
4.5    0.0381675
4.52    0.0381124
4.54    0.0380575
4.56    0.0380027
4.58    0.037948
4.6    0.0378934
4.62    0.0378389
4.64    0.0377846
4.66    0.0377303
4.68    0.0376762
4.7    0.0376222
4.72    0.0375683
4.74    0.0375145
4.76    0.0374608
4.78    0.0374072
4.8    0.0373538
4.82    0.0373004
4.84    0.0372472
4.86    0.037194
4.88    0.037141
4.9    0.037088
4.92    0.0370352
4.94    0.0369824
4.96    0.0369298
4.98    0.0368773
