-5    0.525073
-4.98    0.525073
-4.96    0.525073
-4.94    0.525073
-4.92    0.525073
-4.9    0.525073
-4.88    0.525073
-4.86    0.525073
-4.84    0.525073
-4.82    0.525073
-4.8    0.525073
-4.78    0.525073
-4.76    0.525073
-4.74    0.525073
-4.72    0.525073
-4.7    0.525073
-4.68    0.525073
-4.66    0.525073
-4.64    0.525073
-4.62    0.525073
-4.6    0.525073
-4.58    0.525073
-4.56    0.525073
-4.54    0.525073
-4.52    0.525073
-4.5    0.525073
-4.48    0.525073
-4.46    0.525073
-4.44    0.525073
-4.42    0.525073
-4.4    0.525073
-4.38    0.525073
-4.36    0.525073
-4.34    0.525073
-4.32    0.525073
-4.3    0.525073
-4.28    0.525073
-4.26    0.525073
-4.24    0.525073
-4.22    0.525073
-4.2    0.525073
-4.18    0.525073
-4.16    0.525073
-4.14    0.525073
-4.12    0.525073
-4.1    0.525073
-4.08    0.525073
-4.06    0.525073
-4.04    0.525073
-4.02    0.525073
-4    0.525073
-3.98    0.525073
-3.96    0.525073
-3.94    0.525073
-3.92    0.525073
-3.9    0.525073
-3.88    0.525073
-3.86    0.525073
-3.84    0.525073
-3.82    0.525073
-3.8    0.525073
-3.78    0.525073
-3.76    0.525073
-3.74    0.525073
-3.72    0.525073
-3.7    0.525073
-3.68    0.525073
-3.66    0.525073
-3.64    0.525073
-3.62    0.525073
-3.6    0.525073
-3.58    0.525073
-3.56    0.525073
-3.54    0.525073
-3.52    0.525073
-3.5    0.525073
-3.48    0.525073
-3.46    0.525073
-3.44    0.525073
-3.42    0.525073
-3.4    0.525073
-3.38    0.525073
-3.36    0.525073
-3.34    0.525073
-3.32    0.525073
-3.3    0.525073
-3.28    0.525073
-3.26    0.525073
-3.24    0.525073
-3.22    0.525073
-3.2    0.525073
-3.18    0.525073
-3.16    0.525073
-3.14    0.525073
-3.12    0.525073
-3.1    0.525073
-3.08    0.525073
-3.06    0.525073
-3.04    0.525073
-3.02    0.525073
-3    0.525073
-2.98    0.525073
-2.96    0.525073
-2.94    0.525073
-2.92    0.525073
-2.9    0.525073
-2.88    0.525073
-2.86    0.525073
-2.84    0.525073
-2.82    0.525073
-2.8    0.525073
-2.78    0.525073
-2.76    0.525073
-2.74    0.525073
-2.72    0.525073
-2.7    0.525073
-2.68    0.525073
-2.66    0.525073
-2.64    0.525073
-2.62    0.525073
-2.6    0.525073
-2.58    0.525073
-2.56    0.525073
-2.54    0.525073
-2.52    0.525073
-2.5    0.525073
-2.48    0.525073
-2.46    0.525073
-2.44    0.525073
-2.42    0.525073
-2.4    0.525073
-2.38    0.525073
-2.36    0.525073
-2.34    0.525073
-2.32    0.525073
-2.3    0.525073
-2.28    0.525073
-2.26    0.525073
-2.24    0.525073
-2.22    0.525073
-2.2    0.525073
-2.18    0.525073
-2.16    0.525073
-2.14    0.525073
-2.12    0.525073
-2.1    0.525073
-2.08    0.525073
-2.06    0.525073
-2.04    0.525073
-2.02    0.525073
-2    0.525073
-1.98    0.525073
-1.96    0.525073
-1.94    0.525073
-1.92    0.525073
-1.9    0.525073
-1.88    0.525073
-1.86    0.525073
-1.84    0.525073
-1.82    0.525073
-1.8    0.525073
-1.78    0.525073
-1.76    0.525073
-1.74    0.525073
-1.72    0.525073
-1.7    0.525073
-1.68    0.525073
-1.66    0.525073
-1.64    0.525073
-1.62    0.525073
-1.6    0.525073
-1.58    0.525073
-1.56    0.525073
-1.54    0.525073
-1.52    0.525073
-1.5    0.525073
-1.48    0.525073
-1.46    0.525073
-1.44    0.525073
-1.42    0.525073
-1.4    0.525073
-1.38    0.525073
-1.36    0.525073
-1.34    0.525073
-1.32    0.525073
-1.3    0.525073
-1.28    0.525073
-1.26    0.525073
-1.24    0.525073
-1.22    0.525073
-1.2    0.525073
-1.18    0.525073
-1.16    0.525073
-1.14    0.525073
-1.12    0.525073
-1.1    0.525073
-1.08    0.525073
-1.06    0.525073
-1.04    0.525073
-1.02    0.525073
-1    0.525073
-0.98    0.525073
-0.96    0.525073
-0.94    0.525073
-0.92    0.525073
-0.9    0.525073
-0.88    0.525073
-0.86    0.525073
-0.84    0.525073
-0.82    0.525073
-0.8    0.525073
-0.78    0.525073
-0.76    0.525073
-0.74    0.525073
-0.72    0.525073
-0.7    0.525073
-0.68    0.525073
-0.66    0.525073
-0.64    0.525073
-0.62    0.525073
-0.6    0.525072
-0.58    0.525072
-0.56    0.525072
-0.54    0.525072
-0.52    0.525072
-0.5    0.525072
-0.48    0.525072
-0.46    0.525072
-0.44    0.525071
-0.42    0.525071
-0.4    0.525071
-0.38    0.52507
-0.36    0.52507
-0.34    0.525069
-0.32    0.525069
-0.3    0.525068
-0.28    0.525067
-0.26    0.525066
-0.24    0.525065
-0.22    0.525064
-0.2    0.525062
-0.18    0.52506
-0.16    0.525058
-0.14    0.525055
-0.12    0.525052
-0.1    0.525049
-0.08    0.525044
-0.06    0.525039
-0.04    0.525034
-0.02    0.525027
-1.80342e-14    0.525018
0.02    0.525009
0.04    0.524998
0.06    0.524984
0.08    0.524969
0.1    0.524951
0.12    0.524929
0.14    0.524904
0.16    0.524874
0.18    0.524839
0.2    0.524798
0.22    0.52475
0.24    0.524693
0.26    0.524626
0.28    0.524548
0.3    0.524455
0.32    0.524347
0.34    0.52422
0.36    0.52407
0.38    0.523894
0.4    0.523687
0.42    0.523444
0.44    0.523158
0.46    0.522823
0.48    0.522429
0.5    0.521966
0.52    0.521422
0.54    0.520785
0.56    0.520037
0.58    0.519159
0.6    0.51813
0.62    0.516924
0.64    0.515512
0.66    0.513859
0.68    0.511927
0.7    0.509669
0.72    0.507034
0.74    0.503964
0.76    0.500393
0.78    0.496246
0.8    0.491441
0.82    0.485889
0.84    0.479494
0.86    0.472155
0.88    0.463769
0.9    0.454236
0.92    0.443463
0.94    0.431375
0.96    0.41792
0.98    0.403084
1    0.386898
1.02    0.369453
1.04    0.350903
1.06    0.331469
1.08    0.311431
1.1    0.291122
1.12    0.270897
1.14    0.251115
1.16    0.232108
1.18    0.214158
1.2    0.19748
1.22    0.182213
1.24    0.168426
1.26    0.156121
1.28    0.145249
1.3    0.135725
1.32    0.127439
1.34    0.120272
1.36    0.114099
1.38    0.108801
1.4    0.104267
1.42    0.100393
1.44    0.0970891
1.46    0.0942737
1.48    0.0918766
1.5    0.0898368
1.52    0.0881017
1.54    0.0866261
1.56    0.0853713
1.58    0.0843045
1.6    0.0833975
1.62    0.0826264
1.64    0.0819708
1.66    0.0814134
1.68    0.0809394
1.7    0.0805365
1.72    0.0801939
1.74    0.0799026
1.76    0.0796548
1.78    0.0794442
1.8    0.0792651
1.82    0.0791128
1.84    0.0789832
1.86    0.0788731
1.88    0.0787794
1.9    0.0786997
1.92    0.078632
1.94    0.0785744
1.96    0.0785254
1.98    0.0784837
2    0.0784482
2.02    0.0784181
2.04    0.0783925
2.06    0.0783707
2.08    0.0783521
2.1    0.0783364
2.12    0.0783229
2.14    0.0783115
2.16    0.0783018
2.18    0.0782936
2.2    0.0782866
2.22    0.0782806
2.24    0.0782755
2.26    0.0782712
2.28    0.0782675
2.3    0.0782644
2.32    0.0782618
2.34    0.0782595
2.36    0.0782576
2.38    0.078256
2.4    0.0782546
2.42    0.0782534
2.44    0.0782524
2.46    0.0782515
2.48    0.0782508
2.5    0.0782502
2.52    0.0782497
2.54    0.0782492
2.56    0.0782488
2.58    0.0782485
2.6    0.0782482
2.62    0.078248
2.64    0.0782478
2.66    0.0782476
2.68    0.0782475
2.7    0.0782474
2.72    0.0782473
2.74    0.0782472
2.76    0.0782471
2.78    0.078247
2.8    0.078247
2.82    0.0782469
2.84    0.0782469
2.86    0.0782469
2.88    0.0782468
2.9    0.0782468
2.92    0.0782468
2.94    0.0782468
2.96    0.0782467
2.98    0.0782467
3    0.0782467
3.02    0.0782467
3.04    0.0782467
3.06    0.0782467
3.08    0.0782467
3.1    0.0782467
3.12    0.0782467
3.14    0.0782467
3.16    0.0782467
3.18    0.0782467
3.2    0.0782467
3.22    0.0782467
3.24    0.0782467
3.26    0.0782467
3.28    0.0782467
3.3    0.0782467
3.32    0.0782467
3.34    0.0782467
3.36    0.0782467
3.38    0.0782467
3.4    0.0782467
3.42    0.0782467
3.44    0.0782467
3.46    0.0782467
3.48    0.0782467
3.5    0.0782467
3.52    0.0782467
3.54    0.0782467
3.56    0.0782467
3.58    0.0782467
3.6    0.0782467
3.62    0.0782467
3.64    0.0782467
3.66    0.0782467
3.68    0.0782467
3.7    0.0782467
3.72    0.0782467
3.74    0.0782467
3.76    0.0782467
3.78    0.0782467
3.8    0.0782467
3.82    0.0782467
3.84    0.0782467
3.86    0.0782467
3.88    0.0782467
3.9    0.0782467
3.92    0.0782467
3.94    0.0782467
3.96    0.0782467
3.98    0.0782467
4    0.0782467
4.02    0.0782467
4.04    0.0782467
4.06    0.0782467
4.08    0.0782467
4.1    0.0782467
4.12    0.0782467
4.14    0.0782467
4.16    0.0782467
4.18    0.0782467
4.2    0.0782467
4.22    0.0782467
4.24    0.0782467
4.26    0.0782467
4.28    0.0782467
4.3    0.0782467
4.32    0.0782467
4.34    0.0782467
4.36    0.0782467
4.38    0.0782467
4.4    0.0782467
4.42    0.0782467
4.44    0.0782467
4.46    0.0782467
4.48    0.0782467
4.5    0.0782467
4.52    0.0782467
4.54    0.0782467
4.56    0.0782467
4.58    0.0782467
4.6    0.0782467
4.62    0.0782467
4.64    0.0782467
4.66    0.0782467
4.68    0.0782467
4.7    0.0782467
4.72    0.0782467
4.74    0.0782467
4.76    0.0782467
4.78    0.0782467
4.8    0.0782467
4.82    0.0782467
4.84    0.0782467
4.86    0.0782467
4.88    0.0782467
4.9    0.0782467
4.92    0.0782467
4.94    0.0782467
4.96    0.0782467
4.98    0.0782467
