-5    0.95058
-4.98    0.95058
-4.96    0.95058
-4.94    0.95058
-4.92    0.95058
-4.9    0.950579
-4.88    0.950579
-4.86    0.950579
-4.84    0.950579
-4.82    0.950579
-4.8    0.950579
-4.78    0.950579
-4.76    0.950579
-4.74    0.950579
-4.72    0.950579
-4.7    0.950579
-4.68    0.950579
-4.66    0.950579
-4.64    0.950579
-4.62    0.950578
-4.6    0.950578
-4.58    0.950578
-4.56    0.950578
-4.54    0.950578
-4.52    0.950578
-4.5    0.950578
-4.48    0.950578
-4.46    0.950578
-4.44    0.950578
-4.42    0.950577
-4.4    0.950577
-4.38    0.950577
-4.36    0.950577
-4.34    0.950577
-4.32    0.950577
-4.3    0.950577
-4.28    0.950577
-4.26    0.950577
-4.24    0.950576
-4.22    0.950576
-4.2    0.950576
-4.18    0.950576
-4.16    0.950576
-4.14    0.950576
-4.12    0.950576
-4.1    0.950575
-4.08    0.950575
-4.06    0.950575
-4.04    0.950575
-4.02    0.950575
-4    0.950575
-3.98    0.950574
-3.96    0.950574
-3.94    0.950574
-3.92    0.950574
-3.9    0.950574
-3.88    0.950574
-3.86    0.950573
-3.84    0.950573
-3.82    0.950573
-3.8    0.950573
-3.78    0.950573
-3.76    0.950572
-3.74    0.950572
-3.72    0.950572
-3.7    0.950572
-3.68    0.950572
-3.66    0.950571
-3.64    0.950571
-3.62    0.950571
-3.6    0.950571
-3.58    0.95057
-3.56    0.95057
-3.54    0.95057
-3.52    0.95057
-3.5    0.950569
-3.48    0.950569
-3.46    0.950569
-3.44    0.950568
-3.42    0.950568
-3.4    0.950568
-3.38    0.950568
-3.36    0.950567
-3.34    0.950567
-3.32    0.950567
-3.3    0.950566
-3.28    0.950566
-3.26    0.950566
-3.24    0.950565
-3.22    0.950565
-3.2    0.950564
-3.18    0.950564
-3.16    0.950564
-3.14    0.950563
-3.12    0.950563
-3.1    0.950563
-3.08    0.950562
-3.06    0.950562
-3.04    0.950561
-3.02    0.950561
-3    0.95056
-2.98    0.95056
-2.96    0.95056
-2.94    0.950559
-2.92    0.950559
-2.9    0.950558
-2.88    0.950558
-2.86    0.950557
-2.84    0.950557
-2.82    0.950556
-2.8    0.950556
-2.78    0.950555
-2.76    0.950555
-2.74    0.950554
-2.72    0.950553
-2.7    0.950553
-2.68    0.950552
-2.66    0.950552
-2.64    0.950551
-2.62    0.95055
-2.6    0.95055
-2.58    0.950549
-2.56    0.950548
-2.54    0.950548
-2.52    0.950547
-2.5    0.950546
-2.48    0.950546
-2.46    0.950545
-2.44    0.950544
-2.42    0.950544
-2.4    0.950543
-2.38    0.950542
-2.36    0.950541
-2.34    0.950541
-2.32    0.95054
-2.3    0.950539
-2.28    0.950538
-2.26    0.950537
-2.24    0.950537
-2.22    0.950536
-2.2    0.950535
-2.18    0.950534
-2.16    0.950533
-2.14    0.950532
-2.12    0.950531
-2.1    0.95053
-2.08    0.950529
-2.06    0.950528
-2.04    0.950527
-2.02    0.950526
-2    0.950525
-1.98    0.950524
-1.96    0.950523
-1.94    0.950522
-1.92    0.950521
-1.9    0.95052
-1.88    0.950519
-1.86    0.950518
-1.84    0.950517
-1.82    0.950516
-1.8    0.950515
-1.78    0.950514
-1.76    0.950512
-1.74    0.950511
-1.72    0.95051
-1.7    0.950509
-1.68    0.950508
-1.66    0.950506
-1.64    0.950505
-1.62    0.950504
-1.6    0.950503
-1.58    0.950501
-1.56    0.9505
-1.54    0.950499
-1.52    0.950497
-1.5    0.950496
-1.48    0.950495
-1.46    0.950493
-1.44    0.950492
-1.42    0.950491
-1.4    0.950489
-1.38    0.950488
-1.36    0.950486
-1.34    0.950485
-1.32    0.950484
-1.3    0.950482
-1.28    0.950481
-1.26    0.950479
-1.24    0.950478
-1.22    0.950476
-1.2    0.950475
-1.18    0.950473
-1.16    0.950472
-1.14    0.95047
-1.12    0.950469
-1.1    0.950467
-1.08    0.950465
-1.06    0.950464
-1.04    0.950462
-1.02    0.950461
-1    0.950459
-0.98    0.950458
-0.96    0.950456
-0.94    0.950454
-0.92    0.950453
-0.9    0.950451
-0.88    0.95045
-0.86    0.950448
-0.84    0.950446
-0.82    0.950445
-0.8    0.950443
-0.78    0.950441
-0.76    0.95044
-0.74    0.950438
-0.72    0.950436
-0.7    0.950435
-0.68    0.950433
-0.66    0.950432
-0.64    0.95043
-0.62    0.950428
-0.6    0.950427
-0.58    0.950425
-0.56    0.950423
-0.54    0.950422
-0.52    0.95042
-0.5    0.950418
-0.48    0.950417
-0.46    0.950415
-0.44    0.950413
-0.42    0.950412
-0.4    0.95041
-0.38    0.950409
-0.36    0.950407
-0.34    0.950405
-0.32    0.950404
-0.3    0.950402
-0.28    0.950401
-0.26    0.950399
-0.24    0.950397
-0.22    0.950396
-0.2    0.950394
-0.18    0.950393
-0.16    0.950391
-0.14    0.95039
-0.12    0.950388
-0.1    0.950387
-0.08    0.950385
-0.06    0.950384
-0.04    0.950382
-0.02    0.950381
-1.80342e-14    0.950379
0.02    0.950378
0.04    0.950376
0.06    0.950375
0.08    0.950374
0.1    0.950372
0.12    0.950371
0.14    0.950369
0.16    0.950368
0.18    0.950367
0.2    0.950365
0.22    0.950364
0.24    0.950363
0.26    0.950361
0.28    0.95036
0.3    0.950359
0.32    0.950357
0.34    0.950356
0.36    0.950355
0.38    0.950354
0.4    0.950352
0.42    0.950351
0.44    0.95035
0.46    0.950349
0.48    0.950348
0.5    0.950347
0.52    0.950345
0.54    0.950344
0.56    0.950343
0.58    0.950342
0.6    0.950341
0.62    0.95034
0.64    0.950339
0.66    0.950338
0.68    0.950337
0.7    0.950336
0.72    0.950335
0.74    0.950334
0.76    0.950333
0.78    0.950332
0.8    0.950331
0.82    0.95033
0.84    0.950329
0.86    0.950328
0.88    0.950327
0.9    0.950326
0.92    0.950326
0.94    0.950325
0.96    0.950324
0.98    0.950323
1    0.950322
1.02    0.950321
1.04    0.950321
1.06    0.95032
1.08    0.950319
1.1    0.950318
1.12    0.950318
1.14    0.950317
1.16    0.950316
1.18    0.950315
1.2    0.950315
1.22    0.950314
1.24    0.950313
1.26    0.950313
1.28    0.950312
1.3    0.950311
1.32    0.950311
1.34    0.95031
1.36    0.95031
1.38    0.950309
1.4    0.950308
1.42    0.950308
1.44    0.950307
1.46    0.950307
1.48    0.950306
1.5    0.950306
1.52    0.950305
1.54    0.950305
1.56    0.950304
1.58    0.950304
1.6    0.950303
1.62    0.950303
1.64    0.950302
1.66    0.950302
1.68    0.950301
1.7    0.950301
1.72    0.9503
1.74    0.9503
1.76    0.950299
1.78    0.950299
1.8    0.950299
1.82    0.950298
1.84    0.950298
1.86    0.950297
1.88    0.950297
1.9    0.950297
1.92    0.950296
1.94    0.950296
1.96    0.950296
1.98    0.950295
2    0.950295
2.02    0.950295
2.04    0.950294
2.06    0.950294
2.08    0.950294
2.1    0.950293
2.12    0.950293
2.14    0.950293
2.16    0.950293
2.18    0.950292
2.2    0.950292
2.22    0.950292
2.24    0.950291
2.26    0.950291
2.28    0.950291
2.3    0.950291
2.32    0.95029
2.34    0.95029
2.36    0.95029
2.38    0.95029
2.4    0.950289
2.42    0.950289
2.44    0.950289
2.46    0.950289
2.48    0.950289
2.5    0.950288
2.52    0.950288
2.54    0.950288
2.56    0.950288
2.58    0.950288
2.6    0.950287
2.62    0.950287
2.64    0.950287
2.66    0.950287
2.68    0.950287
2.7    0.950287
2.72    0.950286
2.74    0.950286
2.76    0.950286
2.78    0.950286
2.8    0.950286
2.82    0.950286
2.84    0.950285
2.86    0.950285
2.88    0.950285
2.9    0.950285
2.92    0.950285
2.94    0.950285
2.96    0.950285
2.98    0.950285
3    0.950284
3.02    0.950284
3.04    0.950284
3.06    0.950284
3.08    0.950284
3.1    0.950284
3.12    0.950284
3.14    0.950284
3.16    0.950284
3.18    0.950283
3.2    0.950283
3.22    0.950283
3.24    0.950283
3.26    0.950283
3.28    0.950283
3.3    0.950283
3.32    0.950283
3.34    0.950283
3.36    0.950283
3.38    0.950283
3.4    0.950282
3.42    0.950282
3.44    0.950282
3.46    0.950282
3.48    0.950282
3.5    0.950282
3.52    0.950282
3.54    0.950282
3.56    0.950282
3.58    0.950282
3.6    0.950282
3.62    0.950282
3.64    0.950282
3.66    0.950282
3.68    0.950281
3.7    0.950281
3.72    0.950281
3.74    0.950281
3.76    0.950281
3.78    0.950281
3.8    0.950281
3.82    0.950281
3.84    0.950281
3.86    0.950281
3.88    0.950281
3.9    0.950281
3.92    0.950281
3.94    0.950281
3.96    0.950281
3.98    0.950281
4    0.950281
4.02    0.950281
4.04    0.950281
4.06    0.950281
4.08    0.950281
4.1    0.95028
4.12    0.95028
4.14    0.95028
4.16    0.95028
4.18    0.95028
4.2    0.95028
4.22    0.95028
4.24    0.95028
4.26    0.95028
4.28    0.95028
4.3    0.95028
4.32    0.95028
4.34    0.95028
4.36    0.95028
4.38    0.95028
4.4    0.95028
4.42    0.95028
4.44    0.95028
4.46    0.95028
4.48    0.95028
4.5    0.95028
4.52    0.95028
4.54    0.95028
4.56    0.95028
4.58    0.95028
4.6    0.95028
4.62    0.95028
4.64    0.95028
4.66    0.95028
4.68    0.95028
4.7    0.95028
4.72    0.95028
4.74    0.95028
4.76    0.95028
4.78    0.95028
4.8    0.95028
4.82    0.95028
4.84    0.95028
4.86    0.950279
4.88    0.950279
4.9    0.950279
4.92    0.950279
4.94    0.950279
4.96    0.950279
4.98    0.950279
