-5    0.149253
-4.98    0.149798
-4.96    0.150355
-4.94    0.150923
-4.92    0.151504
-4.9    0.152096
-4.88    0.1527
-4.86    0.153317
-4.84    0.153947
-4.82    0.15459
-4.8    0.155246
-4.78    0.155915
-4.76    0.156599
-4.74    0.157297
-4.72    0.158009
-4.7    0.158736
-4.68    0.159478
-4.66    0.160235
-4.64    0.161008
-4.62    0.161798
-4.6    0.162603
-4.58    0.163425
-4.56    0.164264
-4.54    0.16512
-4.52    0.165994
-4.5    0.166886
-4.48    0.167796
-4.46    0.168725
-4.44    0.169674
-4.42    0.170641
-4.4    0.171629
-4.38    0.172637
-4.36    0.173665
-4.34    0.174714
-4.32    0.175785
-4.3    0.176878
-4.28    0.177993
-4.26    0.179131
-4.24    0.180291
-4.22    0.181476
-4.2    0.182684
-4.18    0.183917
-4.16    0.185175
-4.14    0.186458
-4.12    0.187766
-4.1    0.189101
-4.08    0.190463
-4.06    0.191852
-4.04    0.193269
-4.02    0.194714
-4    0.196187
-3.98    0.19769
-3.96    0.199222
-3.94    0.200785
-3.92    0.202377
-3.9    0.204002
-3.88    0.205657
-3.86    0.207345
-3.84    0.209065
-3.82    0.210819
-3.8    0.212606
-3.78    0.214427
-3.76    0.216283
-3.74    0.218174
-3.72    0.2201
-3.7    0.222063
-3.68    0.224062
-3.66    0.226098
-3.64    0.228171
-3.62    0.230283
-3.6    0.232433
-3.58    0.234622
-3.56    0.23685
-3.54    0.239118
-3.52    0.241426
-3.5    0.243775
-3.48    0.246165
-3.46    0.248596
-3.44    0.251069
-3.42    0.253584
-3.4    0.256141
-3.38    0.258742
-3.36    0.261385
-3.34    0.264071
-3.32    0.266801
-3.3    0.269575
-3.28    0.272393
-3.26    0.275255
-3.24    0.278162
-3.22    0.281113
-3.2    0.284108
-3.18    0.287148
-3.16    0.290233
-3.14    0.293363
-3.12    0.296537
-3.1    0.299755
-3.08    0.303019
-3.06    0.306326
-3.04    0.309678
-3.02    0.313074
-3    0.316513
-2.98    0.319996
-2.96    0.323522
-2.94    0.327091
-2.92    0.330702
-2.9    0.334354
-2.88    0.338049
-2.86    0.341783
-2.84    0.345559
-2.82    0.349373
-2.8    0.353227
-2.78    0.357118
-2.76    0.361047
-2.74    0.365013
-2.72    0.369015
-2.7    0.373051
-2.68    0.377121
-2.66    0.381224
-2.64    0.38536
-2.62    0.389526
-2.6    0.393722
-2.58    0.397947
-2.56    0.4022
-2.54    0.406479
-2.52    0.410783
-2.5    0.415112
-2.48    0.419464
-2.46    0.423838
-2.44    0.428232
-2.42    0.432645
-2.4    0.437077
-2.38    0.441526
-2.36    0.44599
-2.34    0.450468
-2.32    0.45496
-2.3    0.459465
-2.28    0.46398
-2.26    0.468505
-2.24    0.473039
-2.22    0.477581
-2.2    0.482131
-2.18    0.486686
-2.16    0.491247
-2.14    0.495813
-2.12    0.500383
-2.1    0.504957
-2.08    0.509535
-2.06    0.514116
-2.04    0.5187
-2.02    0.523288
-2    0.52788
-1.98    0.532476
-1.96    0.537077
-1.94    0.541685
-1.92    0.546299
-1.9    0.550923
-1.88    0.555558
-1.86    0.560206
-1.84    0.564869
-1.82    0.56955
-1.8    0.574254
-1.78    0.578983
-1.76    0.583741
-1.74    0.588534
-1.72    0.593367
-1.7    0.598246
-1.68    0.603177
-1.66    0.608168
-1.64    0.613225
-1.62    0.618358
-1.6    0.623576
-1.58    0.628889
-1.56    0.634307
-1.54    0.639843
-1.52    0.645508
-1.5    0.651315
-1.48    0.657279
-1.46    0.663413
-1.44    0.669732
-1.42    0.676251
-1.4    0.682986
-1.38    0.689952
-1.36    0.697163
-1.34    0.704634
-1.32    0.712379
-1.3    0.720407
-1.28    0.728729
-1.26    0.737351
-1.24    0.746275
-1.22    0.7555
-1.2    0.765019
-1.18    0.774819
-1.16    0.78488
-1.14    0.795175
-1.12    0.805671
-1.1    0.816324
-1.08    0.827083
-1.06    0.83789
-1.04    0.848681
-1.02    0.859386
-1    0.869933
-0.98    0.880246
-0.96    0.890253
-0.94    0.899886
-0.92    0.909083
-0.9    0.917789
-0.88    0.925962
-0.86    0.93357
-0.84    0.940595
-0.82    0.947031
-0.8    0.952882
-0.78    0.958164
-0.76    0.962901
-0.74    0.967123
-0.72    0.970866
-0.7    0.974169
-0.68    0.977072
-0.66    0.979613
-0.64    0.981833
-0.62    0.983767
-0.6    0.985451
-0.58    0.986914
-0.56    0.988186
-0.54    0.989291
-0.52    0.990252
-0.5    0.991088
-0.48    0.991817
-0.46    0.992453
-0.44    0.993008
-0.42    0.993495
-0.4    0.993922
-0.38    0.994298
-0.36    0.994628
-0.34    0.994921
-0.32    0.99518
-0.3    0.995409
-0.28    0.995613
-0.26    0.995796
-0.24    0.995958
-0.22    0.996104
-0.2    0.996235
-0.18    0.996353
-0.16    0.996459
-0.14    0.996556
-0.12    0.996643
-0.1    0.996722
-0.08    0.996794
-0.06    0.996859
-0.04    0.99692
-0.02    0.996975
-1.80342e-14    0.997025
0.02    0.997072
0.04    0.997114
0.06    0.997154
0.08    0.997191
0.1    0.997225
0.12    0.997257
0.14    0.997286
0.16    0.997314
0.18    0.99734
0.2    0.997364
0.22    0.997386
0.24    0.997408
0.26    0.997428
0.28    0.997447
0.3    0.997465
0.32    0.997482
0.34    0.997499
0.36    0.997514
0.38    0.997529
0.4    0.997543
0.42    0.997557
0.44    0.99757
0.46    0.997582
0.48    0.997594
0.5    0.997605
0.52    0.997616
0.54    0.997627
0.56    0.997637
0.58    0.997647
0.6    0.997656
0.62    0.997666
0.64    0.997675
0.66    0.997683
0.68    0.997692
0.7    0.9977
0.72    0.997708
0.74    0.997715
0.76    0.997723
0.78    0.99773
0.8    0.997737
0.82    0.997744
0.84    0.997751
0.86    0.997757
0.88    0.997763
0.9    0.99777
0.92    0.997776
0.94    0.997782
0.96    0.997787
0.98    0.997793
1    0.997798
1.02    0.997804
1.04    0.997809
1.06    0.997814
1.08    0.997819
1.1    0.997824
1.12    0.997829
1.14    0.997833
1.16    0.997838
1.18    0.997842
1.2    0.997847
1.22    0.997851
1.24    0.997855
1.26    0.997859
1.28    0.997863
1.3    0.997867
1.32    0.997871
1.34    0.997875
1.36    0.997878
1.38    0.997882
1.4    0.997885
1.42    0.997889
1.44    0.997892
1.46    0.997896
1.48    0.997899
1.5    0.997902
1.52    0.997905
1.54    0.997908
1.56    0.997911
1.58    0.997914
1.6    0.997917
1.62    0.99792
1.64    0.997922
1.66    0.997925
1.68    0.997928
1.7    0.99793
1.72    0.997933
1.74    0.997935
1.76    0.997937
1.78    0.99794
1.8    0.997942
1.82    0.997944
1.84    0.997947
1.86    0.997949
1.88    0.997951
1.9    0.997953
1.92    0.997955
1.94    0.997957
1.96    0.997959
1.98    0.997961
2    0.997963
2.02    0.997965
2.04    0.997966
2.06    0.997968
2.08    0.99797
2.1    0.997972
2.12    0.997973
2.14    0.997975
2.16    0.997976
2.18    0.997978
2.2    0.997979
2.22    0.997981
2.24    0.997982
2.26    0.997984
2.28    0.997985
2.3    0.997987
2.32    0.997988
2.34    0.997989
2.36    0.997991
2.38    0.997992
2.4    0.997993
2.42    0.997994
2.44    0.997996
2.46    0.997997
2.48    0.997998
2.5    0.997999
2.52    0.998
2.54    0.998001
2.56    0.998002
2.58    0.998003
2.6    0.998004
2.62    0.998005
2.64    0.998006
2.66    0.998007
2.68    0.998008
2.7    0.998009
2.72    0.99801
2.74    0.998011
2.76    0.998012
2.78    0.998013
2.8    0.998013
2.82    0.998014
2.84    0.998015
2.86    0.998016
2.88    0.998017
2.9    0.998017
2.92    0.998018
2.94    0.998019
2.96    0.99802
2.98    0.99802
3    0.998021
3.02    0.998022
3.04    0.998022
3.06    0.998023
3.08    0.998023
3.1    0.998024
3.12    0.998025
3.14    0.998025
3.16    0.998026
3.18    0.998026
3.2    0.998027
3.22    0.998028
3.24    0.998028
3.26    0.998029
3.28    0.998029
3.3    0.99803
3.32    0.99803
3.34    0.998031
3.36    0.998031
3.38    0.998031
3.4    0.998032
3.42    0.998032
3.44    0.998033
3.46    0.998033
3.48    0.998034
3.5    0.998034
3.52    0.998034
3.54    0.998035
3.56    0.998035
3.58    0.998036
3.6    0.998036
3.62    0.998036
3.64    0.998037
3.66    0.998037
3.68    0.998037
3.7    0.998038
3.72    0.998038
3.74    0.998038
3.76    0.998039
3.78    0.998039
3.8    0.998039
3.82    0.99804
3.84    0.99804
3.86    0.99804
3.88    0.99804
3.9    0.998041
3.92    0.998041
3.94    0.998041
3.96    0.998042
3.98    0.998042
4    0.998042
4.02    0.998042
4.04    0.998042
4.06    0.998043
4.08    0.998043
4.1    0.998043
4.12    0.998043
4.14    0.998044
4.16    0.998044
4.18    0.998044
4.2    0.998044
4.22    0.998044
4.24    0.998045
4.26    0.998045
4.28    0.998045
4.3    0.998045
4.32    0.998045
4.34    0.998046
4.36    0.998046
4.38    0.998046
4.4    0.998046
4.42    0.998046
4.44    0.998046
4.46    0.998046
4.48    0.998047
4.5    0.998047
4.52    0.998047
4.54    0.998047
4.56    0.998047
4.58    0.998047
4.6    0.998048
4.62    0.998048
4.64    0.998048
4.66    0.998048
4.68    0.998048
4.7    0.998048
4.72    0.998048
4.74    0.998048
4.76    0.998048
4.78    0.998049
4.8    0.998049
4.82    0.998049
4.84    0.998049
4.86    0.998049
4.88    0.998049
4.9    0.998049
4.92    0.998049
4.94    0.998049
4.96    0.99805
4.98    0.99805
