-5    0.36348
-4.98    0.36336
-4.96    0.363238
-4.94    0.363114
-4.92    0.362989
-4.9    0.362863
-4.88    0.362735
-4.86    0.362606
-4.84    0.362476
-4.82    0.362344
-4.8    0.362211
-4.78    0.362076
-4.76    0.36194
-4.74    0.361803
-4.72    0.361664
-4.7    0.361524
-4.68    0.361382
-4.66    0.361239
-4.64    0.361094
-4.62    0.360948
-4.6    0.360801
-4.58    0.360652
-4.56    0.360501
-4.54    0.360349
-4.52    0.360196
-4.5    0.360041
-4.48    0.359885
-4.46    0.359728
-4.44    0.359569
-4.42    0.359408
-4.4    0.359246
-4.38    0.359083
-4.36    0.358918
-4.34    0.358752
-4.32    0.358585
-4.3    0.358416
-4.28    0.358245
-4.26    0.358074
-4.24    0.357901
-4.22    0.357726
-4.2    0.357551
-4.18    0.357374
-4.16    0.357196
-4.14    0.357016
-4.12    0.356835
-4.1    0.356653
-4.08    0.35647
-4.06    0.356286
-4.04    0.3561
-4.02    0.355913
-4    0.355726
-3.98    0.355537
-3.96    0.355347
-3.94    0.355156
-3.92    0.354964
-3.9    0.354772
-3.88    0.354578
-3.86    0.354384
-3.84    0.354188
-3.82    0.353992
-3.8    0.353796
-3.78    0.353599
-3.76    0.353401
-3.74    0.353203
-3.72    0.353004
-3.7    0.352805
-3.68    0.352605
-3.66    0.352406
-3.64    0.352206
-3.62    0.352006
-3.6    0.351807
-3.58    0.351607
-3.56    0.351408
-3.54    0.351209
-3.52    0.35101
-3.5    0.350812
-3.48    0.350615
-3.46    0.350418
-3.44    0.350222
-3.42    0.350028
-3.4    0.349835
-3.38    0.349643
-3.36    0.349452
-3.34    0.349264
-3.32    0.349077
-3.3    0.348892
-3.28    0.34871
-3.26    0.34853
-3.24    0.348352
-3.22    0.348178
-3.2    0.348007
-3.18    0.347839
-3.16    0.347674
-3.14    0.347514
-3.12    0.347358
-3.1    0.347207
-3.08    0.34706
-3.06    0.346918
-3.04    0.346782
-3.02    0.346652
-3    0.346528
-2.98    0.346411
-2.96    0.346301
-2.94    0.346199
-2.92    0.346105
-2.9    0.346019
-2.88    0.345942
-2.86    0.345875
-2.84    0.345818
-2.82    0.345772
-2.8    0.345738
-2.78    0.345715
-2.76    0.345706
-2.74    0.34571
-2.72    0.345728
-2.7    0.345762
-2.68    0.345812
-2.66    0.345879
-2.64    0.345964
-2.62    0.346068
-2.6    0.346192
-2.58    0.346337
-2.56    0.346505
-2.54    0.346697
-2.52    0.346914
-2.5    0.347157
-2.48    0.347428
-2.46    0.347728
-2.44    0.34806
-2.42    0.348425
-2.4    0.348824
-2.38    0.34926
-2.36    0.349734
-2.34    0.350249
-2.32    0.350808
-2.3    0.351411
-2.28    0.352062
-2.26    0.352764
-2.24    0.353519
-2.22    0.35433
-2.2    0.3552
-2.18    0.356132
-2.16    0.35713
-2.14    0.358197
-2.12    0.359336
-2.1    0.360552
-2.08    0.361849
-2.06    0.36323
-2.04    0.364701
-2.02    0.366265
-2    0.367928
-1.98    0.369695
-1.96    0.37157
-1.94    0.37356
-1.92    0.375669
-1.9    0.377904
-1.88    0.380271
-1.86    0.382775
-1.84    0.385423
-1.82    0.388222
-1.8    0.391178
-1.78    0.394298
-1.76    0.397589
-1.74    0.401058
-1.72    0.404712
-1.7    0.408558
-1.68    0.412602
-1.66    0.416851
-1.64    0.421313
-1.62    0.425994
-1.6    0.430899
-1.58    0.436034
-1.56    0.441404
-1.54    0.447015
-1.52    0.45287
-1.5    0.458972
-1.48    0.465323
-1.46    0.471925
-1.44    0.478777
-1.42    0.485878
-1.4    0.493225
-1.38    0.500814
-1.36    0.50864
-1.34    0.516694
-1.32    0.524968
-1.3    0.53345
-1.28    0.542127
-1.26    0.550984
-1.24    0.560005
-1.22    0.569172
-1.2    0.578463
-1.18    0.587858
-1.16    0.597334
-1.14    0.606866
-1.12    0.61643
-1.1    0.626001
-1.08    0.635551
-1.06    0.645056
-1.04    0.654489
-1.02    0.663826
-1    0.673041
-0.98    0.682112
-0.96    0.691016
-0.94    0.699733
-0.92    0.708244
-0.9    0.716532
-0.88    0.724581
-0.86    0.732379
-0.84    0.739915
-0.82    0.747179
-0.8    0.754164
-0.78    0.760865
-0.76    0.767279
-0.74    0.773404
-0.72    0.779239
-0.7    0.784785
-0.68    0.790046
-0.66    0.795024
-0.64    0.799723
-0.62    0.80415
-0.6    0.808309
-0.58    0.812208
-0.56    0.815853
-0.54    0.81925
-0.52    0.822409
-0.5    0.825335
-0.48    0.828037
-0.46    0.830522
-0.44    0.832797
-0.42    0.834871
-0.4    0.836749
-0.38    0.83844
-0.36    0.839949
-0.34    0.841285
-0.32    0.842452
-0.3    0.843459
-0.28    0.84431
-0.26    0.845011
-0.24    0.845569
-0.22    0.845989
-0.2    0.846276
-0.18    0.846435
-0.16    0.846472
-0.14    0.846391
-0.12    0.846198
-0.1    0.845897
-0.08    0.845494
-0.06    0.844991
-0.04    0.844395
-0.02    0.843709
-1.80342e-14    0.842939
0.02    0.842088
0.04    0.841161
0.06    0.840162
0.08    0.839097
0.1    0.837968
0.12    0.836781
0.14    0.835539
0.16    0.834248
0.18    0.832911
0.2    0.831532
0.22    0.830115
0.24    0.828665
0.26    0.827186
0.28    0.82568
0.3    0.824153
0.32    0.822608
0.34    0.821047
0.36    0.819475
0.38    0.817895
0.4    0.81631
0.42    0.814723
0.44    0.813136
0.46    0.811552
0.48    0.809975
0.5    0.808405
0.52    0.806846
0.54    0.805298
0.56    0.803764
0.58    0.802246
0.6    0.800745
0.62    0.799262
0.64    0.797798
0.66    0.796355
0.68    0.794932
0.7    0.793532
0.72    0.792154
0.74    0.790799
0.76    0.789467
0.78    0.788159
0.8    0.786875
0.82    0.785614
0.84    0.784377
0.86    0.783164
0.88    0.781974
0.9    0.780807
0.92    0.779664
0.94    0.778543
0.96    0.777444
0.98    0.776367
1    0.775312
1.02    0.774278
1.04    0.773264
1.06    0.772271
1.08    0.771297
1.1    0.770342
1.12    0.769405
1.14    0.768487
1.16    0.767586
1.18    0.766702
1.2    0.765835
1.22    0.764983
1.24    0.764147
1.26    0.763327
1.28    0.76252
1.3    0.761728
1.32    0.760949
1.34    0.760183
1.36    0.75943
1.38    0.75869
1.4    0.757961
1.42    0.757244
1.44    0.756538
1.46    0.755843
1.48    0.755158
1.5    0.754483
1.52    0.753818
1.54    0.753162
1.56    0.752516
1.58    0.751878
1.6    0.751249
1.62    0.750629
1.64    0.750016
1.66    0.749412
1.68    0.748815
1.7    0.748225
1.72    0.747643
1.74    0.747068
1.76    0.746499
1.78    0.745938
1.8    0.745383
1.82    0.744834
1.84    0.744291
1.86    0.743755
1.88    0.743224
1.9    0.7427
1.92    0.742181
1.94    0.741667
1.96    0.741159
1.98    0.740657
2    0.74016
2.02    0.739668
2.04    0.739181
2.06    0.738699
2.08    0.738222
2.1    0.73775
2.12    0.737283
2.14    0.73682
2.16    0.736362
2.18    0.735909
2.2    0.735461
2.22    0.735016
2.24    0.734577
2.26    0.734141
2.28    0.73371
2.3    0.733284
2.32    0.732861
2.34    0.732443
2.36    0.732029
2.38    0.73162
2.4    0.731214
2.42    0.730812
2.44    0.730415
2.46    0.730021
2.48    0.729631
2.5    0.729246
2.52    0.728864
2.54    0.728486
2.56    0.728112
2.58    0.727741
2.6    0.727375
2.62    0.727012
2.64    0.726653
2.66    0.726298
2.68    0.725947
2.7    0.725599
2.72    0.725254
2.74    0.724914
2.76    0.724577
2.78    0.724243
2.8    0.723913
2.82    0.723587
2.84    0.723264
2.86    0.722944
2.88    0.722628
2.9    0.722315
2.92    0.722006
2.94    0.7217
2.96    0.721398
2.98    0.721098
3    0.720802
3.02    0.72051
3.04    0.72022
3.06    0.719934
3.08    0.719651
3.1    0.719371
3.12    0.719094
3.14    0.718821
3.16    0.71855
3.18    0.718283
3.2    0.718019
3.22    0.717758
3.24    0.717499
3.26    0.717244
3.28    0.716992
3.3    0.716742
3.32    0.716496
3.34    0.716252
3.36    0.716012
3.38    0.715774
3.4    0.715539
3.42    0.715307
3.44    0.715077
3.46    0.714851
3.48    0.714627
3.5    0.714405
3.52    0.714187
3.54    0.713971
3.56    0.713757
3.58    0.713547
3.6    0.713339
3.62    0.713133
3.64    0.71293
3.66    0.712729
3.68    0.712531
3.7    0.712336
3.72    0.712143
3.74    0.711952
3.76    0.711764
3.78    0.711578
3.8    0.711394
3.82    0.711213
3.84    0.711034
3.86    0.710857
3.88    0.710682
3.9    0.71051
3.92    0.71034
3.94    0.710172
3.96    0.710006
3.98    0.709843
4    0.709681
4.02    0.709522
4.04    0.709365
4.06    0.709209
4.08    0.709056
4.1    0.708905
4.12    0.708755
4.14    0.708608
4.16    0.708463
4.18    0.708319
4.2    0.708178
4.22    0.708038
4.24    0.7079
4.26    0.707764
4.28    0.70763
4.3    0.707497
4.32    0.707367
4.34    0.707238
4.36    0.707111
4.38    0.706985
4.4    0.706861
4.42    0.706739
4.44    0.706619
4.46    0.7065
4.48    0.706383
4.5    0.706267
4.52    0.706153
4.54    0.70604
4.56    0.705929
4.58    0.70582
4.6    0.705712
4.62    0.705605
4.64    0.7055
4.66    0.705397
4.68    0.705295
4.7    0.705194
4.72    0.705094
4.74    0.704996
4.76    0.7049
4.78    0.704804
4.8    0.70471
4.82    0.704618
4.84    0.704526
4.86    0.704436
4.88    0.704347
4.9    0.70426
4.92    0.704173
4.94    0.704088
4.96    0.704004
4.98    0.703921
