-5    0.731402
-4.98    0.731402
-4.96    0.731402
-4.94    0.731402
-4.92    0.731402
-4.9    0.731402
-4.88    0.731402
-4.86    0.731402
-4.84    0.731402
-4.82    0.731402
-4.8    0.731401
-4.78    0.731401
-4.76    0.731401
-4.74    0.731401
-4.72    0.731401
-4.7    0.731401
-4.68    0.7314
-4.66    0.7314
-4.64    0.7314
-4.62    0.7314
-4.6    0.7314
-4.58    0.7314
-4.56    0.731399
-4.54    0.731399
-4.52    0.731399
-4.5    0.731399
-4.48    0.731398
-4.46    0.731398
-4.44    0.731398
-4.42    0.731398
-4.4    0.731397
-4.38    0.731397
-4.36    0.731397
-4.34    0.731396
-4.32    0.731396
-4.3    0.731396
-4.28    0.731395
-4.26    0.731395
-4.24    0.731395
-4.22    0.731394
-4.2    0.731394
-4.18    0.731393
-4.16    0.731393
-4.14    0.731392
-4.12    0.731392
-4.1    0.731391
-4.08    0.731391
-4.06    0.73139
-4.04    0.73139
-4.02    0.731389
-4    0.731389
-3.98    0.731388
-3.96    0.731387
-3.94    0.731387
-3.92    0.731386
-3.9    0.731385
-3.88    0.731384
-3.86    0.731384
-3.84    0.731383
-3.82    0.731382
-3.8    0.731381
-3.78    0.73138
-3.76    0.731379
-3.74    0.731378
-3.72    0.731377
-3.7    0.731376
-3.68    0.731375
-3.66    0.731373
-3.64    0.731372
-3.62    0.731371
-3.6    0.73137
-3.58    0.731368
-3.56    0.731367
-3.54    0.731365
-3.52    0.731364
-3.5    0.731362
-3.48    0.73136
-3.46    0.731358
-3.44    0.731357
-3.42    0.731355
-3.4    0.731353
-3.38    0.731351
-3.36    0.731348
-3.34    0.731346
-3.32    0.731344
-3.3    0.731341
-3.28    0.731339
-3.26    0.731336
-3.24    0.731334
-3.22    0.731331
-3.2    0.731328
-3.18    0.731325
-3.16    0.731322
-3.14    0.731318
-3.12    0.731315
-3.1    0.731311
-3.08    0.731308
-3.06    0.731304
-3.04    0.7313
-3.02    0.731295
-3    0.731291
-2.98    0.731287
-2.96    0.731282
-2.94    0.731277
-2.92    0.731272
-2.9    0.731267
-2.88    0.731261
-2.86    0.731255
-2.84    0.731249
-2.82    0.731243
-2.8    0.731237
-2.78    0.73123
-2.76    0.731223
-2.74    0.731216
-2.72    0.731208
-2.7    0.731201
-2.68    0.731193
-2.66    0.731184
-2.64    0.731175
-2.62    0.731166
-2.6    0.731157
-2.58    0.731147
-2.56    0.731137
-2.54    0.731126
-2.52    0.731115
-2.5    0.731103
-2.48    0.731091
-2.46    0.731079
-2.44    0.731066
-2.42    0.731052
-2.4    0.731038
-2.38    0.731024
-2.36    0.731009
-2.34    0.730993
-2.32    0.730977
-2.3    0.73096
-2.28    0.730942
-2.26    0.730923
-2.24    0.730904
-2.22    0.730884
-2.2    0.730864
-2.18    0.730842
-2.16    0.73082
-2.14    0.730797
-2.12    0.730772
-2.1    0.730747
-2.08    0.730721
-2.06    0.730694
-2.04    0.730666
-2.02    0.730636
-2    0.730606
-1.98    0.730574
-1.96    0.730541
-1.94    0.730507
-1.92    0.730471
-1.9    0.730434
-1.88    0.730395
-1.86    0.730355
-1.84    0.730314
-1.82    0.73027
-1.8    0.730225
-1.78    0.730178
-1.76    0.730129
-1.74    0.730079
-1.72    0.730026
-1.7    0.729971
-1.68    0.729915
-1.66    0.729855
-1.64    0.729794
-1.62    0.72973
-1.6    0.729663
-1.58    0.729594
-1.56    0.729522
-1.54    0.729448
-1.52    0.72937
-1.5    0.729289
-1.48    0.729205
-1.46    0.729118
-1.44    0.729027
-1.42    0.728933
-1.4    0.728835
-1.38    0.728733
-1.36    0.728627
-1.34    0.728517
-1.32    0.728403
-1.3    0.728284
-1.28    0.72816
-1.26    0.728031
-1.24    0.727898
-1.22    0.727759
-1.2    0.727615
-1.18    0.727465
-1.16    0.727309
-1.14    0.727147
-1.12    0.726978
-1.1    0.726803
-1.08    0.726621
-1.06    0.726432
-1.04    0.726235
-1.02    0.726031
-1    0.725819
-0.98    0.725598
-0.96    0.725369
-0.94    0.72513
-0.92    0.724883
-0.9    0.724626
-0.88    0.724358
-0.86    0.724081
-0.84    0.723792
-0.82    0.723492
-0.8    0.723181
-0.78    0.722857
-0.76    0.722521
-0.74    0.722171
-0.72    0.721808
-0.7    0.721432
-0.68    0.72104
-0.66    0.720633
-0.64    0.720211
-0.62    0.719772
-0.6    0.719316
-0.58    0.718843
-0.56    0.718352
-0.54    0.717841
-0.52    0.717312
-0.5    0.716761
-0.48    0.71619
-0.46    0.715597
-0.44    0.714982
-0.42    0.714343
-0.4    0.71368
-0.38    0.712991
-0.36    0.712277
-0.34    0.711536
-0.32    0.710767
-0.3    0.709969
-0.28    0.709141
-0.26    0.708282
-0.24    0.707391
-0.22    0.706468
-0.2    0.70551
-0.18    0.704516
-0.16    0.703486
-0.14    0.702419
-0.12    0.701312
-0.1    0.700166
-0.08    0.698977
-0.06    0.697746
-0.04    0.696471
-0.02    0.69515
-1.80342e-14    0.693782
0.02    0.692365
0.04    0.690899
0.06    0.689382
0.08    0.687811
0.1    0.686186
0.12    0.684506
0.14    0.682768
0.16    0.680971
0.18    0.679114
0.2    0.677195
0.22    0.675212
0.24    0.673164
0.26    0.67105
0.28    0.668867
0.3    0.666615
0.32    0.664292
0.34    0.661896
0.36    0.659426
0.38    0.656881
0.4    0.65426
0.42    0.651561
0.44    0.648783
0.46    0.645925
0.48    0.642985
0.5    0.639964
0.52    0.63686
0.54    0.633673
0.56    0.630402
0.58    0.627046
0.6    0.623605
0.62    0.62008
0.64    0.616469
0.66    0.612774
0.68    0.608994
0.7    0.605131
0.72    0.601185
0.74    0.597156
0.76    0.593046
0.78    0.588857
0.8    0.58459
0.82    0.580246
0.84    0.575829
0.86    0.571339
0.88    0.56678
0.9    0.562155
0.92    0.557465
0.94    0.552716
0.96    0.547909
0.98    0.543048
1    0.538138
1.02    0.533182
1.04    0.528185
1.06    0.52315
1.08    0.518083
1.1    0.512988
1.12    0.507869
1.14    0.502732
1.16    0.497581
1.18    0.492422
1.2    0.487259
1.22    0.482097
1.24    0.476942
1.26    0.471798
1.28    0.466671
1.3    0.461565
1.32    0.456486
1.34    0.451436
1.36    0.446423
1.38    0.441449
1.4    0.436519
1.42    0.431637
1.44    0.426807
1.46    0.422033
1.48    0.417318
1.5    0.412666
1.52    0.408079
1.54    0.403561
1.56    0.399113
1.58    0.39474
1.6    0.390441
1.62    0.386221
1.64    0.382079
1.66    0.378018
1.68    0.374039
1.7    0.370143
1.72    0.366331
1.74    0.362603
1.76    0.35896
1.78    0.355402
1.8    0.35193
1.82    0.348542
1.84    0.345239
1.86    0.342021
1.88    0.338887
1.9    0.335836
1.92    0.332867
1.94    0.32998
1.96    0.327174
1.98    0.324447
2    0.321799
2.02    0.319228
2.04    0.316732
2.06    0.314312
2.08    0.311964
2.1    0.309689
2.12    0.307483
2.14    0.305347
2.16    0.303278
2.18    0.301274
2.2    0.299335
2.22    0.297458
2.24    0.295642
2.26    0.293886
2.28    0.292188
2.3    0.290547
2.32    0.28896
2.34    0.287427
2.36    0.285945
2.38    0.284515
2.4    0.283133
2.42    0.281798
2.44    0.28051
2.46    0.279266
2.48    0.278066
2.5    0.276907
2.52    0.275789
2.54    0.274711
2.56    0.273671
2.58    0.272668
2.6    0.2717
2.62    0.270767
2.64    0.269868
2.66    0.269001
2.68    0.268165
2.7    0.267359
2.72    0.266582
2.74    0.265834
2.76    0.265113
2.78    0.264418
2.8    0.263748
2.82    0.263103
2.84    0.262482
2.86    0.261883
2.88    0.261307
2.9    0.260751
2.92    0.260216
2.94    0.259701
2.96    0.259205
2.98    0.258728
3    0.258268
3.02    0.257825
3.04    0.257399
3.06    0.256988
3.08    0.256593
3.1    0.256213
3.12    0.255846
3.14    0.255494
3.16    0.255155
3.18    0.254828
3.2    0.254514
3.22    0.254211
3.24    0.25392
3.26    0.25364
3.28    0.25337
3.3    0.25311
3.32    0.25286
3.34    0.25262
3.36    0.252389
3.38    0.252166
3.4    0.251952
3.42    0.251746
3.44    0.251548
3.46    0.251357
3.48    0.251173
3.5    0.250996
3.52    0.250827
3.54    0.250663
3.56    0.250506
3.58    0.250354
3.6    0.250209
3.62    0.250069
3.64    0.249934
3.66    0.249804
3.68    0.249679
3.7    0.249559
3.72    0.249444
3.74    0.249333
3.76    0.249226
3.78    0.249123
3.8    0.249024
3.82    0.248929
3.84    0.248838
3.86    0.24875
3.88    0.248665
3.9    0.248584
3.92    0.248505
3.94    0.24843
3.96    0.248357
3.98    0.248288
4    0.248221
4.02    0.248156
4.04    0.248094
4.06    0.248034
4.08    0.247977
4.1    0.247922
4.12    0.247869
4.14    0.247818
4.16    0.247768
4.18    0.247721
4.2    0.247676
4.22    0.247632
4.24    0.24759
4.26    0.247549
4.28    0.247511
4.3    0.247473
4.32    0.247437
4.34    0.247402
4.36    0.247369
4.38    0.247337
4.4    0.247306
4.42    0.247277
4.44    0.247248
4.46    0.247221
4.48    0.247194
4.5    0.247169
4.52    0.247145
4.54    0.247121
4.56    0.247099
4.58    0.247077
4.6    0.247056
4.62    0.247036
4.64    0.247017
4.66    0.246998
4.68    0.24698
4.7    0.246963
4.72    0.246947
4.74    0.246931
4.76    0.246916
4.78    0.246901
4.8    0.246887
4.82    0.246873
4.84    0.24686
4.86    0.246847
4.88    0.246835
4.9    0.246824
4.92    0.246813
4.94    0.246802
4.96    0.246791
4.98    0.246782
