-5    0.583962
-4.98    0.583962
-4.96    0.583962
-4.94    0.583962
-4.92    0.583962
-4.9    0.583962
-4.88    0.583962
-4.86    0.583961
-4.84    0.583961
-4.82    0.583961
-4.8    0.583961
-4.78    0.583961
-4.76    0.583961
-4.74    0.583961
-4.72    0.583961
-4.7    0.583961
-4.68    0.583961
-4.66    0.583961
-4.64    0.583961
-4.62    0.583961
-4.6    0.583961
-4.58    0.58396
-4.56    0.58396
-4.54    0.58396
-4.52    0.58396
-4.5    0.58396
-4.48    0.58396
-4.46    0.58396
-4.44    0.58396
-4.42    0.58396
-4.4    0.583959
-4.38    0.583959
-4.36    0.583959
-4.34    0.583959
-4.32    0.583959
-4.3    0.583959
-4.28    0.583959
-4.26    0.583958
-4.24    0.583958
-4.22    0.583958
-4.2    0.583958
-4.18    0.583958
-4.16    0.583957
-4.14    0.583957
-4.12    0.583957
-4.1    0.583957
-4.08    0.583957
-4.06    0.583956
-4.04    0.583956
-4.02    0.583956
-4    0.583956
-3.98    0.583955
-3.96    0.583955
-3.94    0.583955
-3.92    0.583955
-3.9    0.583954
-3.88    0.583954
-3.86    0.583954
-3.84    0.583953
-3.82    0.583953
-3.8    0.583953
-3.78    0.583952
-3.76    0.583952
-3.74    0.583951
-3.72    0.583951
-3.7    0.58395
-3.68    0.58395
-3.66    0.58395
-3.64    0.583949
-3.62    0.583949
-3.6    0.583948
-3.58    0.583948
-3.56    0.583947
-3.54    0.583946
-3.52    0.583946
-3.5    0.583945
-3.48    0.583945
-3.46    0.583944
-3.44    0.583943
-3.42    0.583943
-3.4    0.583942
-3.38    0.583941
-3.36    0.58394
-3.34    0.58394
-3.32    0.583939
-3.3    0.583938
-3.28    0.583937
-3.26    0.583936
-3.24    0.583935
-3.22    0.583934
-3.2    0.583933
-3.18    0.583932
-3.16    0.583931
-3.14    0.58393
-3.12    0.583929
-3.1    0.583927
-3.08    0.583926
-3.06    0.583925
-3.04    0.583923
-3.02    0.583922
-3    0.583921
-2.98    0.583919
-2.96    0.583917
-2.94    0.583916
-2.92    0.583914
-2.9    0.583912
-2.88    0.583911
-2.86    0.583909
-2.84    0.583907
-2.82    0.583905
-2.8    0.583903
-2.78    0.583901
-2.76    0.583899
-2.74    0.583896
-2.72    0.583894
-2.7    0.583891
-2.68    0.583889
-2.66    0.583886
-2.64    0.583884
-2.62    0.583881
-2.6    0.583878
-2.58    0.583875
-2.56    0.583872
-2.54    0.583868
-2.52    0.583865
-2.5    0.583862
-2.48    0.583858
-2.46    0.583854
-2.44    0.583851
-2.42    0.583847
-2.4    0.583843
-2.38    0.583838
-2.36    0.583834
-2.34    0.583829
-2.32    0.583825
-2.3    0.58382
-2.28    0.583815
-2.26    0.583809
-2.24    0.583804
-2.22    0.583798
-2.2    0.583793
-2.18    0.583787
-2.16    0.58378
-2.14    0.583774
-2.12    0.583767
-2.1    0.58376
-2.08    0.583753
-2.06    0.583746
-2.04    0.583738
-2.02    0.58373
-2    0.583722
-1.98    0.583713
-1.96    0.583705
-1.94    0.583695
-1.92    0.583686
-1.9    0.583676
-1.88    0.583666
-1.86    0.583656
-1.84    0.583645
-1.82    0.583634
-1.8    0.583622
-1.78    0.58361
-1.76    0.583597
-1.74    0.583585
-1.72    0.583571
-1.7    0.583557
-1.68    0.583543
-1.66    0.583528
-1.64    0.583513
-1.62    0.583497
-1.6    0.583481
-1.58    0.583464
-1.56    0.583446
-1.54    0.583428
-1.52    0.583409
-1.5    0.583389
-1.48    0.583369
-1.46    0.583348
-1.44    0.583326
-1.42    0.583304
-1.4    0.583281
-1.38    0.583257
-1.36    0.583232
-1.34    0.583206
-1.32    0.583179
-1.3    0.583152
-1.28    0.583123
-1.26    0.583094
-1.24    0.583063
-1.22    0.583031
-1.2    0.582998
-1.18    0.582964
-1.16    0.582929
-1.14    0.582893
-1.12    0.582855
-1.1    0.582816
-1.08    0.582776
-1.06    0.582734
-1.04    0.582691
-1.02    0.582646
-1    0.582599
-0.98    0.582551
-0.96    0.582502
-0.94    0.58245
-0.92    0.582397
-0.9    0.582342
-0.88    0.582285
-0.86    0.582226
-0.84    0.582164
-0.82    0.582101
-0.8    0.582035
-0.78    0.581968
-0.76    0.581897
-0.74    0.581825
-0.72    0.58175
-0.7    0.581672
-0.68    0.581591
-0.66    0.581508
-0.64    0.581421
-0.62    0.581332
-0.6    0.581239
-0.58    0.581144
-0.56    0.581044
-0.54    0.580942
-0.52    0.580836
-0.5    0.580726
-0.48    0.580612
-0.46    0.580494
-0.44    0.580372
-0.42    0.580246
-0.4    0.580116
-0.38    0.579981
-0.36    0.579841
-0.34    0.579696
-0.32    0.579546
-0.3    0.579391
-0.28    0.579231
-0.26    0.579065
-0.24    0.578893
-0.22    0.578715
-0.2    0.578531
-0.18    0.578341
-0.16    0.578144
-0.14    0.57794
-0.12    0.577729
-0.1    0.577511
-0.08    0.577285
-0.06    0.577051
-0.04    0.576809
-0.02    0.576559
-1.80342e-14    0.5763
0.02    0.576032
0.04    0.575755
0.06    0.575468
0.08    0.575172
0.1    0.574865
0.12    0.574547
0.14    0.574219
0.16    0.573879
0.18    0.573528
0.2    0.573164
0.22    0.572788
0.24    0.572399
0.26    0.571997
0.28    0.571581
0.3    0.57115
0.32    0.570705
0.34    0.570245
0.36    0.569769
0.38    0.569277
0.4    0.568768
0.42    0.568241
0.44    0.567697
0.46    0.567135
0.48    0.566553
0.5    0.565952
0.52    0.56533
0.54    0.564688
0.56    0.564023
0.58    0.563337
0.6    0.562627
0.62    0.561894
0.64    0.561136
0.66    0.560354
0.68    0.559545
0.7    0.558709
0.72    0.557845
0.74    0.556953
0.76    0.556032
0.78    0.555081
0.8    0.554098
0.82    0.553083
0.84    0.552035
0.86    0.550954
0.88    0.549837
0.9    0.548684
0.92    0.547494
0.94    0.546266
0.96    0.544999
0.98    0.543692
1    0.542343
1.02    0.540952
1.04    0.539517
1.06    0.538038
1.08    0.536513
1.1    0.53494
1.12    0.533319
1.14    0.531649
1.16    0.529928
1.18    0.528155
1.2    0.526329
1.22    0.524449
1.24    0.522513
1.26    0.52052
1.28    0.518469
1.3    0.516358
1.32    0.514188
1.34    0.511955
1.36    0.50966
1.38    0.5073
1.4    0.504876
1.42    0.502385
1.44    0.499827
1.46    0.4972
1.48    0.494504
1.5    0.491738
1.52    0.488901
1.54    0.485992
1.56    0.48301
1.58    0.479955
1.6    0.476826
1.62    0.473622
1.64    0.470343
1.66    0.466989
1.68    0.463559
1.7    0.460054
1.72    0.456473
1.74    0.452817
1.76    0.449086
1.78    0.44528
1.8    0.441399
1.82    0.437445
1.84    0.433418
1.86    0.42932
1.88    0.425151
1.9    0.420913
1.92    0.416607
1.94    0.412236
1.96    0.4078
1.98    0.403302
2    0.398745
2.02    0.39413
2.04    0.389461
2.06    0.38474
2.08    0.37997
2.1    0.375154
2.12    0.370296
2.14    0.365398
2.16    0.360466
2.18    0.355501
2.2    0.350509
2.22    0.345493
2.24    0.340457
2.26    0.335405
2.28    0.330343
2.3    0.325273
2.32    0.320201
2.34    0.31513
2.36    0.310066
2.38    0.305013
2.4    0.299974
2.42    0.294955
2.44    0.28996
2.46    0.284993
2.48    0.280058
2.5    0.27516
2.52    0.270302
2.54    0.265487
2.56    0.260721
2.58    0.256005
2.6    0.251345
2.62    0.246742
2.64    0.2422
2.66    0.237722
2.68    0.23331
2.7    0.228967
2.72    0.224694
2.74    0.220495
2.76    0.21637
2.78    0.212322
2.8    0.208352
2.82    0.20446
2.84    0.200648
2.86    0.196918
2.88    0.193268
2.9    0.1897
2.92    0.186215
2.94    0.182812
2.96    0.17949
2.98    0.176251
3    0.173093
3.02    0.170017
3.04    0.16702
3.06    0.164104
3.08    0.161266
3.1    0.158507
3.12    0.155824
3.14    0.153217
3.16    0.150685
3.18    0.148227
3.2    0.14584
3.22    0.143524
3.24    0.141278
3.26    0.1391
3.28    0.136988
3.3    0.134941
3.32    0.132958
3.34    0.131037
3.36    0.129176
3.38    0.127374
3.4    0.12563
3.42    0.123942
3.44    0.122309
3.46    0.120728
3.48    0.1192
3.5    0.117721
3.52    0.116291
3.54    0.114908
3.56    0.113571
3.58    0.112278
3.6    0.111029
3.62    0.109822
3.64    0.108655
3.66    0.107527
3.68    0.106437
3.7    0.105385
3.72    0.104367
3.74    0.103385
3.76    0.102436
3.78    0.101519
3.8    0.100633
3.82    0.0997777
3.84    0.0989516
3.86    0.0981537
3.88    0.0973832
3.9    0.0966391
3.92    0.0959205
3.94    0.0952265
3.96    0.0945565
3.98    0.0939094
4    0.0932846
4.02    0.0926813
4.04    0.0920988
4.06    0.0915363
4.08    0.0909932
4.1    0.0904688
4.12    0.0899625
4.14    0.0894736
4.16    0.0890016
4.18    0.0885458
4.2    0.0881058
4.22    0.0876809
4.24    0.0872706
4.26    0.0868745
4.28    0.0864921
4.3    0.0861228
4.32    0.0857662
4.34    0.085422
4.36    0.0850896
4.38    0.0847686
4.4    0.0844587
4.42    0.0841595
4.44    0.0838705
4.46    0.0835915
4.48    0.0833222
4.5    0.0830621
4.52    0.0828109
4.54    0.0825684
4.56    0.0823342
4.58    0.0821081
4.6    0.0818897
4.62    0.0816789
4.64    0.0814753
4.66    0.0812787
4.68    0.0810888
4.7    0.0809055
4.72    0.0807285
4.74    0.0805575
4.76    0.0803924
4.78    0.080233
4.8    0.080079
4.82    0.0799304
4.84    0.0797868
4.86    0.0796481
4.88    0.0795143
4.9    0.079385
4.92    0.0792601
4.94    0.0791395
4.96    0.079023
4.98    0.0789106
