-5    0.85313
-4.98    0.852921
-4.96    0.852709
-4.94    0.852493
-4.92    0.852275
-4.9    0.852053
-4.88    0.851827
-4.86    0.851598
-4.84    0.851366
-4.82    0.851129
-4.8    0.850889
-4.78    0.850645
-4.76    0.850397
-4.74    0.850144
-4.72    0.849887
-4.7    0.849626
-4.68    0.84936
-4.66    0.849089
-4.64    0.848814
-4.62    0.848533
-4.6    0.848248
-4.58    0.847956
-4.56    0.84766
-4.54    0.847358
-4.52    0.84705
-4.5    0.846736
-4.48    0.846416
-4.46    0.846089
-4.44    0.845756
-4.42    0.845416
-4.4    0.84507
-4.38    0.844716
-4.36    0.844355
-4.34    0.843986
-4.32    0.843609
-4.3    0.843225
-4.28    0.842832
-4.26    0.842431
-4.24    0.84202
-4.22    0.841601
-4.2    0.841173
-4.18    0.840735
-4.16    0.840287
-4.14    0.839829
-4.12    0.83936
-4.1    0.838881
-4.08    0.838391
-4.06    0.837889
-4.04    0.837376
-4.02    0.83685
-4    0.836312
-3.98    0.835762
-3.96    0.835198
-3.94    0.83462
-3.92    0.834029
-3.9    0.833423
-3.88    0.832802
-3.86    0.832166
-3.84    0.831515
-3.82    0.830847
-3.8    0.830163
-3.78    0.829462
-3.76    0.828743
-3.74    0.828006
-3.72    0.827251
-3.7    0.826476
-3.68    0.825682
-3.66    0.824868
-3.64    0.824033
-3.62    0.823176
-3.6    0.822298
-3.58    0.821397
-3.56    0.820473
-3.54    0.819525
-3.52    0.818553
-3.5    0.817555
-3.48    0.816532
-3.46    0.815482
-3.44    0.814404
-3.42    0.813299
-3.4    0.812165
-3.38    0.811002
-3.36    0.809808
-3.34    0.808583
-3.32    0.807327
-3.3    0.806038
-3.28    0.804715
-3.26    0.803358
-3.24    0.801966
-3.22    0.800538
-3.2    0.799073
-3.18    0.797571
-3.16    0.796029
-3.14    0.794448
-3.12    0.792827
-3.1    0.791164
-3.08    0.789459
-3.06    0.787711
-3.04    0.785919
-3.02    0.784081
-3    0.782198
-2.98    0.780268
-2.96    0.77829
-2.94    0.776264
-2.92    0.774187
-2.9    0.772061
-2.88    0.769883
-2.86    0.767653
-2.84    0.76537
-2.82    0.763033
-2.8    0.760642
-2.78    0.758195
-2.76    0.755693
-2.74    0.753133
-2.72    0.750517
-2.7    0.747842
-2.68    0.745109
-2.66    0.742317
-2.64    0.739466
-2.62    0.736555
-2.6    0.733584
-2.58    0.730553
-2.56    0.727461
-2.54    0.724309
-2.52    0.721097
-2.5    0.717824
-2.48    0.714491
-2.46    0.711098
-2.44    0.707646
-2.42    0.704134
-2.4    0.700565
-2.38    0.696937
-2.36    0.693253
-2.34    0.689513
-2.32    0.685718
-2.3    0.681869
-2.28    0.677968
-2.26    0.674016
-2.24    0.670015
-2.22    0.665966
-2.2    0.661872
-2.18    0.657733
-2.16    0.653553
-2.14    0.649333
-2.12    0.645075
-2.1    0.640782
-2.08    0.636457
-2.06    0.632102
-2.04    0.627719
-2.02    0.623311
-2    0.618882
-1.98    0.614434
-1.96    0.60997
-1.94    0.605493
-1.92    0.601006
-1.9    0.596511
-1.88    0.592013
-1.86    0.587514
-1.84    0.583016
-1.82    0.578524
-1.8    0.57404
-1.78    0.569566
-1.76    0.565106
-1.74    0.560663
-1.72    0.556238
-1.7    0.551835
-1.68    0.547457
-1.66    0.543104
-1.64    0.53878
-1.62    0.534487
-1.6    0.530226
-1.58    0.526
-1.56    0.521809
-1.54    0.517656
-1.52    0.513541
-1.5    0.509466
-1.48    0.505431
-1.46    0.501438
-1.44    0.497487
-1.42    0.493578
-1.4    0.489711
-1.38    0.485888
-1.36    0.482108
-1.34    0.47837
-1.32    0.474675
-1.3    0.471022
-1.28    0.46741
-1.26    0.46384
-1.24    0.460311
-1.22    0.456822
-1.2    0.453372
-1.18    0.44996
-1.16    0.446587
-1.14    0.443251
-1.12    0.439951
-1.1    0.436688
-1.08    0.43346
-1.06    0.430267
-1.04    0.427108
-1.02    0.423983
-1    0.420892
-0.98    0.417835
-0.96    0.414811
-0.94    0.41182
-0.92    0.408864
-0.9    0.405941
-0.88    0.403053
-0.86    0.400199
-0.84    0.397381
-0.82    0.3946
-0.8    0.391856
-0.78    0.38915
-0.76    0.386484
-0.74    0.383858
-0.72    0.381274
-0.7    0.378733
-0.68    0.376237
-0.66    0.373786
-0.64    0.371384
-0.62    0.369031
-0.6    0.366728
-0.58    0.364478
-0.56    0.362283
-0.54    0.360143
-0.52    0.35806
-0.5    0.356037
-0.48    0.354073
-0.46    0.352172
-0.44    0.350335
-0.42    0.348562
-0.4    0.346856
-0.38    0.345217
-0.36    0.343648
-0.34    0.342148
-0.32    0.340719
-0.3    0.339362
-0.28    0.338077
-0.26    0.336866
-0.24    0.33573
-0.22    0.334668
-0.2    0.333681
-0.18    0.332769
-0.16    0.331934
-0.14    0.331173
-0.12    0.330489
-0.1    0.329879
-0.08    0.329345
-0.06    0.328886
-0.04    0.3285
-0.02    0.328188
-1.80342e-14    0.327948
0.02    0.327779
0.04    0.32768
0.06    0.327649
0.08    0.327685
0.1    0.327787
0.12    0.327951
0.14    0.328176
0.16    0.32846
0.18    0.3288
0.2    0.329192
0.22    0.329635
0.24    0.330124
0.26    0.330657
0.28    0.331229
0.3    0.331836
0.32    0.332476
0.34    0.333142
0.36    0.333831
0.38    0.334537
0.4    0.335257
0.42    0.335984
0.44    0.336714
0.46    0.337441
0.48    0.338159
0.5    0.338864
0.52    0.339549
0.54    0.340209
0.56    0.340837
0.58    0.341429
0.6    0.341979
0.62    0.342482
0.64    0.342931
0.66    0.343322
0.68    0.34365
0.7    0.343911
0.72    0.344099
0.74    0.344212
0.76    0.344244
0.78    0.344194
0.8    0.344058
0.82    0.343833
0.84    0.343518
0.86    0.343111
0.88    0.342611
0.9    0.342018
0.92    0.341332
0.94    0.340553
0.96    0.339683
0.98    0.338723
1    0.337676
1.02    0.336543
1.04    0.335328
1.06    0.334034
1.08    0.332666
1.1    0.331228
1.12    0.329723
1.14    0.328158
1.16    0.326537
1.18    0.324867
1.2    0.323151
1.22    0.321397
1.24    0.319611
1.26    0.317797
1.28    0.315963
1.3    0.314115
1.32    0.312257
1.34    0.310397
1.36    0.30854
1.38    0.306692
1.4    0.304858
1.42    0.303044
1.44    0.301254
1.46    0.299494
1.48    0.297768
1.5    0.296081
1.52    0.294437
1.54    0.29284
1.56    0.291292
1.58    0.289799
1.6    0.288362
1.62    0.286984
1.64    0.285668
1.66    0.284417
1.68    0.283231
1.7    0.282113
1.72    0.281065
1.74    0.280086
1.76    0.279179
1.78    0.278345
1.8    0.277583
1.82    0.276894
1.84    0.276278
1.86    0.275736
1.88    0.275267
1.9    0.27487
1.92    0.274547
1.94    0.274295
1.96    0.274115
1.98    0.274005
2    0.273965
2.02    0.273994
2.04    0.27409
2.06    0.274253
2.08    0.274482
2.1    0.274774
2.12    0.27513
2.14    0.275547
2.16    0.276025
2.18    0.276561
2.2    0.277155
2.22    0.277805
2.24    0.278509
2.26    0.279266
2.28    0.280075
2.3    0.280933
2.32    0.281841
2.34    0.282794
2.36    0.283794
2.38    0.284837
2.4    0.285922
2.42    0.287049
2.44    0.288214
2.46    0.289417
2.48    0.290656
2.5    0.29193
2.52    0.293238
2.54    0.294577
2.56    0.295946
2.58    0.297344
2.6    0.29877
2.62    0.300221
2.64    0.301698
2.66    0.303197
2.68    0.304719
2.7    0.306261
2.72    0.307822
2.74    0.309402
2.76    0.310998
2.78    0.31261
2.8    0.314236
2.82    0.315875
2.84    0.317526
2.86    0.319188
2.88    0.320859
2.9    0.322539
2.92    0.324227
2.94    0.325921
2.96    0.32762
2.98    0.329324
3    0.331031
3.02    0.332741
3.04    0.334452
3.06    0.336165
3.08    0.337876
3.1    0.339587
3.12    0.341296
3.14    0.343003
3.16    0.344706
3.18    0.346404
3.2    0.348098
3.22    0.349787
3.24    0.351469
3.26    0.353144
3.28    0.354811
3.3    0.356471
3.32    0.358122
3.34    0.359763
3.36    0.361395
3.38    0.363017
3.4    0.364627
3.42    0.366227
3.44    0.367814
3.46    0.36939
3.48    0.370953
3.5    0.372503
3.52    0.37404
3.54    0.375563
3.56    0.377073
3.58    0.378568
3.6    0.380048
3.62    0.381514
3.64    0.382965
3.66    0.3844
3.68    0.38582
3.7    0.387224
3.72    0.388612
3.74    0.389984
3.76    0.39134
3.78    0.39268
3.8    0.394003
3.82    0.395309
3.84    0.396599
3.86    0.397872
3.88    0.399128
3.9    0.400367
3.92    0.401589
3.94    0.402794
3.96    0.403981
3.98    0.405152
4    0.406306
4.02    0.407442
4.04    0.408562
4.06    0.409664
4.08    0.410749
4.1    0.411817
4.12    0.412868
4.14    0.413903
4.16    0.41492
4.18    0.415921
4.2    0.416904
4.22    0.417871
4.24    0.418822
4.26    0.419756
4.28    0.420673
4.3    0.421574
4.32    0.422459
4.34    0.423328
4.36    0.424181
4.38    0.425018
4.4    0.425839
4.42    0.426645
4.44    0.427435
4.46    0.428209
4.48    0.428969
4.5    0.429713
4.52    0.430442
4.54    0.431157
4.56    0.431857
4.58    0.432542
4.6    0.433213
4.62    0.433869
4.64    0.434512
4.66    0.43514
4.68    0.435755
4.7    0.436356
4.72    0.436944
4.74    0.437518
4.76    0.438079
4.78    0.438627
4.8    0.439162
4.82    0.439685
4.84    0.440194
4.86    0.440692
4.88    0.441177
4.9    0.44165
4.92    0.442111
4.94    0.442561
4.96    0.442999
4.98    0.443425
