-5    0.037407
-4.98    0.0374252
-4.96    0.0374445
-4.94    0.037465
-4.92    0.0374867
-4.9    0.0375096
-4.88    0.0375339
-4.86    0.0375597
-4.84    0.037587
-4.82    0.0376159
-4.8    0.0376465
-4.78    0.037679
-4.76    0.0377134
-4.74    0.0377498
-4.72    0.0377884
-4.7    0.0378293
-4.68    0.0378726
-4.66    0.0379185
-4.64    0.0379671
-4.62    0.0380187
-4.6    0.0380733
-4.58    0.0381312
-4.56    0.0381926
-4.54    0.0382577
-4.52    0.0383266
-4.5    0.0383997
-4.48    0.0384772
-4.46    0.0385594
-4.44    0.0386466
-4.42    0.038739
-4.4    0.038837
-4.38    0.038941
-4.36    0.0390512
-4.34    0.0391682
-4.32    0.0392923
-4.3    0.039424
-4.28    0.0395638
-4.26    0.0397122
-4.24    0.0398697
-4.22    0.0400369
-4.2    0.0402145
-4.18    0.0404031
-4.16    0.0406034
-4.14    0.0408162
-4.12    0.0410424
-4.1    0.0412827
-4.08    0.0415383
-4.06    0.04181
-4.04    0.042099
-4.02    0.0424065
-4    0.0427337
-3.98    0.043082
-3.96    0.0434528
-3.94    0.0438477
-3.92    0.0442685
-3.9    0.044717
-3.88    0.0451951
-3.86    0.045705
-3.84    0.0462491
-3.82    0.0468298
-3.8    0.04745
-3.78    0.0481125
-3.76    0.0488206
-3.74    0.0495777
-3.72    0.0503878
-3.7    0.0512549
-3.68    0.0521836
-3.66    0.0531787
-3.64    0.0542457
-3.62    0.0553905
-3.6    0.0566194
-3.58    0.0579396
-3.56    0.0593586
-3.54    0.060885
-3.52    0.062528
-3.5    0.0642976
-3.48    0.0662052
-3.46    0.0682629
-3.44    0.070484
-3.42    0.0728834
-3.4    0.0754773
-3.38    0.0782834
-3.36    0.0813212
-3.34    0.0846121
-3.32    0.0881797
-3.3    0.0920495
-3.28    0.0962497
-3.26    0.100811
-3.24    0.105767
-3.22    0.111153
-3.2    0.117009
-3.18    0.123376
-3.16    0.130302
-3.14    0.137832
-3.12    0.14602
-3.1    0.154917
-3.08    0.164581
-3.06    0.175067
-3.04    0.186434
-3.02    0.198738
-3    0.212036
-2.98    0.226377
-2.96    0.241807
-2.94    0.258364
-2.92    0.276074
-2.9    0.29495
-2.88    0.314989
-2.86    0.33617
-2.84    0.358447
-2.82    0.381756
-2.8    0.406004
-2.78    0.431078
-2.76    0.456838
-2.74    0.483125
-2.72    0.509763
-2.7    0.536564
-2.68    0.563329
-2.66    0.589864
-2.64    0.615977
-2.62    0.641487
-2.6    0.666231
-2.58    0.690066
-2.56    0.712874
-2.54    0.734562
-2.52    0.755062
-2.5    0.774332
-2.48    0.792355
-2.46    0.809131
-2.44    0.824682
-2.42    0.839043
-2.4    0.85226
-2.38    0.864391
-2.36    0.875496
-2.34    0.885642
-2.32    0.894895
-2.3    0.903323
-2.28    0.910992
-2.26    0.917965
-2.24    0.924303
-2.22    0.930063
-2.2    0.935297
-2.18    0.940057
-2.16    0.944387
-2.14    0.948328
-2.12    0.95192
-2.1    0.955196
-2.08    0.958189
-2.06    0.960926
-2.04    0.963433
-2.02    0.965733
-2    0.967847
-1.98    0.969795
-1.96    0.971591
-1.94    0.973252
-1.92    0.974792
-1.9    0.976221
-1.88    0.977552
-1.86    0.978793
-1.84    0.979954
-1.82    0.981042
-1.8    0.982065
-1.78    0.983028
-1.76    0.983937
-1.74    0.984798
-1.72    0.985614
-1.7    0.98639
-1.68    0.987129
-1.66    0.987835
-1.64    0.988509
-1.62    0.989156
-1.6    0.989776
-1.58    0.990371
-1.56    0.990944
-1.54    0.991495
-1.52    0.992027
-1.5    0.992539
-1.48    0.993033
-1.46    0.993509
-1.44    0.993968
-1.42    0.99441
-1.4    0.994836
-1.38    0.995245
-1.36    0.995638
-1.34    0.996014
-1.32    0.996373
-1.3    0.996715
-1.28    0.99704
-1.26    0.997347
-1.24    0.997635
-1.22    0.997905
-1.2    0.998156
-1.18    0.998387
-1.16    0.9986
-1.14    0.998793
-1.12    0.998967
-1.1    0.999122
-1.08    0.999259
-1.06    0.99938
-1.04    0.999484
-1.02    0.999574
-1    0.99965
-0.98    0.999713
-0.96    0.999767
-0.94    0.99981
-0.92    0.999846
-0.9    0.999875
-0.88    0.999899
-0.86    0.999918
-0.84    0.999933
-0.82    0.999945
-0.8    0.999955
-0.78    0.999962
-0.76    0.999969
-0.74    0.999974
-0.72    0.999978
-0.7    0.999981
-0.68    0.999984
-0.66    0.999987
-0.64    0.999989
-0.62    0.999991
-0.6    0.999992
-0.58    0.999993
-0.56    0.999995
-0.54    0.999996
-0.52    0.999997
-0.5    0.999997
-0.48    0.999998
-0.46    0.999998
-0.44    0.999999
-0.42    0.999999
-0.4    0.999999
-0.38    0.999999
-0.36    1
-0.34    1
-0.32    1
-0.3    1
-0.28    1
-0.26    1
-0.24    1
-0.22    1
-0.2    1
-0.18    1
-0.16    1
-0.14    1
-0.12    1
-0.1    1
-0.08    1
-0.06    1
-0.04    1
-0.02    1
-1.80342e-14    1
0.02    1
0.04    1
0.06    1
0.08    1
0.1    1
0.12    1
0.14    1
0.16    1
0.18    1
0.2    1
0.22    1
0.24    1
0.26    1
0.28    1
0.3    1
0.32    1
0.34    1
0.36    1
0.38    1
0.4    1
0.42    1
0.44    1
0.46    1
0.48    1
0.5    1
0.52    1
0.54    1
0.56    1
0.58    1
0.6    1
0.62    1
0.64    1
0.66    1
0.68    1
0.7    1
0.72    1
0.74    1
0.76    1
0.78    1
0.8    1
0.82    1
0.84    1
0.86    1
0.88    1
0.9    1
0.92    1
0.94    1
0.96    1
0.98    1
1    1
1.02    1
1.04    1
1.06    1
1.08    1
1.1    1
1.12    1
1.14    1
1.16    1
1.18    1
1.2    1
1.22    1
1.24    1
1.26    1
1.28    1
1.3    1
1.32    1
1.34    1
1.36    1
1.38    1
1.4    1
1.42    1
1.44    1
1.46    1
1.48    1
1.5    1
1.52    1
1.54    1
1.56    1
1.58    1
1.6    1
1.62    1
1.64    1
1.66    1
1.68    1
1.7    1
1.72    1
1.74    1
1.76    1
1.78    1
1.8    1
1.82    1
1.84    1
1.86    1
1.88    1
1.9    1
1.92    1
1.94    1
1.96    1
1.98    1
2    1
2.02    1
2.04    1
2.06    1
2.08    1
2.1    1
2.12    1
2.14    1
2.16    1
2.18    1
2.2    1
2.22    1
2.24    1
2.26    1
2.28    1
2.3    1
2.32    1
2.34    1
2.36    1
2.38    1
2.4    1
2.42    1
2.44    1
2.46    1
2.48    1
2.5    1
2.52    1
2.54    1
2.56    1
2.58    1
2.6    1
2.62    1
2.64    1
2.66    1
2.68    1
2.7    1
2.72    1
2.74    1
2.76    1
2.78    1
2.8    1
2.82    1
2.84    1
2.86    1
2.88    1
2.9    1
2.92    1
2.94    1
2.96    1
2.98    1
3    1
3.02    1
3.04    1
3.06    1
3.08    1
3.1    1
3.12    1
3.14    1
3.16    1
3.18    1
3.2    1
3.22    1
3.24    1
3.26    1
3.28    1
3.3    1
3.32    1
3.34    1
3.36    1
3.38    1
3.4    1
3.42    1
3.44    1
3.46    1
3.48    1
3.5    1
3.52    1
3.54    1
3.56    1
3.58    1
3.6    1
3.62    1
3.64    1
3.66    1
3.68    1
3.7    1
3.72    1
3.74    1
3.76    1
3.78    1
3.8    1
3.82    1
3.84    1
3.86    1
3.88    1
3.9    1
3.92    1
3.94    1
3.96    1
3.98    1
4    1
4.02    1
4.04    1
4.06    1
4.08    1
4.1    1
4.12    1
4.14    1
4.16    1
4.18    1
4.2    1
4.22    1
4.24    1
4.26    1
4.28    1
4.3    1
4.32    1
4.34    1
4.36    1
4.38    1
4.4    1
4.42    1
4.44    1
4.46    1
4.48    1
4.5    1
4.52    1
4.54    1
4.56    1
4.58    1
4.6    1
4.62    1
4.64    1
4.66    1
4.68    1
4.7    1
4.72    1
4.74    1
4.76    1
4.78    1
4.8    1
4.82    1
4.84    1
4.86    1
4.88    1
4.9    1
4.92    1
4.94    1
4.96    1
4.98    1
