-5    0.120189
-4.98    0.118157
-4.96    0.116156
-4.94    0.114188
-4.92    0.112253
-4.9    0.110351
-4.88    0.108484
-4.86    0.106652
-4.84    0.104855
-4.82    0.103095
-4.8    0.10137
-4.78    0.0996815
-4.76    0.0980297
-4.74    0.0964147
-4.72    0.0948363
-4.7    0.0932948
-4.68    0.0917899
-4.66    0.0903215
-4.64    0.0888896
-4.62    0.0874939
-4.6    0.086134
-4.58    0.0848098
-4.56    0.0835208
-4.54    0.0822667
-4.52    0.0810471
-4.5    0.0798615
-4.48    0.0787095
-4.46    0.0775905
-4.44    0.0765042
-4.42    0.0754498
-4.4    0.074427
-4.38    0.0734351
-4.36    0.0724736
-4.34    0.071542
-4.32    0.0706396
-4.3    0.0697659
-4.28    0.0689204
-4.26    0.0681025
-4.24    0.0673115
-4.22    0.066547
-4.2    0.0658085
-4.18    0.0650953
-4.16    0.064407
-4.14    0.063743
-4.12    0.0631028
-4.1    0.0624859
-4.08    0.0618919
-4.06    0.0613202
-4.04    0.0607704
-4.02    0.0602421
-4    0.0597349
-3.98    0.0592482
-3.96    0.0587817
-3.94    0.0583351
-3.92    0.0579079
-3.9    0.0574998
-3.88    0.0571104
-3.86    0.0567394
-3.84    0.0563865
-3.82    0.0560514
-3.8    0.0557337
-3.78    0.0554332
-3.76    0.0551497
-3.74    0.0548828
-3.72    0.0546324
-3.7    0.0543981
-3.68    0.0541798
-3.66    0.0539773
-3.64    0.0537903
-3.62    0.0536188
-3.6    0.0534624
-3.58    0.053321
-3.56    0.0531946
-3.54    0.0530829
-3.52    0.0529858
-3.5    0.0529032
-3.48    0.052835
-3.46    0.0527811
-3.44    0.0527414
-3.42    0.0527159
-3.4    0.0527044
-3.38    0.052707
-3.36    0.0527237
-3.34    0.0527543
-3.32    0.0527989
-3.3    0.0528576
-3.28    0.0529303
-3.26    0.0530171
-3.24    0.0531181
-3.22    0.0532333
-3.2    0.053363
-3.18    0.0535071
-3.16    0.053666
-3.14    0.0538397
-3.12    0.0540284
-3.1    0.0542326
-3.08    0.0544523
-3.06    0.0546879
-3.04    0.0549398
-3.02    0.0552083
-3    0.0554939
-2.98    0.055797
-2.96    0.0561183
-2.94    0.0564581
-2.92    0.0568173
-2.9    0.0571964
-2.88    0.0575963
-2.86    0.0580178
-2.84    0.0584617
-2.82    0.0589292
-2.8    0.0594211
-2.78    0.0599388
-2.76    0.0604835
-2.74    0.0610565
-2.72    0.0616594
-2.7    0.0622939
-2.68    0.0629615
-2.66    0.0636644
-2.64    0.0644044
-2.62    0.0651839
-2.6    0.0660053
-2.58    0.0668711
-2.56    0.0677842
-2.54    0.0687476
-2.52    0.0697645
-2.5    0.0708386
-2.48    0.0719734
-2.46    0.0731732
-2.44    0.0744423
-2.42    0.0757853
-2.4    0.0772072
-2.38    0.0787136
-2.36    0.08031
-2.34    0.0820026
-2.32    0.083798
-2.3    0.085703
-2.28    0.0877251
-2.26    0.089872
-2.24    0.092152
-2.22    0.0945736
-2.2    0.0971458
-2.18    0.0998782
-2.16    0.10278
-2.14    0.105863
-2.12    0.109135
-2.1    0.112609
-2.08    0.116293
-2.06    0.1202
-2.04    0.124339
-2.02    0.12872
-2    0.133353
-1.98    0.138247
-1.96    0.14341
-1.94    0.148848
-1.92    0.154568
-1.9    0.160573
-1.88    0.166865
-1.86    0.173444
-1.84    0.180309
-1.82    0.187454
-1.8    0.194874
-1.78    0.202558
-1.76    0.210494
-1.74    0.21867
-1.72    0.227067
-1.7    0.235668
-1.68    0.244454
-1.66    0.253403
-1.64    0.262495
-1.62    0.271707
-1.6    0.281018
-1.58    0.290408
-1.56    0.299859
-1.54    0.309352
-1.52    0.318874
-1.5    0.328412
-1.48    0.337956
-1.46    0.3475
-1.44    0.35704
-1.42    0.366577
-1.4    0.376111
-1.38    0.385649
-1.36    0.395199
-1.34    0.404768
-1.32    0.414371
-1.3    0.424018
-1.28    0.433724
-1.26    0.443502
-1.24    0.453367
-1.22    0.463331
-1.2    0.473405
-1.18    0.4836
-1.16    0.493921
-1.14    0.504373
-1.12    0.514955
-1.1    0.525663
-1.08    0.536488
-1.06    0.547418
-1.04    0.558435
-1.02    0.569518
-1    0.580644
-0.98    0.591787
-0.96    0.602919
-0.94    0.614014
-0.92    0.625047
-0.9    0.635997
-0.88    0.646845
-0.86    0.657579
-0.84    0.668189
-0.82    0.678672
-0.8    0.689026
-0.78    0.699252
-0.76    0.709352
-0.74    0.719327
-0.72    0.729174
-0.7    0.738886
-0.68    0.748454
-0.66    0.75786
-0.64    0.767083
-0.62    0.776096
-0.6    0.784871
-0.58    0.793377
-0.56    0.801582
-0.54    0.809458
-0.52    0.816977
-0.5    0.824119
-0.48    0.830865
-0.46    0.837203
-0.44    0.843128
-0.42    0.848636
-0.4    0.853731
-0.38    0.858419
-0.36    0.862711
-0.34    0.866617
-0.32    0.870151
-0.3    0.873327
-0.28    0.876161
-0.26    0.878666
-0.24    0.880856
-0.22    0.882744
-0.2    0.884343
-0.18    0.885663
-0.16    0.886713
-0.14    0.887502
-0.12    0.888035
-0.1    0.888319
-0.08    0.888357
-0.06    0.888151
-0.04    0.887703
-0.02    0.887011
-1.80342e-14    0.886076
0.02    0.884894
0.04    0.883462
0.06    0.881776
0.08    0.879829
0.1    0.877616
0.12    0.875131
0.14    0.872365
0.16    0.869311
0.18    0.86596
0.2    0.862305
0.22    0.858338
0.24    0.854049
0.26    0.849431
0.28    0.844477
0.3    0.839181
0.32    0.833535
0.34    0.827537
0.36    0.821182
0.38    0.814468
0.4    0.807396
0.42    0.799967
0.44    0.792184
0.46    0.784053
0.48    0.775581
0.5    0.766779
0.52    0.757659
0.54    0.748234
0.56    0.73852
0.58    0.728535
0.6    0.718298
0.62    0.70783
0.64    0.697153
0.66    0.68629
0.68    0.675262
0.7    0.664094
0.72    0.652808
0.74    0.641427
0.76    0.629973
0.78    0.618466
0.8    0.606926
0.82    0.595372
0.84    0.583819
0.86    0.572282
0.88    0.560776
0.9    0.549311
0.92    0.537897
0.94    0.526542
0.96    0.515252
0.98    0.504033
1    0.492887
1.02    0.481817
1.04    0.470824
1.06    0.459908
1.08    0.449068
1.1    0.438303
1.12    0.42761
1.14    0.416987
1.16    0.406433
1.18    0.395944
1.2    0.385518
1.22    0.375153
1.24    0.364847
1.26    0.354598
1.28    0.344407
1.3    0.334273
1.32    0.324196
1.34    0.314179
1.36    0.304224
1.38    0.294333
1.4    0.284511
1.42    0.274764
1.44    0.265097
1.46    0.255517
1.48    0.246031
1.5    0.236649
1.52    0.22738
1.54    0.218232
1.56    0.209218
1.58    0.200346
1.6    0.191629
1.62    0.183076
1.64    0.1747
1.66    0.166511
1.68    0.158519
1.7    0.150735
1.72    0.143167
1.74    0.135825
1.76    0.128716
1.78    0.121847
1.8    0.115223
1.82    0.10885
1.84    0.10273
1.86    0.0968659
1.88    0.0912587
1.9    0.0859079
1.92    0.0808122
1.94    0.075969
1.96    0.0713746
1.98    0.0670245
2    0.0629131
2.02    0.0590342
2.04    0.0553806
2.06    0.0519448
2.08    0.0487186
2.1    0.0456935
2.12    0.0428609
2.14    0.0402117
2.16    0.0377369
2.18    0.0354274
2.2    0.0332742
2.22    0.0312684
2.24    0.0294014
2.26    0.0276647
2.28    0.0260501
2.3    0.0245498
2.32    0.0231562
2.34    0.021862
2.36    0.0206605
2.38    0.0195451
2.4    0.0185098
2.42    0.0175488
2.44    0.0166566
2.46    0.0158283
2.48    0.015059
2.5    0.0143444
2.52    0.0136804
2.54    0.0130631
2.56    0.0124891
2.58    0.0119551
2.6    0.011458
2.62    0.010995
2.64    0.0105636
2.66    0.0101614
2.68    0.00978611
2.7    0.00943578
2.72    0.00910852
2.74    0.00880261
2.76    0.00851646
2.78    0.00824862
2.8    0.00799774
2.82    0.00776258
2.84    0.007542
2.86    0.00733494
2.88    0.00714045
2.9    0.00695762
2.92    0.00678564
2.94    0.00662375
2.96    0.00647124
2.98    0.00632747
3    0.00619184
3.02    0.0060638
3.04    0.00594285
3.06    0.0058285
3.08    0.00572033
3.1    0.00561793
3.12    0.00552092
3.14    0.00542896
3.16    0.00534172
3.18    0.00525891
3.2    0.00518025
3.22    0.00510549
3.24    0.00503437
3.26    0.00496668
3.28    0.00490221
3.3    0.00484076
3.32    0.00478216
3.34    0.00472623
3.36    0.00467282
3.38    0.00462178
3.4    0.00457298
3.42    0.00452628
3.44    0.00448156
3.46    0.00443871
3.48    0.00439763
3.5    0.00435822
3.52    0.00432037
3.54    0.00428402
3.56    0.00424906
3.58    0.00421543
3.6    0.00418306
3.62    0.00415187
3.64    0.00412181
3.66    0.0040928
3.68    0.0040648
3.7    0.00403775
3.72    0.0040116
3.74    0.00398631
3.76    0.00396182
3.78    0.0039381
3.8    0.00391511
3.82    0.0038928
3.84    0.00387115
3.86    0.00385012
3.88    0.00382968
3.9    0.00380979
3.92    0.00379044
3.94    0.00377159
3.96    0.00375321
3.98    0.00373529
4    0.00371781
4.02    0.00370073
4.04    0.00368405
4.06    0.00366774
4.08    0.00365178
4.1    0.00363616
4.12    0.00362087
4.14    0.00360588
4.16    0.00359118
4.18    0.00357676
4.2    0.00356261
4.22    0.00354872
4.24    0.00353506
4.26    0.00352165
4.28    0.00350845
4.3    0.00349547
4.32    0.00348269
4.34    0.00347011
4.36    0.00345772
4.38    0.00344551
4.4    0.00343348
4.42    0.00342161
4.44    0.00340991
4.46    0.00339836
4.48    0.00338697
4.5    0.00337572
4.52    0.00336461
4.54    0.00335364
4.56    0.0033428
4.58    0.00333209
4.6    0.0033215
4.62    0.00331104
4.64    0.00330069
4.66    0.00329046
4.68    0.00328035
4.7    0.00327034
4.72    0.00326044
4.74    0.00325065
4.76    0.00324096
4.78    0.00323137
4.8    0.00322188
4.82    0.00321248
4.84    0.00320319
4.86    0.00319399
4.88    0.00318488
4.9    0.00317586
4.92    0.00316693
4.94    0.00315809
4.96    0.00314934
4.98    0.00314068
