-5    0.349723
-4.98    0.349763
-4.96    0.349802
-4.94    0.34984
-4.92    0.349878
-4.9    0.349916
-4.88    0.349952
-4.86    0.349988
-4.84    0.350023
-4.82    0.350058
-4.8    0.350092
-4.78    0.350124
-4.76    0.350157
-4.74    0.350188
-4.72    0.350218
-4.7    0.350248
-4.68    0.350277
-4.66    0.350305
-4.64    0.350332
-4.62    0.350358
-4.6    0.350383
-4.58    0.350407
-4.56    0.35043
-4.54    0.350452
-4.52    0.350473
-4.5    0.350493
-4.48    0.350512
-4.46    0.35053
-4.44    0.350547
-4.42    0.350562
-4.4    0.350577
-4.38    0.35059
-4.36    0.350602
-4.34    0.350613
-4.32    0.350622
-4.3    0.35063
-4.28    0.350637
-4.26    0.350643
-4.24    0.350647
-4.22    0.35065
-4.2    0.350651
-4.18    0.350651
-4.16    0.350649
-4.14    0.350646
-4.12    0.350641
-4.1    0.350635
-4.08    0.350627
-4.06    0.350618
-4.04    0.350607
-4.02    0.350594
-4    0.35058
-3.98    0.350564
-3.96    0.350546
-3.94    0.350526
-3.92    0.350505
-3.9    0.350481
-3.88    0.350456
-3.86    0.350429
-3.84    0.3504
-3.82    0.350369
-3.8    0.350337
-3.78    0.350302
-3.76    0.350265
-3.74    0.350226
-3.72    0.350185
-3.7    0.350142
-3.68    0.350096
-3.66    0.350049
-3.64    0.349999
-3.62    0.349948
-3.6    0.349894
-3.58    0.349837
-3.56    0.349779
-3.54    0.349718
-3.52    0.349655
-3.5    0.349589
-3.48    0.349521
-3.46    0.349451
-3.44    0.349378
-3.42    0.349303
-3.4    0.349226
-3.38    0.349146
-3.36    0.349063
-3.34    0.348978
-3.32    0.348891
-3.3    0.348801
-3.28    0.348708
-3.26    0.348613
-3.24    0.348515
-3.22    0.348415
-3.2    0.348312
-3.18    0.348207
-3.16    0.348099
-3.14    0.347988
-3.12    0.347875
-3.1    0.347759
-3.08    0.347641
-3.06    0.34752
-3.04    0.347397
-3.02    0.34727
-3    0.347142
-2.98    0.347011
-2.96    0.346877
-2.94    0.346741
-2.92    0.346602
-2.9    0.34646
-2.88    0.346317
-2.86    0.34617
-2.84    0.346022
-2.82    0.34587
-2.8    0.345717
-2.78    0.345561
-2.76    0.345403
-2.74    0.345242
-2.72    0.345079
-2.7    0.344914
-2.68    0.344747
-2.66    0.344578
-2.64    0.344406
-2.62    0.344232
-2.6    0.344057
-2.58    0.343879
-2.56    0.3437
-2.54    0.343518
-2.52    0.343335
-2.5    0.34315
-2.48    0.342963
-2.46    0.342775
-2.44    0.342585
-2.42    0.342393
-2.4    0.3422
-2.38    0.342006
-2.36    0.34181
-2.34    0.341613
-2.32    0.341415
-2.3    0.341216
-2.28    0.341015
-2.26    0.340814
-2.24    0.340612
-2.22    0.340409
-2.2    0.340205
-2.18    0.34
-2.16    0.339795
-2.14    0.33959
-2.12    0.339384
-2.1    0.339177
-2.08    0.33897
-2.06    0.338763
-2.04    0.338556
-2.02    0.338349
-2    0.338142
-1.98    0.337935
-1.96    0.337728
-1.94    0.337522
-1.92    0.337316
-1.9    0.33711
-1.88    0.336905
-1.86    0.3367
-1.84    0.336496
-1.82    0.336293
-1.8    0.33609
-1.78    0.335888
-1.76    0.335688
-1.74    0.335488
-1.72    0.335289
-1.7    0.335092
-1.68    0.334896
-1.66    0.334701
-1.64    0.334507
-1.62    0.334315
-1.6    0.334124
-1.58    0.333935
-1.56    0.333747
-1.54    0.333561
-1.52    0.333377
-1.5    0.333194
-1.48    0.333014
-1.46    0.332835
-1.44    0.332658
-1.42    0.332482
-1.4    0.332309
-1.38    0.332138
-1.36    0.331969
-1.34    0.331802
-1.32    0.331637
-1.3    0.331474
-1.28    0.331313
-1.26    0.331155
-1.24    0.330999
-1.22    0.330845
-1.2    0.330693
-1.18    0.330543
-1.16    0.330396
-1.14    0.330251
-1.12    0.330109
-1.1    0.329969
-1.08    0.329831
-1.06    0.329695
-1.04    0.329562
-1.02    0.329432
-1    0.329303
-0.98    0.329178
-0.96    0.329054
-0.94    0.328933
-0.92    0.328814
-0.9    0.328698
-0.88    0.328584
-0.86    0.328472
-0.84    0.328363
-0.82    0.328256
-0.8    0.328151
-0.78    0.328049
-0.76    0.327949
-0.74    0.327851
-0.72    0.327756
-0.7    0.327663
-0.68    0.327572
-0.66    0.327483
-0.64    0.327397
-0.62    0.327312
-0.6    0.32723
-0.58    0.32715
-0.56    0.327073
-0.54    0.326997
-0.52    0.326924
-0.5    0.326852
-0.48    0.326783
-0.46    0.326715
-0.44    0.32665
-0.42    0.326587
-0.4    0.326525
-0.38    0.326466
-0.36    0.326408
-0.34    0.326352
-0.32    0.326298
-0.3    0.326246
-0.28    0.326196
-0.26    0.326147
-0.24    0.326101
-0.22    0.326056
-0.2    0.326012
-0.18    0.32597
-0.16    0.32593
-0.14    0.325892
-0.12    0.325855
-0.1    0.32582
-0.08    0.325786
-0.06    0.325754
-0.04    0.325723
-0.02    0.325694
-1.80342e-14    0.325666
0.02    0.325639
0.04    0.325614
0.06    0.32559
0.08    0.325568
0.1    0.325547
0.12    0.325527
0.14    0.325508
0.16    0.32549
0.18    0.325474
0.2    0.325459
0.22    0.325445
0.24    0.325432
0.26    0.325421
0.28    0.32541
0.3    0.3254
0.32    0.325392
0.34    0.325384
0.36    0.325378
0.38    0.325372
0.4    0.325368
0.42    0.325364
0.44    0.325361
0.46    0.325359
0.48    0.325358
0.5    0.325358
0.52    0.325358
0.54    0.32536
0.56    0.325362
0.58    0.325365
0.6    0.325368
0.62    0.325373
0.64    0.325378
0.66    0.325384
0.68    0.32539
0.7    0.325397
0.72    0.325405
0.74    0.325413
0.76    0.325422
0.78    0.325432
0.8    0.325442
0.82    0.325452
0.84    0.325464
0.86    0.325475
0.88    0.325488
0.9    0.3255
0.92    0.325514
0.94    0.325527
0.96    0.325541
0.98    0.325556
1    0.325571
1.02    0.325587
1.04    0.325602
1.06    0.325619
1.08    0.325635
1.1    0.325652
1.12    0.32567
1.14    0.325687
1.16    0.325705
1.18    0.325724
1.2    0.325742
1.22    0.325761
1.24    0.32578
1.26    0.3258
1.28    0.32582
1.3    0.32584
1.32    0.32586
1.34    0.325881
1.36    0.325902
1.38    0.325923
1.4    0.325944
1.42    0.325965
1.44    0.325987
1.46    0.326009
1.48    0.326031
1.5    0.326053
1.52    0.326076
1.54    0.326098
1.56    0.326121
1.58    0.326144
1.6    0.326167
1.62    0.32619
1.64    0.326213
1.66    0.326236
1.68    0.32626
1.7    0.326284
1.72    0.326307
1.74    0.326331
1.76    0.326355
1.78    0.326379
1.8    0.326403
1.82    0.326427
1.84    0.326451
1.86    0.326476
1.88    0.3265
1.9    0.326525
1.92    0.326549
1.94    0.326574
1.96    0.326598
1.98    0.326623
2    0.326647
2.02    0.326672
2.04    0.326697
2.06    0.326721
2.08    0.326746
2.1    0.326771
2.12    0.326796
2.14    0.326821
2.16    0.326845
2.18    0.32687
2.2    0.326895
2.22    0.32692
2.24    0.326945
2.26    0.326969
2.28    0.326994
2.3    0.327019
2.32    0.327044
2.34    0.327068
2.36    0.327093
2.38    0.327118
2.4    0.327142
2.42    0.327167
2.44    0.327191
2.46    0.327216
2.48    0.32724
2.5    0.327265
2.52    0.327289
2.54    0.327314
2.56    0.327338
2.58    0.327362
2.6    0.327386
2.62    0.327411
2.64    0.327435
2.66    0.327459
2.68    0.327483
2.7    0.327507
2.72    0.327531
2.74    0.327554
2.76    0.327578
2.78    0.327602
2.8    0.327626
2.82    0.327649
2.84    0.327673
2.86    0.327696
2.88    0.32772
2.9    0.327743
2.92    0.327766
2.94    0.327789
2.96    0.327812
2.98    0.327835
3    0.327858
3.02    0.327881
3.04    0.327904
3.06    0.327927
3.08    0.327949
3.1    0.327972
3.12    0.327994
3.14    0.328017
3.16    0.328039
3.18    0.328061
3.2    0.328083
3.22    0.328105
3.24    0.328127
3.26    0.328149
3.28    0.328171
3.3    0.328193
3.32    0.328214
3.34    0.328236
3.36    0.328257
3.38    0.328279
3.4    0.3283
3.42    0.328321
3.44    0.328342
3.46    0.328363
3.48    0.328384
3.5    0.328405
3.52    0.328426
3.54    0.328447
3.56    0.328467
3.58    0.328488
3.6    0.328508
3.62    0.328528
3.64    0.328548
3.66    0.328569
3.68    0.328589
3.7    0.328609
3.72    0.328628
3.74    0.328648
3.76    0.328668
3.78    0.328687
3.8    0.328707
3.82    0.328726
3.84    0.328745
3.86    0.328765
3.88    0.328784
3.9    0.328803
3.92    0.328822
3.94    0.328841
3.96    0.328859
3.98    0.328878
4    0.328896
4.02    0.328915
4.04    0.328933
4.06    0.328952
4.08    0.32897
4.1    0.328988
4.12    0.329006
4.14    0.329024
4.16    0.329042
4.18    0.329059
4.2    0.329077
4.22    0.329095
4.24    0.329112
4.26    0.329129
4.28    0.329147
4.3    0.329164
4.32    0.329181
4.34    0.329198
4.36    0.329215
4.38    0.329232
4.4    0.329249
4.42    0.329265
4.44    0.329282
4.46    0.329298
4.48    0.329315
4.5    0.329331
4.52    0.329347
4.54    0.329363
4.56    0.32938
4.58    0.329395
4.6    0.329411
4.62    0.329427
4.64    0.329443
4.66    0.329459
4.68    0.329474
4.7    0.32949
4.72    0.329505
4.74    0.32952
4.76    0.329535
4.78    0.329551
4.8    0.329566
4.82    0.329581
4.84    0.329595
4.86    0.32961
4.88    0.329625
4.9    0.32964
4.92    0.329654
4.94    0.329669
4.96    0.329683
4.98    0.329697
