-5    0.738203
-4.98    0.738203
-4.96    0.738203
-4.94    0.738203
-4.92    0.738203
-4.9    0.738203
-4.88    0.738203
-4.86    0.738203
-4.84    0.738203
-4.82    0.738203
-4.8    0.738203
-4.78    0.738203
-4.76    0.738203
-4.74    0.738203
-4.72    0.738203
-4.7    0.738203
-4.68    0.738203
-4.66    0.738203
-4.64    0.738203
-4.62    0.738203
-4.6    0.738203
-4.58    0.738203
-4.56    0.738203
-4.54    0.738203
-4.52    0.738203
-4.5    0.738203
-4.48    0.738203
-4.46    0.738203
-4.44    0.738203
-4.42    0.738203
-4.4    0.738203
-4.38    0.738203
-4.36    0.738203
-4.34    0.738203
-4.32    0.738203
-4.3    0.738203
-4.28    0.738203
-4.26    0.738203
-4.24    0.738203
-4.22    0.738203
-4.2    0.738203
-4.18    0.738203
-4.16    0.738203
-4.14    0.738203
-4.12    0.738203
-4.1    0.738203
-4.08    0.738203
-4.06    0.738203
-4.04    0.738203
-4.02    0.738203
-4    0.738203
-3.98    0.738203
-3.96    0.738203
-3.94    0.738203
-3.92    0.738203
-3.9    0.738203
-3.88    0.738203
-3.86    0.738203
-3.84    0.738203
-3.82    0.738203
-3.8    0.738203
-3.78    0.738203
-3.76    0.738203
-3.74    0.738203
-3.72    0.738203
-3.7    0.738203
-3.68    0.738203
-3.66    0.738203
-3.64    0.738203
-3.62    0.738203
-3.6    0.738203
-3.58    0.738203
-3.56    0.738203
-3.54    0.738203
-3.52    0.738203
-3.5    0.738203
-3.48    0.738203
-3.46    0.738203
-3.44    0.738203
-3.42    0.738203
-3.4    0.738203
-3.38    0.738203
-3.36    0.738203
-3.34    0.738203
-3.32    0.738203
-3.3    0.738203
-3.28    0.738203
-3.26    0.738203
-3.24    0.738203
-3.22    0.738203
-3.2    0.738203
-3.18    0.738203
-3.16    0.738203
-3.14    0.738203
-3.12    0.738203
-3.1    0.738203
-3.08    0.738203
-3.06    0.738203
-3.04    0.738203
-3.02    0.738203
-3    0.738203
-2.98    0.738203
-2.96    0.738203
-2.94    0.738203
-2.92    0.738203
-2.9    0.738203
-2.88    0.738203
-2.86    0.738203
-2.84    0.738203
-2.82    0.738203
-2.8    0.738203
-2.78    0.738203
-2.76    0.738203
-2.74    0.738203
-2.72    0.738203
-2.7    0.738203
-2.68    0.738203
-2.66    0.738203
-2.64    0.738203
-2.62    0.738202
-2.6    0.738202
-2.58    0.738202
-2.56    0.738202
-2.54    0.738202
-2.52    0.738202
-2.5    0.738202
-2.48    0.738202
-2.46    0.738202
-2.44    0.738202
-2.42    0.738202
-2.4    0.738202
-2.38    0.738202
-2.36    0.738202
-2.34    0.738202
-2.32    0.738202
-2.3    0.738202
-2.28    0.738202
-2.26    0.738202
-2.24    0.738202
-2.22    0.738202
-2.2    0.738202
-2.18    0.738202
-2.16    0.738202
-2.14    0.738202
-2.12    0.738202
-2.1    0.738202
-2.08    0.738202
-2.06    0.738202
-2.04    0.738202
-2.02    0.738202
-2    0.738202
-1.98    0.738202
-1.96    0.738202
-1.94    0.738202
-1.92    0.738202
-1.9    0.738202
-1.88    0.738202
-1.86    0.738202
-1.84    0.738202
-1.82    0.738202
-1.8    0.738202
-1.78    0.738202
-1.76    0.738202
-1.74    0.738202
-1.72    0.738202
-1.7    0.738202
-1.68    0.738202
-1.66    0.738202
-1.64    0.738202
-1.62    0.738202
-1.6    0.738202
-1.58    0.738202
-1.56    0.738202
-1.54    0.738202
-1.52    0.738202
-1.5    0.738202
-1.48    0.738202
-1.46    0.738202
-1.44    0.738202
-1.42    0.738202
-1.4    0.738202
-1.38    0.738202
-1.36    0.738202
-1.34    0.738202
-1.32    0.738202
-1.3    0.738202
-1.28    0.738202
-1.26    0.738202
-1.24    0.738202
-1.22    0.738202
-1.2    0.738202
-1.18    0.738202
-1.16    0.738202
-1.14    0.738202
-1.12    0.738202
-1.1    0.738202
-1.08    0.738202
-1.06    0.738202
-1.04    0.738202
-1.02    0.738202
-1    0.738202
-0.98    0.738202
-0.96    0.738202
-0.94    0.738202
-0.92    0.738202
-0.9    0.738202
-0.88    0.738202
-0.86    0.738202
-0.84    0.738202
-0.82    0.738202
-0.8    0.738202
-0.78    0.738202
-0.76    0.738202
-0.74    0.738202
-0.72    0.738202
-0.7    0.738202
-0.68    0.738202
-0.66    0.738202
-0.64    0.738202
-0.62    0.738202
-0.6    0.738202
-0.58    0.738202
-0.56    0.738202
-0.54    0.738202
-0.52    0.738202
-0.5    0.738202
-0.48    0.738202
-0.46    0.738202
-0.44    0.738202
-0.42    0.738202
-0.4    0.738202
-0.38    0.738202
-0.36    0.738202
-0.34    0.738202
-0.32    0.738202
-0.3    0.738202
-0.28    0.738202
-0.26    0.738202
-0.24    0.738202
-0.22    0.738202
-0.2    0.738202
-0.18    0.738202
-0.16    0.738202
-0.14    0.738201
-0.12    0.738201
-0.1    0.738201
-0.08    0.738201
-0.06    0.738201
-0.04    0.738201
-0.02    0.738201
-1.80342e-14    0.738201
0.02    0.738201
0.04    0.738201
0.06    0.738201
0.08    0.738201
0.1    0.738201
0.12    0.738201
0.14    0.738201
0.16    0.738201
0.18    0.738201
0.2    0.738201
0.22    0.7382
0.24    0.7382
0.26    0.7382
0.28    0.7382
0.3    0.7382
0.32    0.7382
0.34    0.7382
0.36    0.7382
0.38    0.7382
0.4    0.738199
0.42    0.738199
0.44    0.738199
0.46    0.738199
0.48    0.738199
0.5    0.738198
0.52    0.738198
0.54    0.738198
0.56    0.738198
0.58    0.738198
0.6    0.738197
0.62    0.738197
0.64    0.738197
0.66    0.738196
0.68    0.738196
0.7    0.738196
0.72    0.738195
0.74    0.738195
0.76    0.738194
0.78    0.738194
0.8    0.738193
0.82    0.738193
0.84    0.738192
0.86    0.738191
0.88    0.738191
0.9    0.73819
0.92    0.738189
0.94    0.738188
0.96    0.738187
0.98    0.738186
1    0.738185
1.02    0.738183
1.04    0.738182
1.06    0.73818
1.08    0.738179
1.1    0.738177
1.12    0.738175
1.14    0.738173
1.16    0.73817
1.18    0.738168
1.2    0.738165
1.22    0.738162
1.24    0.738158
1.26    0.738154
1.28    0.73815
1.3    0.738145
1.32    0.73814
1.34    0.738135
1.36    0.738128
1.38    0.738121
1.4    0.738114
1.42    0.738105
1.44    0.738096
1.46    0.738085
1.48    0.738074
1.5    0.738061
1.52    0.738047
1.54    0.738031
1.56    0.738013
1.58    0.737994
1.6    0.737972
1.62    0.737947
1.64    0.73792
1.66    0.73789
1.68    0.737856
1.7    0.737818
1.72    0.737776
1.74    0.737729
1.76    0.737677
1.78    0.737618
1.8    0.737552
1.82    0.737479
1.84    0.737397
1.86    0.737306
1.88    0.737204
1.9    0.737089
1.92    0.736962
1.94    0.736819
1.96    0.73666
1.98    0.736483
2    0.736284
2.02    0.736063
2.04    0.735817
2.06    0.735542
2.08    0.735235
2.1    0.734894
2.12    0.734514
2.14    0.734092
2.16    0.733622
2.18    0.733101
2.2    0.732522
2.22    0.73188
2.24    0.731168
2.26    0.730381
2.28    0.729509
2.3    0.728546
2.32    0.727482
2.34    0.726309
2.36    0.725016
2.38    0.723594
2.4    0.722029
2.42    0.720311
2.44    0.718427
2.46    0.716362
2.48    0.714102
2.5    0.711633
2.52    0.708939
2.54    0.706002
2.56    0.702805
2.58    0.69933
2.6    0.69556
2.62    0.691474
2.64    0.687054
2.66    0.68228
2.68    0.677132
2.7    0.671591
2.72    0.665638
2.74    0.659253
2.76    0.652421
2.78    0.645124
2.8    0.637349
2.82    0.629081
2.84    0.620312
2.86    0.611035
2.88    0.601244
2.9    0.590942
2.92    0.580132
2.94    0.568822
2.96    0.557028
2.98    0.544769
3    0.532068
3.02    0.518956
3.04    0.505469
3.06    0.491647
3.08    0.477535
3.1    0.463183
3.12    0.448643
3.14    0.433971
3.16    0.419225
3.18    0.404462
3.2    0.38974
3.22    0.375118
3.24    0.360648
3.26    0.346384
3.28    0.332374
3.3    0.318661
3.32    0.305285
3.34    0.29228
3.36    0.279675
3.38    0.267493
3.4    0.255753
3.42    0.244467
3.44    0.233644
3.46    0.223288
3.48    0.213399
3.5    0.203974
3.52    0.195006
3.54    0.186485
3.56    0.178401
3.58    0.170741
3.6    0.163489
3.62    0.15663
3.64    0.150148
3.66    0.144027
3.68    0.138248
3.7    0.132796
3.72    0.127654
3.74    0.122804
3.76    0.118232
3.78    0.113921
3.8    0.109857
3.82    0.106025
3.84    0.102411
3.86    0.099003
3.88    0.0957878
3.9    0.0927539
3.92    0.0898902
3.94    0.0871861
3.96    0.084632
3.98    0.0822184
4    0.0799367
4.02    0.0777789
4.04    0.0757372
4.06    0.0738045
4.08    0.0719741
4.1    0.0702398
4.12    0.0685958
4.14    0.0670366
4.16    0.065557
4.18    0.0641524
4.2    0.0628182
4.22    0.0615503
4.24    0.0603449
4.26    0.0591982
4.28    0.058107
4.3    0.057068
4.32    0.0560782
4.34    0.0551349
4.36    0.0542355
4.38    0.0533776
4.4    0.0525588
4.42    0.0517771
4.44    0.0510304
4.46    0.0503169
4.48    0.0496348
4.5    0.0489825
4.52    0.0483583
4.54    0.047761
4.56    0.047189
4.58    0.0466412
4.6    0.0461162
4.62    0.045613
4.64    0.0451305
4.66    0.0446677
4.68    0.0442236
4.7    0.0437973
4.72    0.0433881
4.74    0.042995
4.76    0.0426173
4.78    0.0422544
4.8    0.0419055
4.82    0.04157
4.84    0.0412473
4.86    0.0409368
4.88    0.040638
4.9    0.0403504
4.92    0.0400735
4.94    0.0398069
4.96    0.03955
4.98    0.0393024
