-5    0.594578
-4.98    0.594716
-4.96    0.594856
-4.94    0.594998
-4.92    0.595141
-4.9    0.595286
-4.88    0.595432
-4.86    0.59558
-4.84    0.595729
-4.82    0.59588
-4.8    0.596033
-4.78    0.596188
-4.76    0.596344
-4.74    0.596502
-4.72    0.596662
-4.7    0.596824
-4.68    0.596988
-4.66    0.597153
-4.64    0.597321
-4.62    0.59749
-4.6    0.597662
-4.58    0.597836
-4.56    0.598011
-4.54    0.598189
-4.52    0.598369
-4.5    0.598552
-4.48    0.598736
-4.46    0.598923
-4.44    0.599112
-4.42    0.599304
-4.4    0.599498
-4.38    0.599694
-4.36    0.599893
-4.34    0.600095
-4.32    0.600299
-4.3    0.600506
-4.28    0.600716
-4.26    0.600928
-4.24    0.601143
-4.22    0.601361
-4.2    0.601582
-4.18    0.601806
-4.16    0.602033
-4.14    0.602263
-4.12    0.602496
-4.1    0.602732
-4.08    0.602972
-4.06    0.603215
-4.04    0.603461
-4.02    0.603711
-4    0.603964
-3.98    0.60422
-3.96    0.604481
-3.94    0.604745
-3.92    0.605013
-3.9    0.605284
-3.88    0.60556
-3.86    0.605839
-3.84    0.606123
-3.82    0.60641
-3.8    0.606702
-3.78    0.606998
-3.76    0.607298
-3.74    0.607603
-3.72    0.607913
-3.7    0.608227
-3.68    0.608545
-3.66    0.608869
-3.64    0.609197
-3.62    0.60953
-3.6    0.609868
-3.58    0.610211
-3.56    0.61056
-3.54    0.610913
-3.52    0.611272
-3.5    0.611637
-3.48    0.612007
-3.46    0.612383
-3.44    0.612765
-3.42    0.613153
-3.4    0.613546
-3.38    0.613946
-3.36    0.614352
-3.34    0.614764
-3.32    0.615183
-3.3    0.615608
-3.28    0.61604
-3.26    0.616479
-3.24    0.616925
-3.22    0.617378
-3.2    0.617838
-3.18    0.618305
-3.16    0.61878
-3.14    0.619262
-3.12    0.619752
-3.1    0.62025
-3.08    0.620756
-3.06    0.62127
-3.04    0.621792
-3.02    0.622322
-3    0.622861
-2.98    0.623409
-2.96    0.623966
-2.94    0.624531
-2.92    0.625106
-2.9    0.62569
-2.88    0.626283
-2.86    0.626886
-2.84    0.627498
-2.82    0.628121
-2.8    0.628753
-2.78    0.629396
-2.76    0.630049
-2.74    0.630712
-2.72    0.631386
-2.7    0.632071
-2.68    0.632767
-2.66    0.633475
-2.64    0.634193
-2.62    0.634923
-2.6    0.635664
-2.58    0.636417
-2.56    0.637182
-2.54    0.63796
-2.52    0.638749
-2.5    0.63955
-2.48    0.640365
-2.46    0.641191
-2.44    0.642031
-2.42    0.642883
-2.4    0.643748
-2.38    0.644627
-2.36    0.645518
-2.34    0.646423
-2.32    0.647341
-2.3    0.648272
-2.28    0.649217
-2.26    0.650176
-2.24    0.651148
-2.22    0.652133
-2.2    0.653132
-2.18    0.654145
-2.16    0.655171
-2.14    0.65621
-2.12    0.657263
-2.1    0.658328
-2.08    0.659407
-2.06    0.660499
-2.04    0.661603
-2.02    0.662719
-2    0.663848
-1.98    0.664988
-1.96    0.666139
-1.94    0.667301
-1.92    0.668474
-1.9    0.669656
-1.88    0.670847
-1.86    0.672047
-1.84    0.673254
-1.82    0.674468
-1.8    0.675687
-1.78    0.676912
-1.76    0.67814
-1.74    0.67937
-1.72    0.680601
-1.7    0.681832
-1.68    0.683061
-1.66    0.684285
-1.64    0.685504
-1.62    0.686716
-1.6    0.687917
-1.58    0.689107
-1.56    0.690281
-1.54    0.691438
-1.52    0.692575
-1.5    0.693689
-1.48    0.694776
-1.46    0.695834
-1.44    0.696857
-1.42    0.697844
-1.4    0.69879
-1.38    0.699689
-1.36    0.70054
-1.34    0.701335
-1.32    0.702072
-1.3    0.702745
-1.28    0.70335
-1.26    0.70388
-1.24    0.704331
-1.22    0.704698
-1.2    0.704976
-1.18    0.705159
-1.16    0.705243
-1.14    0.705222
-1.12    0.705092
-1.1    0.704848
-1.08    0.704487
-1.06    0.704004
-1.04    0.703398
-1.02    0.702665
-1    0.701804
-0.98    0.700813
-0.96    0.699693
-0.94    0.698445
-0.92    0.697071
-0.9    0.695573
-0.88    0.693957
-0.86    0.692226
-0.84    0.690389
-0.82    0.688451
-0.8    0.686422
-0.78    0.684311
-0.76    0.68213
-0.74    0.679888
-0.72    0.677598
-0.7    0.675271
-0.68    0.672921
-0.66    0.670559
-0.64    0.668199
-0.62    0.66585
-0.6    0.663526
-0.58    0.661237
-0.56    0.658992
-0.54    0.656801
-0.52    0.654671
-0.5    0.652609
-0.48    0.650621
-0.46    0.648711
-0.44    0.646882
-0.42    0.645138
-0.4    0.643478
-0.38    0.641904
-0.36    0.640413
-0.34    0.639006
-0.32    0.637678
-0.3    0.636426
-0.28    0.635247
-0.26    0.634136
-0.24    0.633088
-0.22    0.632096
-0.2    0.631156
-0.18    0.630259
-0.16    0.6294
-0.14    0.628571
-0.12    0.627764
-0.1    0.626974
-0.08    0.626191
-0.06    0.625408
-0.04    0.624617
-0.02    0.623812
-1.80342e-14    0.622986
0.02    0.62213
0.04    0.621239
0.06    0.620308
0.08    0.61933
0.1    0.618302
0.12    0.617221
0.14    0.616085
0.16    0.614892
0.18    0.613644
0.2    0.612342
0.22    0.61099
0.24    0.609593
0.26    0.608157
0.28    0.606691
0.3    0.605204
0.32    0.603707
0.34    0.602212
0.36    0.600731
0.38    0.599277
0.4    0.597863
0.42    0.596503
0.44    0.595207
0.46    0.593989
0.48    0.592857
0.5    0.59182
0.52    0.590885
0.54    0.590057
0.56    0.589339
0.58    0.588731
0.6    0.588232
0.62    0.58784
0.64    0.587549
0.66    0.587353
0.68    0.587245
0.7    0.587217
0.72    0.58726
0.74    0.587366
0.76    0.587525
0.78    0.587728
0.8    0.587968
0.82    0.588237
0.84    0.588527
0.86    0.588832
0.88    0.589148
0.9    0.589468
0.92    0.589788
0.94    0.590106
0.96    0.590419
0.98    0.590724
1    0.591019
1.02    0.591304
1.04    0.591577
1.06    0.591839
1.08    0.592088
1.1    0.592324
1.12    0.592549
1.14    0.592761
1.16    0.592961
1.18    0.593151
1.2    0.593329
1.22    0.593498
1.24    0.593656
1.26    0.593806
1.28    0.593946
1.3    0.594079
1.32    0.594204
1.34    0.594322
1.36    0.594434
1.38    0.594539
1.4    0.594638
1.42    0.594732
1.44    0.594821
1.46    0.594906
1.48    0.594986
1.5    0.595062
1.52    0.595134
1.54    0.595203
1.56    0.595268
1.58    0.59533
1.6    0.595389
1.62    0.595446
1.64    0.5955
1.66    0.595551
1.68    0.5956
1.7    0.595647
1.72    0.595692
1.74    0.595735
1.76    0.595776
1.78    0.595815
1.8    0.595852
1.82    0.595888
1.84    0.595922
1.86    0.595955
1.88    0.595986
1.9    0.596016
1.92    0.596044
1.94    0.596071
1.96    0.596097
1.98    0.596122
2    0.596145
2.02    0.596167
2.04    0.596188
2.06    0.596208
2.08    0.596227
2.1    0.596245
2.12    0.596262
2.14    0.596278
2.16    0.596293
2.18    0.596307
2.2    0.59632
2.22    0.596332
2.24    0.596343
2.26    0.596354
2.28    0.596364
2.3    0.596373
2.32    0.596381
2.34    0.596388
2.36    0.596395
2.38    0.596401
2.4    0.596406
2.42    0.596411
2.44    0.596415
2.46    0.596419
2.48    0.596421
2.5    0.596424
2.52    0.596425
2.54    0.596427
2.56    0.596427
2.58    0.596427
2.6    0.596427
2.62    0.596426
2.64    0.596425
2.66    0.596423
2.68    0.596421
2.7    0.596418
2.72    0.596415
2.74    0.596412
2.76    0.596408
2.78    0.596404
2.8    0.596399
2.82    0.596395
2.84    0.59639
2.86    0.596384
2.88    0.596379
2.9    0.596373
2.92    0.596366
2.94    0.59636
2.96    0.596353
2.98    0.596347
3    0.596339
3.02    0.596332
3.04    0.596325
3.06    0.596317
3.08    0.596309
3.1    0.596301
3.12    0.596293
3.14    0.596285
3.16    0.596277
3.18    0.596268
3.2    0.59626
3.22    0.596251
3.24    0.596242
3.26    0.596233
3.28    0.596225
3.3    0.596216
3.32    0.596207
3.34    0.596198
3.36    0.596188
3.38    0.596179
3.4    0.59617
3.42    0.596161
3.44    0.596152
3.46    0.596142
3.48    0.596133
3.5    0.596124
3.52    0.596115
3.54    0.596105
3.56    0.596096
3.58    0.596087
3.6    0.596078
3.62    0.596069
3.64    0.59606
3.66    0.596051
3.68    0.596042
3.7    0.596033
3.72    0.596024
3.74    0.596015
3.76    0.596006
3.78    0.595997
3.8    0.595989
3.82    0.59598
3.84    0.595971
3.86    0.595963
3.88    0.595955
3.9    0.595946
3.92    0.595938
3.94    0.59593
3.96    0.595922
3.98    0.595914
4    0.595906
4.02    0.595898
4.04    0.59589
4.06    0.595882
4.08    0.595875
4.1    0.595867
4.12    0.59586
4.14    0.595853
4.16    0.595846
4.18    0.595838
4.2    0.595831
4.22    0.595825
4.24    0.595818
4.26    0.595811
4.28    0.595804
4.3    0.595798
4.32    0.595791
4.34    0.595785
4.36    0.595779
4.38    0.595773
4.4    0.595767
4.42    0.595761
4.44    0.595755
4.46    0.59575
4.48    0.595744
4.5    0.595738
4.52    0.595733
4.54    0.595728
4.56    0.595723
4.58    0.595717
4.6    0.595713
4.62    0.595708
4.64    0.595703
4.66    0.595698
4.68    0.595694
4.7    0.595689
4.72    0.595685
4.74    0.59568
4.76    0.595676
4.78    0.595672
4.8    0.595668
4.82    0.595664
4.84    0.595661
4.86    0.595657
4.88    0.595653
4.9    0.59565
4.92    0.595646
4.94    0.595643
4.96    0.59564
4.98    0.595637
