-5    9.20019e-07
-4.98    9.2358e-07
-4.96    9.2726e-07
-4.94    9.31065e-07
-4.92    9.34997e-07
-4.9    9.39059e-07
-4.88    9.43256e-07
-4.86    9.47592e-07
-4.84    9.5207e-07
-4.82    9.56694e-07
-4.8    9.6147e-07
-4.78    9.66401e-07
-4.76    9.71492e-07
-4.74    9.76748e-07
-4.72    9.82174e-07
-4.7    9.87774e-07
-4.68    9.93556e-07
-4.66    9.99523e-07
-4.64    1.00568e-06
-4.62    1.01204e-06
-4.6    1.0186e-06
-4.58    1.02537e-06
-4.56    1.03236e-06
-4.54    1.03957e-06
-4.52    1.04702e-06
-4.5    1.0547e-06
-4.48    1.06263e-06
-4.46    1.07082e-06
-4.44    1.07927e-06
-4.42    1.08799e-06
-4.4    1.09699e-06
-4.38    1.10629e-06
-4.36    1.11588e-06
-4.34    1.12578e-06
-4.32    1.13601e-06
-4.3    1.14657e-06
-4.28    1.15747e-06
-4.26    1.16874e-06
-4.24    1.18036e-06
-4.22    1.19238e-06
-4.2    1.20478e-06
-4.18    1.2176e-06
-4.16    1.23084e-06
-4.14    1.24452e-06
-4.12    1.25866e-06
-4.1    1.27327e-06
-4.08    1.28837e-06
-4.06    1.30398e-06
-4.04    1.32011e-06
-4.02    1.33679e-06
-4    1.35404e-06
-3.98    1.37188e-06
-3.96    1.39033e-06
-3.94    1.40942e-06
-3.92    1.42916e-06
-3.9    1.44959e-06
-3.88    1.47073e-06
-3.86    1.49261e-06
-3.84    1.51526e-06
-3.82    1.5387e-06
-3.8    1.56298e-06
-3.78    1.58812e-06
-3.76    1.61415e-06
-3.74    1.64112e-06
-3.72    1.66906e-06
-3.7    1.69802e-06
-3.68    1.72802e-06
-3.66    1.75912e-06
-3.64    1.79136e-06
-3.62    1.82479e-06
-3.6    1.85946e-06
-3.58    1.89541e-06
-3.56    1.93271e-06
-3.54    1.9714e-06
-3.52    2.01155e-06
-3.5    2.05322e-06
-3.48    2.09648e-06
-3.46    2.14138e-06
-3.44    2.188e-06
-3.42    2.23642e-06
-3.4    2.28671e-06
-3.38    2.33896e-06
-3.36    2.39324e-06
-3.34    2.44964e-06
-3.32    2.50826e-06
-3.3    2.56919e-06
-3.28    2.63253e-06
-3.26    2.6984e-06
-3.24    2.76689e-06
-3.22    2.83812e-06
-3.2    2.91222e-06
-3.18    2.9893e-06
-3.16    3.0695e-06
-3.14    3.15295e-06
-3.12    3.23981e-06
-3.1    3.33021e-06
-3.08    3.42431e-06
-3.06    3.52227e-06
-3.04    3.62426e-06
-3.02    3.73046e-06
-3    3.84105e-06
-2.98    3.95622e-06
-2.96    4.07618e-06
-2.94    4.20111e-06
-2.92    4.33125e-06
-2.9    4.46682e-06
-2.88    4.60805e-06
-2.86    4.75517e-06
-2.84    4.90845e-06
-2.82    5.06813e-06
-2.8    5.2345e-06
-2.78    5.40783e-06
-2.76    5.58841e-06
-2.74    5.77654e-06
-2.72    5.97254e-06
-2.7    6.17672e-06
-2.68    6.38941e-06
-2.66    6.61096e-06
-2.64    6.84171e-06
-2.62    7.08205e-06
-2.6    7.33233e-06
-2.58    7.59294e-06
-2.56    7.86428e-06
-2.54    8.14675e-06
-2.52    8.44077e-06
-2.5    8.74677e-06
-2.48    9.06517e-06
-2.46    9.39644e-06
-2.44    9.74101e-06
-2.42    1.00994e-05
-2.4    1.04719e-05
-2.38    1.08593e-05
-2.36    1.12618e-05
-2.34    1.168e-05
-2.32    1.21144e-05
-2.3    1.25655e-05
-2.28    1.30338e-05
-2.26    1.35198e-05
-2.24    1.4024e-05
-2.22    1.45469e-05
-2.2    1.50891e-05
-2.18    1.5651e-05
-2.16    1.62331e-05
-2.14    1.6836e-05
-2.12    1.74601e-05
-2.1    1.81059e-05
-2.08    1.87738e-05
-2.06    1.94644e-05
-2.04    2.01782e-05
-2.02    2.09154e-05
-2    2.16765e-05
-1.98    2.2462e-05
-1.96    2.32723e-05
-1.94    2.41076e-05
-1.92    2.49683e-05
-1.9    2.58547e-05
-1.88    2.67671e-05
-1.86    2.77057e-05
-1.84    2.86708e-05
-1.82    2.96625e-05
-1.8    3.0681e-05
-1.78    3.17265e-05
-1.76    3.27988e-05
-1.74    3.38982e-05
-1.72    3.50246e-05
-1.7    3.6178e-05
-1.68    3.73581e-05
-1.66    3.8565e-05
-1.64    3.97984e-05
-1.62    4.10581e-05
-1.6    4.23438e-05
-1.58    4.36552e-05
-1.56    4.49918e-05
-1.54    4.63533e-05
-1.52    4.77392e-05
-1.5    4.91489e-05
-1.48    5.05819e-05
-1.46    5.20375e-05
-1.44    5.35151e-05
-1.42    5.50139e-05
-1.4    5.65331e-05
-1.38    5.80719e-05
-1.36    5.96295e-05
-1.34    6.12049e-05
-1.32    6.27972e-05
-1.3    6.44053e-05
-1.28    6.60283e-05
-1.26    6.7665e-05
-1.24    6.93143e-05
-1.22    7.09751e-05
-1.2    7.26461e-05
-1.18    7.43262e-05
-1.16    7.60142e-05
-1.14    7.77086e-05
-1.12    7.94083e-05
-1.1    8.11119e-05
-1.08    8.2818e-05
-1.06    8.45254e-05
-1.04    8.62326e-05
-1.02    8.79382e-05
-1    8.96408e-05
-0.98    9.13391e-05
-0.96    9.30316e-05
-0.94    9.47169e-05
-0.92    9.63936e-05
-0.9    9.80602e-05
-0.88    9.97154e-05
-0.86    0.000101358
-0.84    0.000102986
-0.82    0.000104598
-0.8    0.000106194
-0.78    0.00010777
-0.76    0.000109328
-0.74    0.000110864
-0.72    0.000112378
-0.7    0.000113868
-0.68    0.000115333
-0.66    0.000116771
-0.64    0.000118183
-0.62    0.000119565
-0.6    0.000120918
-0.58    0.00012224
-0.56    0.00012353
-0.54    0.000124787
-0.52    0.000126009
-0.5    0.000127196
-0.48    0.000128347
-0.46    0.00012946
-0.44    0.000130536
-0.42    0.000131572
-0.4    0.000132568
-0.38    0.000133524
-0.36    0.000134438
-0.34    0.00013531
-0.32    0.000136138
-0.3    0.000136923
-0.28    0.000137664
-0.26    0.000138359
-0.24    0.000139009
-0.22    0.000139613
-0.2    0.00014017
-0.18    0.00014068
-0.16    0.000141142
-0.14    0.000141556
-0.12    0.000141922
-0.1    0.000142239
-0.08    0.000142507
-0.06    0.000142726
-0.04    0.000142895
-0.02    0.000143015
-1.80342e-14    0.000143084
0.02    0.000143104
0.04    0.000143074
0.06    0.000142993
0.08    0.000142863
0.1    0.000142682
0.12    0.000142452
0.14    0.000142171
0.16    0.000141841
0.18    0.000141462
0.2    0.000141033
0.22    0.000140554
0.24    0.000140027
0.26    0.000139452
0.28    0.000138829
0.3    0.000138158
0.32    0.000137439
0.34    0.000136674
0.36    0.000135863
0.38    0.000135006
0.4    0.000134105
0.42    0.000133159
0.44    0.000132169
0.46    0.000131136
0.48    0.000130062
0.5    0.000128946
0.52    0.00012779
0.54    0.000126594
0.56    0.000125359
0.58    0.000124087
0.6    0.000122779
0.62    0.000121435
0.64    0.000120056
0.66    0.000118644
0.68    0.0001172
0.7    0.000115725
0.72    0.000114221
0.74    0.000112688
0.76    0.000111128
0.78    0.000109542
0.8    0.000107932
0.82    0.000106298
0.84    0.000104644
0.86    0.000102969
0.88    0.000101275
0.9    9.95645e-05
0.92    9.78382e-05
0.94    9.60977e-05
0.96    9.43447e-05
0.98    9.25807e-05
1    9.08072e-05
1.02    8.90259e-05
1.04    8.72383e-05
1.06    8.5446e-05
1.08    8.36506e-05
1.1    8.18536e-05
1.12    8.00566e-05
1.14    7.82611e-05
1.16    7.64688e-05
1.18    7.46811e-05
1.2    7.28996e-05
1.22    7.11257e-05
1.24    6.93608e-05
1.26    6.76065e-05
1.28    6.58641e-05
1.3    6.4135e-05
1.32    6.24205e-05
1.34    6.07219e-05
1.36    5.90404e-05
1.38    5.73773e-05
1.4    5.57336e-05
1.42    5.41106e-05
1.44    5.25092e-05
1.46    5.09305e-05
1.48    4.93753e-05
1.5    4.78446e-05
1.52    4.63393e-05
1.54    4.486e-05
1.56    4.34075e-05
1.58    4.19825e-05
1.6    4.05855e-05
1.62    3.92171e-05
1.64    3.78777e-05
1.66    3.65677e-05
1.68    3.52875e-05
1.7    3.40374e-05
1.72    3.28175e-05
1.74    3.16282e-05
1.76    3.04694e-05
1.78    2.93412e-05
1.8    2.82436e-05
1.82    2.71767e-05
1.84    2.61402e-05
1.86    2.5134e-05
1.88    2.41579e-05
1.9    2.32117e-05
1.92    2.22951e-05
1.94    2.14078e-05
1.96    2.05494e-05
1.98    1.97195e-05
2    1.89176e-05
2.02    1.81434e-05
2.04    1.73963e-05
2.06    1.66759e-05
2.08    1.59815e-05
2.1    1.53127e-05
2.12    1.46688e-05
2.14    1.40493e-05
2.16    1.34536e-05
2.18    1.2881e-05
2.2    1.2331e-05
2.22    1.1803e-05
2.24    1.12962e-05
2.26    1.08101e-05
2.28    1.0344e-05
2.3    9.89734e-06
2.32    9.46945e-06
2.34    9.05972e-06
2.36    8.66753e-06
2.38    8.29226e-06
2.4    7.93333e-06
2.42    7.59013e-06
2.44    7.26207e-06
2.46    6.9486e-06
2.48    6.64915e-06
2.5    6.36316e-06
2.52    6.09011e-06
2.54    5.82947e-06
2.56    5.58074e-06
2.58    5.34342e-06
2.6    5.11703e-06
2.62    4.90111e-06
2.64    4.6952e-06
2.66    4.49887e-06
2.68    4.3117e-06
2.7    4.13327e-06
2.72    3.96321e-06
2.74    3.80113e-06
2.76    3.64667e-06
2.78    3.49947e-06
2.8    3.35921e-06
2.82    3.22555e-06
2.84    3.09819e-06
2.86    2.97684e-06
2.88    2.8612e-06
2.9    2.75101e-06
2.92    2.646e-06
2.94    2.54593e-06
2.96    2.45055e-06
2.98    2.35965e-06
3    2.273e-06
3.02    2.1904e-06
3.04    2.11165e-06
3.06    2.03656e-06
3.08    1.96496e-06
3.1    1.89666e-06
3.12    1.83152e-06
3.14    1.76937e-06
3.16    1.71008e-06
3.18    1.65349e-06
3.2    1.59947e-06
3.22    1.54791e-06
3.24    1.49867e-06
3.26    1.45166e-06
3.28    1.40674e-06
3.3    1.36383e-06
3.32    1.32283e-06
3.34    1.28364e-06
3.36    1.24618e-06
3.38    1.21035e-06
3.4    1.17609e-06
3.42    1.14332e-06
3.44    1.11196e-06
3.46    1.08194e-06
3.48    1.05321e-06
3.5    1.0257e-06
3.52    9.99352e-07
3.54    9.74112e-07
3.56    9.49927e-07
3.58    9.26749e-07
3.6    9.04529e-07
3.62    8.83222e-07
3.64    8.62788e-07
3.66    8.43184e-07
3.68    8.24372e-07
3.7    8.06317e-07
3.72    7.88984e-07
3.74    7.72339e-07
3.76    7.56352e-07
3.78    7.40994e-07
3.8    7.26235e-07
3.82    7.12049e-07
3.84    6.98411e-07
3.86    6.85296e-07
3.88    6.72682e-07
3.9    6.60546e-07
3.92    6.48868e-07
3.94    6.37628e-07
3.96    6.26808e-07
3.98    6.16388e-07
4    6.06353e-07
4.02    5.96686e-07
4.04    5.87371e-07
4.06    5.78394e-07
4.08    5.69741e-07
4.1    5.61397e-07
4.12    5.53352e-07
4.14    5.45592e-07
4.16    5.38105e-07
4.18    5.30882e-07
4.2    5.2391e-07
4.22    5.1718e-07
4.24    5.10683e-07
4.26    5.0441e-07
4.28    4.9835e-07
4.3    4.92497e-07
4.32    4.86842e-07
4.34    4.81378e-07
4.36    4.76097e-07
4.38    4.70991e-07
4.4    4.66056e-07
4.42    4.61283e-07
4.44    4.56668e-07
4.46    4.52203e-07
4.48    4.47885e-07
4.5    4.43706e-07
4.52    4.39662e-07
4.54    4.35749e-07
4.56    4.31961e-07
4.58    4.28293e-07
4.6    4.24742e-07
4.62    4.21304e-07
4.64    4.17974e-07
4.66    4.14748e-07
4.68    4.11624e-07
4.7    4.08596e-07
4.72    4.05663e-07
4.74    4.0282e-07
4.76    4.00065e-07
4.78    3.97394e-07
4.8    3.94806e-07
4.82    3.92296e-07
4.84    3.89862e-07
4.86    3.87502e-07
4.88    3.85213e-07
4.9    3.82993e-07
4.92    3.8084e-07
4.94    3.78751e-07
4.96    3.76725e-07
4.98    3.74758e-07
