-5    0.583805
-4.98    0.583497
-4.96    0.583188
-4.94    0.58288
-4.92    0.582571
-4.9    0.582263
-4.88    0.581955
-4.86    0.581646
-4.84    0.581338
-4.82    0.581031
-4.8    0.580723
-4.78    0.580416
-4.76    0.580109
-4.74    0.579802
-4.72    0.579496
-4.7    0.57919
-4.68    0.578885
-4.66    0.57858
-4.64    0.578276
-4.62    0.577972
-4.6    0.577669
-4.58    0.577366
-4.56    0.577064
-4.54    0.576763
-4.52    0.576463
-4.5    0.576163
-4.48    0.575864
-4.46    0.575566
-4.44    0.575269
-4.42    0.574973
-4.4    0.574678
-4.38    0.574384
-4.36    0.57409
-4.34    0.573798
-4.32    0.573507
-4.3    0.573218
-4.28    0.572929
-4.26    0.572642
-4.24    0.572356
-4.22    0.572071
-4.2    0.571787
-4.18    0.571505
-4.16    0.571224
-4.14    0.570945
-4.12    0.570667
-4.1    0.570391
-4.08    0.570116
-4.06    0.569843
-4.04    0.569572
-4.02    0.569302
-4    0.569034
-3.98    0.568767
-3.96    0.568502
-3.94    0.56824
-3.92    0.567979
-3.9    0.567719
-3.88    0.567462
-3.86    0.567207
-3.84    0.566954
-3.82    0.566702
-3.8    0.566453
-3.78    0.566206
-3.76    0.565961
-3.74    0.565718
-3.72    0.565477
-3.7    0.565239
-3.68    0.565003
-3.66    0.564769
-3.64    0.564537
-3.62    0.564308
-3.6    0.564081
-3.58    0.563857
-3.56    0.563635
-3.54    0.563416
-3.52    0.563199
-3.5    0.562985
-3.48    0.562773
-3.46    0.562565
-3.44    0.562358
-3.42    0.562155
-3.4    0.561954
-3.38    0.561756
-3.36    0.561561
-3.34    0.561369
-3.32    0.56118
-3.3    0.560993
-3.28    0.56081
-3.26    0.56063
-3.24    0.560452
-3.22    0.560278
-3.2    0.560107
-3.18    0.559939
-3.16    0.559775
-3.14    0.559613
-3.12    0.559455
-3.1    0.5593
-3.08    0.559149
-3.06    0.559001
-3.04    0.558856
-3.02    0.558715
-3    0.558578
-2.98    0.558444
-2.96    0.558313
-2.94    0.558187
-2.92    0.558064
-2.9    0.557945
-2.88    0.557829
-2.86    0.557718
-2.84    0.55761
-2.82    0.557506
-2.8    0.557407
-2.78    0.557311
-2.76    0.557219
-2.74    0.557132
-2.72    0.557048
-2.7    0.556969
-2.68    0.556895
-2.66    0.556824
-2.64    0.556758
-2.62    0.556696
-2.6    0.556639
-2.58    0.556587
-2.56    0.556539
-2.54    0.556495
-2.52    0.556457
-2.5    0.556423
-2.48    0.556394
-2.46    0.55637
-2.44    0.556351
-2.42    0.556337
-2.4    0.556328
-2.38    0.556324
-2.36    0.556326
-2.34    0.556333
-2.32    0.556345
-2.3    0.556362
-2.28    0.556385
-2.26    0.556414
-2.24    0.556448
-2.22    0.556489
-2.2    0.556535
-2.18    0.556586
-2.16    0.556644
-2.14    0.556708
-2.12    0.556778
-2.1    0.556854
-2.08    0.556937
-2.06    0.557026
-2.04    0.557121
-2.02    0.557223
-2    0.557332
-1.98    0.557447
-1.96    0.55757
-1.94    0.557699
-1.92    0.557835
-1.9    0.557979
-1.88    0.558129
-1.86    0.558288
-1.84    0.558453
-1.82    0.558626
-1.8    0.558807
-1.78    0.558996
-1.76    0.559192
-1.74    0.559397
-1.72    0.559609
-1.7    0.55983
-1.68    0.56006
-1.66    0.560298
-1.64    0.560544
-1.62    0.560799
-1.6    0.561063
-1.58    0.561336
-1.56    0.561619
-1.54    0.56191
-1.52    0.562211
-1.5    0.562521
-1.48    0.562842
-1.46    0.563172
-1.44    0.563512
-1.42    0.563862
-1.4    0.564222
-1.38    0.564593
-1.36    0.564974
-1.34    0.565367
-1.32    0.56577
-1.3    0.566184
-1.28    0.566609
-1.26    0.567046
-1.24    0.567494
-1.22    0.567954
-1.2    0.568426
-1.18    0.56891
-1.16    0.569407
-1.14    0.569916
-1.12    0.570437
-1.1    0.570972
-1.08    0.571519
-1.06    0.57208
-1.04    0.572654
-1.02    0.573241
-1    0.573843
-0.98    0.574459
-0.96    0.575089
-0.94    0.575733
-0.92    0.576392
-0.9    0.577066
-0.88    0.577755
-0.86    0.57846
-0.84    0.57918
-0.82    0.579917
-0.8    0.580669
-0.78    0.581438
-0.76    0.582223
-0.74    0.583025
-0.72    0.583844
-0.7    0.584681
-0.68    0.585536
-0.66    0.586408
-0.64    0.587299
-0.62    0.588208
-0.6    0.589136
-0.58    0.590083
-0.56    0.591049
-0.54    0.592035
-0.52    0.593041
-0.5    0.594068
-0.48    0.595115
-0.46    0.596183
-0.44    0.597272
-0.42    0.598383
-0.4    0.599515
-0.38    0.60067
-0.36    0.601847
-0.34    0.603047
-0.32    0.60427
-0.3    0.605516
-0.28    0.606786
-0.26    0.60808
-0.24    0.609399
-0.22    0.610742
-0.2    0.612109
-0.18    0.613502
-0.16    0.61492
-0.14    0.616363
-0.12    0.617833
-0.1    0.619328
-0.08    0.620849
-0.06    0.622397
-0.04    0.62397
-0.02    0.62557
-1.80342e-14    0.627197
0.02    0.62885
0.04    0.63053
0.06    0.632235
0.08    0.633967
0.1    0.635725
0.12    0.637509
0.14    0.639318
0.16    0.641153
0.18    0.643012
0.2    0.644895
0.22    0.646802
0.24    0.648732
0.26    0.650685
0.28    0.652659
0.3    0.654655
0.32    0.65667
0.34    0.658704
0.36    0.660756
0.38    0.662824
0.4    0.664909
0.42    0.667007
0.44    0.669119
0.46    0.671242
0.48    0.673375
0.5    0.675517
0.52    0.677666
0.54    0.67982
0.56    0.681978
0.58    0.684138
0.6    0.686299
0.62    0.688458
0.64    0.690614
0.66    0.692765
0.68    0.694909
0.7    0.697046
0.72    0.699172
0.74    0.701287
0.76    0.703388
0.78    0.705475
0.8    0.707545
0.82    0.709597
0.84    0.71163
0.86    0.713642
0.88    0.715631
0.9    0.717598
0.92    0.71954
0.94    0.721456
0.96    0.723345
0.98    0.725207
1    0.727039
1.02    0.728843
1.04    0.730615
1.06    0.732357
1.08    0.734067
1.1    0.735745
1.12    0.73739
1.14    0.739002
1.16    0.74058
1.18    0.742124
1.2    0.743634
1.22    0.74511
1.24    0.746551
1.26    0.747958
1.28    0.74933
1.3    0.750668
1.32    0.751971
1.34    0.75324
1.36    0.754475
1.38    0.755677
1.4    0.756844
1.42    0.757979
1.44    0.75908
1.46    0.760149
1.48    0.761186
1.5    0.762192
1.52    0.763167
1.54    0.764111
1.56    0.765025
1.58    0.76591
1.6    0.766766
1.62    0.767594
1.64    0.768395
1.66    0.769168
1.68    0.769916
1.7    0.770638
1.72    0.771335
1.74    0.772008
1.76    0.772657
1.78    0.773283
1.8    0.773887
1.82    0.77447
1.84    0.775032
1.86    0.775573
1.88    0.776095
1.9    0.776598
1.92    0.777082
1.94    0.777549
1.96    0.777999
1.98    0.778432
2    0.778849
2.02    0.779251
2.04    0.779638
2.06    0.780011
2.08    0.78037
2.1    0.780715
2.12    0.781048
2.14    0.781369
2.16    0.781677
2.18    0.781975
2.2    0.782261
2.22    0.782537
2.24    0.782803
2.26    0.783059
2.28    0.783306
2.3    0.783544
2.32    0.783773
2.34    0.783994
2.36    0.784207
2.38    0.784412
2.4    0.78461
2.42    0.784801
2.44    0.784985
2.46    0.785163
2.48    0.785334
2.5    0.7855
2.52    0.78566
2.54    0.785814
2.56    0.785963
2.58    0.786107
2.6    0.786246
2.62    0.78638
2.64    0.78651
2.66    0.786635
2.68    0.786757
2.7    0.786874
2.72    0.786988
2.74    0.787098
2.76    0.787204
2.78    0.787307
2.8    0.787407
2.82    0.787503
2.84    0.787597
2.86    0.787688
2.88    0.787775
2.9    0.787861
2.92    0.787943
2.94    0.788023
2.96    0.788101
2.98    0.788177
3    0.78825
3.02    0.788321
3.04    0.78839
3.06    0.788457
3.08    0.788522
3.1    0.788586
3.12    0.788647
3.14    0.788707
3.16    0.788765
3.18    0.788822
3.2    0.788877
3.22    0.788931
3.24    0.788983
3.26    0.789034
3.28    0.789084
3.3    0.789132
3.32    0.789179
3.34    0.789225
3.36    0.789269
3.38    0.789313
3.4    0.789355
3.42    0.789397
3.44    0.789437
3.46    0.789476
3.48    0.789515
3.5    0.789552
3.52    0.789589
3.54    0.789625
3.56    0.78966
3.58    0.789694
3.6    0.789727
3.62    0.78976
3.64    0.789792
3.66    0.789823
3.68    0.789854
3.7    0.789883
3.72    0.789912
3.74    0.789941
3.76    0.789969
3.78    0.789996
3.8    0.790023
3.82    0.790049
3.84    0.790075
3.86    0.7901
3.88    0.790124
3.9    0.790148
3.92    0.790172
3.94    0.790195
3.96    0.790218
3.98    0.79024
4    0.790261
4.02    0.790283
4.04    0.790304
4.06    0.790324
4.08    0.790344
4.1    0.790364
4.12    0.790383
4.14    0.790402
4.16    0.790421
4.18    0.790439
4.2    0.790457
4.22    0.790474
4.24    0.790491
4.26    0.790508
4.28    0.790525
4.3    0.790541
4.32    0.790557
4.34    0.790573
4.36    0.790588
4.38    0.790604
4.4    0.790619
4.42    0.790633
4.44    0.790648
4.46    0.790662
4.48    0.790676
4.5    0.790689
4.52    0.790703
4.54    0.790716
4.56    0.790729
4.58    0.790742
4.6    0.790754
4.62    0.790767
4.64    0.790779
4.66    0.790791
4.68    0.790802
4.7    0.790814
4.72    0.790825
4.74    0.790836
4.76    0.790847
4.78    0.790858
4.8    0.790869
4.82    0.790879
4.84    0.79089
4.86    0.7909
4.88    0.79091
4.9    0.79092
4.92    0.790929
4.94    0.790939
4.96    0.790948
4.98    0.790958
