-5    2.28132e-05
-4.98    2.28489e-05
-4.96    2.28857e-05
-4.94    2.29237e-05
-4.92    2.29629e-05
-4.9    2.30033e-05
-4.88    2.3045e-05
-4.86    2.30881e-05
-4.84    2.31326e-05
-4.82    2.31785e-05
-4.8    2.32259e-05
-4.78    2.32748e-05
-4.76    2.33253e-05
-4.74    2.33775e-05
-4.72    2.34314e-05
-4.7    2.34871e-05
-4.68    2.35446e-05
-4.66    2.3604e-05
-4.64    2.36654e-05
-4.62    2.37289e-05
-4.6    2.37944e-05
-4.58    2.38622e-05
-4.56    2.39322e-05
-4.54    2.40046e-05
-4.52    2.40794e-05
-4.5    2.41568e-05
-4.48    2.42368e-05
-4.46    2.43195e-05
-4.44    2.44051e-05
-4.42    2.44936e-05
-4.4    2.45851e-05
-4.38    2.46797e-05
-4.36    2.47777e-05
-4.34    2.4879e-05
-4.32    2.49838e-05
-4.3    2.50923e-05
-4.28    2.52045e-05
-4.26    2.53207e-05
-4.24    2.5441e-05
-4.22    2.55654e-05
-4.2    2.56943e-05
-4.18    2.58276e-05
-4.16    2.59658e-05
-4.14    2.61087e-05
-4.12    2.62568e-05
-4.1    2.64102e-05
-4.08    2.6569e-05
-4.06    2.67335e-05
-4.04    2.69039e-05
-4.02    2.70805e-05
-4    2.72634e-05
-3.98    2.74529e-05
-3.96    2.76492e-05
-3.94    2.78527e-05
-3.92    2.80636e-05
-3.9    2.82822e-05
-3.88    2.85088e-05
-3.86    2.87436e-05
-3.84    2.89871e-05
-3.82    2.92396e-05
-3.8    2.95014e-05
-3.78    2.97728e-05
-3.76    3.00543e-05
-3.74    3.03463e-05
-3.72    3.06491e-05
-3.7    3.09632e-05
-3.68    3.12891e-05
-3.66    3.16272e-05
-3.64    3.1978e-05
-3.62    3.23421e-05
-3.6    3.27198e-05
-3.58    3.31119e-05
-3.56    3.35188e-05
-3.54    3.39412e-05
-3.52    3.43797e-05
-3.5    3.4835e-05
-3.48    3.53076e-05
-3.46    3.57984e-05
-3.44    3.63081e-05
-3.42    3.68374e-05
-3.4    3.73871e-05
-3.38    3.79581e-05
-3.36    3.85513e-05
-3.34    3.91674e-05
-3.32    3.98076e-05
-3.3    4.04728e-05
-3.28    4.11639e-05
-3.26    4.18822e-05
-3.24    4.26286e-05
-3.22    4.34043e-05
-3.2    4.42106e-05
-3.18    4.50487e-05
-3.16    4.59199e-05
-3.14    4.68255e-05
-3.12    4.77671e-05
-3.1    4.8746e-05
-3.08    4.97637e-05
-3.06    5.0822e-05
-3.04    5.19224e-05
-3.02    5.30666e-05
-3    5.42565e-05
-2.98    5.54938e-05
-2.96    5.67806e-05
-2.94    5.81188e-05
-2.92    5.95105e-05
-2.9    6.09578e-05
-2.88    6.24629e-05
-2.86    6.40282e-05
-2.84    6.56561e-05
-2.82    6.7349e-05
-2.8    6.91095e-05
-2.78    7.09402e-05
-2.76    7.28439e-05
-2.74    7.48233e-05
-2.72    7.68813e-05
-2.7    7.90211e-05
-2.68    8.12456e-05
-2.66    8.3558e-05
-2.64    8.59617e-05
-2.62    8.84599e-05
-2.6    9.10561e-05
-2.58    9.37539e-05
-2.56    9.65569e-05
-2.54    9.94688e-05
-2.52    0.000102493
-2.5    0.000105635
-2.48    0.000108897
-2.46    0.000112283
-2.44    0.000115798
-2.42    0.000119447
-2.4    0.000123232
-2.38    0.00012716
-2.36    0.000131233
-2.34    0.000135457
-2.32    0.000139836
-2.3    0.000144375
-2.28    0.000149078
-2.26    0.00015395
-2.24    0.000158995
-2.22    0.000164219
-2.2    0.000169626
-2.18    0.00017522
-2.16    0.000181007
-2.14    0.000186992
-2.12    0.000193177
-2.1    0.00019957
-2.08    0.000206173
-2.06    0.000212992
-2.04    0.000220031
-2.02    0.000227294
-2    0.000234786
-1.98    0.000242511
-1.96    0.000250473
-1.94    0.000258676
-1.92    0.000267124
-1.9    0.00027582
-1.88    0.000284769
-1.86    0.000293973
-1.84    0.000303435
-1.82    0.000313159
-1.8    0.000323148
-1.78    0.000333403
-1.76    0.000343928
-1.74    0.000354724
-1.72    0.000365794
-1.7    0.000377138
-1.68    0.000388758
-1.66    0.000400655
-1.64    0.00041283
-1.62    0.000425283
-1.6    0.000438015
-1.58    0.000451024
-1.56    0.00046431
-1.54    0.000477872
-1.52    0.00049171
-1.5    0.00050582
-1.48    0.000520201
-1.46    0.000534851
-1.44    0.000549765
-1.42    0.000564942
-1.4    0.000580376
-1.38    0.000596063
-1.36    0.000611999
-1.34    0.000628178
-1.32    0.000644594
-1.3    0.000661241
-1.28    0.000678111
-1.26    0.000695198
-1.24    0.000712492
-1.22    0.000729986
-1.2    0.000747671
-1.18    0.000765535
-1.16    0.00078357
-1.14    0.000801763
-1.12    0.000820104
-1.1    0.00083858
-1.08    0.000857178
-1.06    0.000875884
-1.04    0.000894686
-1.02    0.000913568
-1    0.000932516
-0.98    0.000951513
-0.96    0.000970543
-0.94    0.000989591
-0.92    0.00100864
-0.9    0.00102767
-0.88    0.00104666
-0.86    0.0010656
-0.84    0.00108447
-0.82    0.00110325
-0.8    0.00112191
-0.78    0.00114045
-0.76    0.00115884
-0.74    0.00117706
-0.72    0.00119509
-0.7    0.00121291
-0.68    0.00123051
-0.66    0.00124786
-0.64    0.00126494
-0.62    0.00128173
-0.6    0.00129823
-0.58    0.00131439
-0.56    0.00133022
-0.54    0.00134569
-0.52    0.00136078
-0.5    0.00137547
-0.48    0.00138975
-0.46    0.0014036
-0.44    0.00141701
-0.42    0.00142996
-0.4    0.00144244
-0.38    0.00145442
-0.36    0.0014659
-0.34    0.00147687
-0.32    0.00148731
-0.3    0.00149721
-0.28    0.00150656
-0.26    0.00151535
-0.24    0.00152356
-0.22    0.0015312
-0.2    0.00153825
-0.18    0.0015447
-0.16    0.00155055
-0.14    0.00155578
-0.12    0.00156041
-0.1    0.00156441
-0.08    0.00156779
-0.06    0.00157055
-0.04    0.00157267
-0.02    0.00157416
-1.80342e-14    0.00157502
0.02    0.00157525
0.04    0.00157484
0.06    0.0015738
0.08    0.00157212
0.1    0.00156982
0.12    0.00156689
0.14    0.00156334
0.16    0.00155916
0.18    0.00155438
0.2    0.00154898
0.22    0.00154298
0.24    0.00153638
0.26    0.00152919
0.28    0.00152142
0.3    0.00151308
0.32    0.00150416
0.34    0.0014947
0.36    0.00148469
0.38    0.00147414
0.4    0.00146307
0.42    0.00145148
0.44    0.0014394
0.46    0.00142682
0.48    0.00141377
0.5    0.00140026
0.52    0.0013863
0.54    0.00137191
0.56    0.00135709
0.58    0.00134188
0.6    0.00132627
0.62    0.00131029
0.64    0.00129395
0.66    0.00127728
0.68    0.00126028
0.7    0.00124297
0.72    0.00122537
0.74    0.00120751
0.76    0.00118938
0.78    0.00117103
0.8    0.00115245
0.82    0.00113367
0.84    0.00111471
0.86    0.00109559
0.88    0.00107632
0.9    0.00105693
0.92    0.00103742
0.94    0.00101783
0.96    0.000998166
0.98    0.000978447
1    0.000958692
1.02    0.00093892
1.04    0.000919148
1.06    0.000899392
1.08    0.000879672
1.1    0.000860003
1.12    0.000840402
1.14    0.000820886
1.16    0.000801471
1.18    0.000782172
1.2    0.000763004
1.22    0.000743982
1.24    0.00072512
1.26    0.000706433
1.28    0.000687934
1.3    0.000669634
1.32    0.000651548
1.34    0.000633685
1.36    0.000616058
1.38    0.000598677
1.4    0.000581551
1.42    0.00056469
1.44    0.000548104
1.46    0.000531799
1.48    0.000515783
1.5    0.000500062
1.52    0.000484644
1.54    0.000469534
1.56    0.000454735
1.58    0.000440253
1.6    0.000426091
1.62    0.000412252
1.64    0.000398738
1.66    0.00038555
1.68    0.000372691
1.7    0.000360161
1.72    0.000347959
1.74    0.000336085
1.76    0.000324538
1.78    0.000313316
1.8    0.000302418
1.82    0.00029184
1.84    0.00028158
1.86    0.000271635
1.88    0.000262
1.9    0.000252672
1.92    0.000243646
1.94    0.000234917
1.96    0.000226481
1.98    0.000218332
2    0.000210465
2.02    0.000202873
2.04    0.000195552
2.06    0.000188494
2.08    0.000181693
2.1    0.000175144
2.12    0.00016884
2.14    0.000162775
2.16    0.000156941
2.18    0.000151332
2.2    0.000145942
2.22    0.000140765
2.24    0.000135793
2.26    0.00013102
2.28    0.000126439
2.3    0.000122045
2.32    0.000117831
2.34    0.00011379
2.36    0.000109918
2.38    0.000106206
2.4    0.000102651
2.42    9.92448e-05
2.44    9.59833e-05
2.46    9.28605e-05
2.48    8.98711e-05
2.5    8.70098e-05
2.52    8.42715e-05
2.54    8.16513e-05
2.56    7.91444e-05
2.58    7.67462e-05
2.6    7.44521e-05
2.62    7.22578e-05
2.64    7.01591e-05
2.66    6.81519e-05
2.68    6.62324e-05
2.7    6.43967e-05
2.72    6.26412e-05
2.74    6.09626e-05
2.76    5.93573e-05
2.78    5.78221e-05
2.8    5.63541e-05
2.82    5.49501e-05
2.84    5.36074e-05
2.86    5.23233e-05
2.88    5.1095e-05
2.9    4.99202e-05
2.92    4.87963e-05
2.94    4.77212e-05
2.96    4.66927e-05
2.98    4.57085e-05
3    4.47668e-05
3.02    4.38656e-05
3.04    4.30031e-05
3.06    4.21776e-05
3.08    4.13873e-05
3.1    4.06307e-05
3.12    3.99062e-05
3.14    3.92125e-05
3.16    3.85481e-05
3.18    3.79118e-05
3.2    3.73022e-05
3.22    3.67181e-05
3.24    3.61584e-05
3.26    3.56221e-05
3.28    3.51081e-05
3.3    3.46153e-05
3.32    3.41429e-05
3.34    3.36899e-05
3.36    3.32555e-05
3.38    3.28388e-05
3.4    3.24392e-05
3.42    3.20557e-05
3.44    3.16877e-05
3.46    3.13346e-05
3.48    3.09957e-05
3.5    3.06704e-05
3.52    3.0358e-05
3.54    3.0058e-05
3.56    2.97699e-05
3.58    2.94932e-05
3.6    2.92274e-05
3.62    2.89719e-05
3.64    2.87265e-05
3.66    2.84906e-05
3.68    2.82638e-05
3.7    2.80457e-05
3.72    2.78361e-05
3.74    2.76345e-05
3.76    2.74405e-05
3.78    2.72539e-05
3.8    2.70744e-05
3.82    2.69016e-05
3.84    2.67353e-05
3.86    2.65753e-05
3.88    2.64212e-05
3.9    2.62728e-05
3.92    2.61298e-05
3.94    2.59921e-05
3.96    2.58595e-05
3.98    2.57317e-05
4    2.56085e-05
4.02    2.54898e-05
4.04    2.53753e-05
4.06    2.5265e-05
4.08    2.51585e-05
4.1    2.50559e-05
4.12    2.49568e-05
4.14    2.48613e-05
4.16    2.47691e-05
4.18    2.46801e-05
4.2    2.45941e-05
4.22    2.45112e-05
4.24    2.44311e-05
4.26    2.43537e-05
4.28    2.42789e-05
4.3    2.42067e-05
4.32    2.41369e-05
4.34    2.40695e-05
4.36    2.40042e-05
4.38    2.39412e-05
4.4    2.38802e-05
4.42    2.38212e-05
4.44    2.37642e-05
4.46    2.3709e-05
4.48    2.36556e-05
4.5    2.36039e-05
4.52    2.35538e-05
4.54    2.35053e-05
4.56    2.34584e-05
4.58    2.34129e-05
4.6    2.33689e-05
4.62    2.33262e-05
4.64    2.32849e-05
4.66    2.32448e-05
4.68    2.32059e-05
4.7    2.31682e-05
4.72    2.31317e-05
4.74    2.30962e-05
4.76    2.30618e-05
4.78    2.30284e-05
4.8    2.2996e-05
4.82    2.29646e-05
4.84    2.29341e-05
4.86    2.29044e-05
4.88    2.28756e-05
4.9    2.28476e-05
4.92    2.28205e-05
4.94    2.2794e-05
4.96    2.27684e-05
4.98    2.27434e-05
