-5    0.354983
-4.98    0.354981
-4.96    0.35498
-4.94    0.354978
-4.92    0.354977
-4.9    0.354975
-4.88    0.354973
-4.86    0.354971
-4.84    0.354969
-4.82    0.354967
-4.8    0.354965
-4.78    0.354963
-4.76    0.354961
-4.74    0.354958
-4.72    0.354956
-4.7    0.354953
-4.68    0.35495
-4.66    0.354948
-4.64    0.354945
-4.62    0.354941
-4.6    0.354938
-4.58    0.354935
-4.56    0.354931
-4.54    0.354928
-4.52    0.354924
-4.5    0.35492
-4.48    0.354916
-4.46    0.354911
-4.44    0.354907
-4.42    0.354902
-4.4    0.354897
-4.38    0.354891
-4.36    0.354886
-4.34    0.35488
-4.32    0.354874
-4.3    0.354868
-4.28    0.354861
-4.26    0.354855
-4.24    0.354848
-4.22    0.35484
-4.2    0.354832
-4.18    0.354824
-4.16    0.354816
-4.14    0.354807
-4.12    0.354797
-4.1    0.354788
-4.08    0.354778
-4.06    0.354767
-4.04    0.354756
-4.02    0.354744
-4    0.354732
-3.98    0.35472
-3.96    0.354706
-3.94    0.354692
-3.92    0.354678
-3.9    0.354663
-3.88    0.354647
-3.86    0.35463
-3.84    0.354613
-3.82    0.354595
-3.8    0.354576
-3.78    0.354556
-3.76    0.354536
-3.74    0.354514
-3.72    0.354492
-3.7    0.354468
-3.68    0.354443
-3.66    0.354418
-3.64    0.354391
-3.62    0.354363
-3.6    0.354333
-3.58    0.354302
-3.56    0.35427
-3.54    0.354236
-3.52    0.354201
-3.5    0.354165
-3.48    0.354126
-3.46    0.354086
-3.44    0.354044
-3.42    0.354
-3.4    0.353954
-3.38    0.353906
-3.36    0.353856
-3.34    0.353804
-3.32    0.353749
-3.3    0.353692
-3.28    0.353632
-3.26    0.353569
-3.24    0.353504
-3.22    0.353436
-3.2    0.353364
-3.18    0.35329
-3.16    0.353212
-3.14    0.353131
-3.12    0.353046
-3.1    0.352957
-3.08    0.352864
-3.06    0.352767
-3.04    0.352666
-3.02    0.35256
-3    0.35245
-2.98    0.352334
-2.96    0.352214
-2.94    0.352088
-2.92    0.351957
-2.9    0.35182
-2.88    0.351677
-2.86    0.351527
-2.84    0.351372
-2.82    0.351209
-2.8    0.351039
-2.78    0.350862
-2.76    0.350677
-2.74    0.350484
-2.72    0.350283
-2.7    0.350073
-2.68    0.349855
-2.66    0.349627
-2.64    0.349389
-2.62    0.349141
-2.6    0.348883
-2.58    0.348614
-2.56    0.348334
-2.54    0.348042
-2.52    0.347738
-2.5    0.347421
-2.48    0.347091
-2.46    0.346749
-2.44    0.346392
-2.42    0.34602
-2.4    0.345634
-2.38    0.345233
-2.36    0.344816
-2.34    0.344382
-2.32    0.343932
-2.3    0.343464
-2.28    0.342978
-2.26    0.342474
-2.24    0.341951
-2.22    0.341409
-2.2    0.340846
-2.18    0.340264
-2.16    0.33966
-2.14    0.339035
-2.12    0.338387
-2.1    0.337718
-2.08    0.337025
-2.06    0.336309
-2.04    0.33557
-2.02    0.334806
-2    0.334018
-1.98    0.333205
-1.96    0.332367
-1.94    0.331503
-1.92    0.330614
-1.9    0.329699
-1.88    0.328758
-1.86    0.327791
-1.84    0.326798
-1.82    0.325779
-1.8    0.324733
-1.78    0.323662
-1.76    0.322566
-1.74    0.321443
-1.72    0.320296
-1.7    0.319125
-1.68    0.317929
-1.66    0.316709
-1.64    0.315467
-1.62    0.314203
-1.6    0.312917
-1.58    0.311611
-1.56    0.310285
-1.54    0.30894
-1.52    0.307579
-1.5    0.306201
-1.48    0.304808
-1.46    0.303401
-1.44    0.301982
-1.42    0.300552
-1.4    0.299113
-1.38    0.297666
-1.36    0.296212
-1.34    0.294754
-1.32    0.293293
-1.3    0.29183
-1.28    0.290367
-1.26    0.288906
-1.24    0.287449
-1.22    0.285996
-1.2    0.28455
-1.18    0.283113
-1.16    0.281685
-1.14    0.280269
-1.12    0.278866
-1.1    0.277477
-1.08    0.276104
-1.06    0.274748
-1.04    0.273411
-1.02    0.272093
-1    0.270796
-0.98    0.269522
-0.96    0.26827
-0.94    0.267042
-0.92    0.26584
-0.9    0.264663
-0.88    0.263513
-0.86    0.26239
-0.84    0.261295
-0.82    0.260228
-0.8    0.259191
-0.78    0.258183
-0.76    0.257206
-0.74    0.256258
-0.72    0.255341
-0.7    0.254456
-0.68    0.253601
-0.66    0.252778
-0.64    0.251986
-0.62    0.251226
-0.6    0.250498
-0.58    0.249802
-0.56    0.249137
-0.54    0.248505
-0.52    0.247904
-0.5    0.247335
-0.48    0.246798
-0.46    0.246293
-0.44    0.245819
-0.42    0.245377
-0.4    0.244967
-0.38    0.244589
-0.36    0.244242
-0.34    0.243927
-0.32    0.243643
-0.3    0.243391
-0.28    0.243171
-0.26    0.242982
-0.24    0.242824
-0.22    0.242698
-0.2    0.242603
-0.18    0.242539
-0.16    0.242508
-0.14    0.242507
-0.12    0.242538
-0.1    0.242601
-0.08    0.242696
-0.06    0.242822
-0.04    0.242979
-0.02    0.243169
-1.80342e-14    0.24339
0.02    0.243644
0.04    0.243929
0.06    0.244246
0.08    0.244595
0.1    0.244977
0.12    0.24539
0.14    0.245836
0.16    0.246314
0.18    0.246824
0.2    0.247367
0.22    0.247942
0.24    0.248549
0.26    0.249188
0.28    0.24986
0.3    0.250564
0.32    0.2513
0.34    0.252068
0.36    0.252868
0.38    0.2537
0.4    0.254564
0.42    0.255459
0.44    0.256386
0.46    0.257345
0.48    0.258334
0.5    0.259354
0.52    0.260406
0.54    0.261487
0.56    0.262599
0.58    0.263741
0.6    0.264913
0.62    0.266113
0.64    0.267343
0.66    0.268602
0.68    0.269889
0.7    0.271203
0.72    0.272546
0.74    0.273915
0.76    0.275311
0.78    0.276733
0.8    0.27818
0.82    0.279653
0.84    0.28115
0.86    0.282672
0.88    0.284217
0.9    0.285785
0.92    0.287376
0.94    0.288988
0.96    0.290622
0.98    0.292276
1    0.29395
1.02    0.295643
1.04    0.297355
1.06    0.299084
1.08    0.300831
1.1    0.302594
1.12    0.304373
1.14    0.306167
1.16    0.307975
1.18    0.309797
1.2    0.311631
1.22    0.313478
1.24    0.315335
1.26    0.317203
1.28    0.31908
1.3    0.320966
1.32    0.32286
1.34    0.324761
1.36    0.326668
1.38    0.328581
1.4    0.330498
1.42    0.332419
1.44    0.334343
1.46    0.33627
1.48    0.338197
1.5    0.340125
1.52    0.342053
1.54    0.34398
1.56    0.345904
1.58    0.347826
1.6    0.349745
1.62    0.351659
1.64    0.353569
1.66    0.355472
1.68    0.357369
1.7    0.359259
1.72    0.361141
1.74    0.363015
1.76    0.364879
1.78    0.366733
1.8    0.368577
1.82    0.370409
1.84    0.37223
1.86    0.374038
1.88    0.375833
1.9    0.377615
1.92    0.379383
1.94    0.381136
1.96    0.382874
1.98    0.384597
2    0.386304
2.02    0.387994
2.04    0.389668
2.06    0.391324
2.08    0.392964
2.1    0.394585
2.12    0.396188
2.14    0.397773
2.16    0.399339
2.18    0.400886
2.2    0.402414
2.22    0.403923
2.24    0.405412
2.26    0.406882
2.28    0.408332
2.3    0.409761
2.32    0.411171
2.34    0.412561
2.36    0.41393
2.38    0.415279
2.4    0.416608
2.42    0.417916
2.44    0.419204
2.46    0.420472
2.48    0.421719
2.5    0.422946
2.52    0.424153
2.54    0.42534
2.56    0.426507
2.58    0.427653
2.6    0.42878
2.62    0.429887
2.64    0.430975
2.66    0.432043
2.68    0.433092
2.7    0.434121
2.72    0.435132
2.74    0.436123
2.76    0.437096
2.78    0.438051
2.8    0.438987
2.82    0.439905
2.84    0.440806
2.86    0.441688
2.88    0.442553
2.9    0.443401
2.92    0.444232
2.94    0.445046
2.96    0.445843
2.98    0.446624
3    0.447389
3.02    0.448138
3.04    0.448871
3.06    0.449589
3.08    0.450291
3.1    0.450979
3.12    0.451652
3.14    0.45231
3.16    0.452955
3.18    0.453585
3.2    0.454201
3.22    0.454804
3.24    0.455394
3.26    0.45597
3.28    0.456534
3.3    0.457085
3.32    0.457624
3.34    0.458151
3.36    0.458665
3.38    0.459168
3.4    0.45966
3.42    0.46014
3.44    0.46061
3.46    0.461068
3.48    0.461516
3.5    0.461954
3.52    0.462381
3.54    0.462798
3.56    0.463206
3.58    0.463604
3.6    0.463993
3.62    0.464373
3.64    0.464743
3.66    0.465105
3.68    0.465458
3.7    0.465803
3.72    0.46614
3.74    0.466468
3.76    0.466789
3.78    0.467102
3.8    0.467408
3.82    0.467706
3.84    0.467997
3.86    0.468281
3.88    0.468558
3.9    0.468828
3.92    0.469092
3.94    0.469349
3.96    0.4696
3.98    0.469845
4    0.470084
4.02    0.470317
4.04    0.470544
4.06    0.470765
4.08    0.470982
4.1    0.471193
4.12    0.471398
4.14    0.471599
4.16    0.471795
4.18    0.471985
4.2    0.472171
4.22    0.472353
4.24    0.47253
4.26    0.472702
4.28    0.47287
4.3    0.473034
4.32    0.473194
4.34    0.47335
4.36    0.473502
4.38    0.473651
4.4    0.473795
4.42    0.473936
4.44    0.474073
4.46    0.474207
4.48    0.474338
4.5    0.474465
4.52    0.474589
4.54    0.47471
4.56    0.474828
4.58    0.474943
4.6    0.475055
4.62    0.475164
4.64    0.47527
4.66    0.475374
4.68    0.475475
4.7    0.475574
4.72    0.47567
4.74    0.475763
4.76    0.475854
4.78    0.475943
4.8    0.47603
4.82    0.476114
4.84    0.476197
4.86    0.476277
4.88    0.476355
4.9    0.476431
4.92    0.476506
4.94    0.476578
4.96    0.476649
4.98    0.476717
