-5    0.0149807
-4.98    0.0149959
-4.96    0.015012
-4.94    0.0150291
-4.92    0.0150474
-4.9    0.0150669
-4.88    0.0150876
-4.86    0.0151097
-4.84    0.0151332
-4.82    0.0151583
-4.8    0.015185
-4.78    0.0152135
-4.76    0.0152438
-4.74    0.0152761
-4.72    0.0153106
-4.7    0.0153474
-4.68    0.0153865
-4.66    0.0154283
-4.64    0.0154729
-4.62    0.0155204
-4.6    0.0155711
-4.58    0.0156252
-4.56    0.0156829
-4.54    0.0157444
-4.52    0.0158102
-4.5    0.0158804
-4.48    0.0159553
-4.46    0.0160353
-4.44    0.0161208
-4.42    0.0162122
-4.4    0.0163098
-4.38    0.0164142
-4.36    0.0165258
-4.34    0.0166452
-4.32    0.016773
-4.3    0.0169097
-4.28    0.0170562
-4.26    0.017213
-4.24    0.0173811
-4.22    0.0175613
-4.2    0.0177546
-4.18    0.0179619
-4.16    0.0181846
-4.14    0.0184237
-4.12    0.0186807
-4.1    0.018957
-4.08    0.0192544
-4.06    0.0195745
-4.04    0.0199194
-4.02    0.0202913
-4    0.0206925
-3.98    0.0211257
-3.96    0.0215939
-3.94    0.0221003
-3.92    0.0226486
-3.9    0.0232426
-3.88    0.0238869
-3.86    0.0245864
-3.84    0.0253468
-3.82    0.026174
-3.8    0.0270751
-3.78    0.0280578
-3.76    0.0291308
-3.74    0.0303038
-3.72    0.0315877
-3.7    0.0329948
-3.68    0.034539
-3.66    0.0362359
-3.64    0.0381031
-3.62    0.0401604
-3.6    0.0424301
-3.58    0.0449375
-3.56    0.047711
-3.54    0.0507826
-3.52    0.0541886
-3.5    0.0579693
-3.48    0.0621702
-3.46    0.0668424
-3.44    0.0720424
-3.42    0.0778334
-3.4    0.0842848
-3.38    0.0914732
-3.36    0.0994818
-3.34    0.1084
-3.32    0.118324
-3.3    0.129354
-3.28    0.141594
-3.26    0.155147
-3.24    0.170115
-3.22    0.186594
-3.2    0.204665
-3.18    0.224396
-3.16    0.245827
-3.14    0.268968
-3.12    0.293794
-3.1    0.320234
-3.08    0.348171
-3.06    0.377441
-3.04    0.407829
-3.02    0.439082
-3    0.470907
-2.98    0.502991
-2.96    0.53501
-2.94    0.566641
-2.92    0.59758
-2.9    0.627552
-2.88    0.65632
-2.86    0.683692
-2.84    0.709525
-2.82    0.733723
-2.8    0.756236
-2.78    0.777054
-2.76    0.796199
-2.74    0.813723
-2.72    0.829698
-2.7    0.844211
-2.68    0.857359
-2.66    0.869241
-2.64    0.879962
-2.62    0.88962
-2.6    0.898314
-2.58    0.906135
-2.56    0.913169
-2.54    0.919495
-2.52    0.925186
-2.5    0.930308
-2.48    0.934921
-2.46    0.939079
-2.44    0.94283
-2.42    0.946218
-2.4    0.94928
-2.38    0.952053
-2.36    0.954565
-2.34    0.956845
-2.32    0.958917
-2.3    0.960801
-2.28    0.962517
-2.26    0.964083
-2.24    0.965512
-2.22    0.966819
-2.2    0.968016
-2.18    0.969113
-2.16    0.970119
-2.14    0.971043
-2.12    0.971893
-2.1    0.972676
-2.08    0.973397
-2.06    0.974063
-2.04    0.974677
-2.02    0.975245
-2    0.97577
-1.98    0.976256
-1.96    0.976706
-1.94    0.977124
-1.92    0.977511
-1.9    0.977871
-1.88    0.978205
-1.86    0.978516
-1.84    0.978805
-1.82    0.979074
-1.8    0.979324
-1.78    0.979558
-1.76    0.979775
-1.74    0.979978
-1.72    0.980168
-1.7    0.980344
-1.68    0.980509
-1.66    0.980663
-1.64    0.980807
-1.62    0.980942
-1.6    0.981068
-1.58    0.981185
-1.56    0.981296
-1.54    0.981399
-1.52    0.981495
-1.5    0.981585
-1.48    0.98167
-1.46    0.981749
-1.44    0.981823
-1.42    0.981893
-1.4    0.981958
-1.38    0.982019
-1.36    0.982076
-1.34    0.98213
-1.32    0.98218
-1.3    0.982227
-1.28    0.982271
-1.26    0.982313
-1.24    0.982352
-1.22    0.982388
-1.2    0.982422
-1.18    0.982455
-1.16    0.982485
-1.14    0.982513
-1.12    0.98254
-1.1    0.982565
-1.08    0.982588
-1.06    0.98261
-1.04    0.982631
-1.02    0.98265
-1    0.982668
-0.98    0.982685
-0.96    0.982701
-0.94    0.982716
-0.92    0.98273
-0.9    0.982744
-0.88    0.982756
-0.86    0.982768
-0.84    0.982779
-0.82    0.982789
-0.8    0.982799
-0.78    0.982808
-0.76    0.982817
-0.74    0.982825
-0.72    0.982832
-0.7    0.982839
-0.68    0.982846
-0.66    0.982852
-0.64    0.982858
-0.62    0.982864
-0.6    0.982869
-0.58    0.982874
-0.56    0.982878
-0.54    0.982883
-0.52    0.982887
-0.5    0.98289
-0.48    0.982894
-0.46    0.982897
-0.44    0.982901
-0.42    0.982903
-0.4    0.982906
-0.38    0.982909
-0.36    0.982911
-0.34    0.982914
-0.32    0.982916
-0.3    0.982918
-0.28    0.98292
-0.26    0.982922
-0.24    0.982923
-0.22    0.982925
-0.2    0.982926
-0.18    0.982928
-0.16    0.982929
-0.14    0.98293
-0.12    0.982931
-0.1    0.982933
-0.08    0.982934
-0.06    0.982935
-0.04    0.982935
-0.02    0.982936
-1.80342e-14    0.982937
0.02    0.982938
0.04    0.982939
0.06    0.982939
0.08    0.98294
0.1    0.98294
0.12    0.982941
0.14    0.982941
0.16    0.982942
0.18    0.982942
0.2    0.982943
0.22    0.982943
0.24    0.982944
0.26    0.982944
0.28    0.982944
0.3    0.982945
0.32    0.982945
0.34    0.982945
0.36    0.982945
0.38    0.982946
0.4    0.982946
0.42    0.982946
0.44    0.982946
0.46    0.982947
0.48    0.982947
0.5    0.982947
0.52    0.982947
0.54    0.982947
0.56    0.982947
0.58    0.982947
0.6    0.982948
0.62    0.982948
0.64    0.982948
0.66    0.982948
0.68    0.982948
0.7    0.982948
0.72    0.982948
0.74    0.982948
0.76    0.982948
0.78    0.982948
0.8    0.982949
0.82    0.982949
0.84    0.982949
0.86    0.982949
0.88    0.982949
0.9    0.982949
0.92    0.982949
0.94    0.982949
0.96    0.982949
0.98    0.982949
1    0.982949
1.02    0.982949
1.04    0.982949
1.06    0.982949
1.08    0.982949
1.1    0.982949
1.12    0.982949
1.14    0.982949
1.16    0.982949
1.18    0.982949
1.2    0.982949
1.22    0.982949
1.24    0.982949
1.26    0.982949
1.28    0.982949
1.3    0.982949
1.32    0.982949
1.34    0.982949
1.36    0.982949
1.38    0.982949
1.4    0.982949
1.42    0.982949
1.44    0.982949
1.46    0.982949
1.48    0.982949
1.5    0.982949
1.52    0.982949
1.54    0.982949
1.56    0.982949
1.58    0.982949
1.6    0.982949
1.62    0.982949
1.64    0.982949
1.66    0.982949
1.68    0.982949
1.7    0.982949
1.72    0.982949
1.74    0.982949
1.76    0.982949
1.78    0.982949
1.8    0.982949
1.82    0.982949
1.84    0.982949
1.86    0.982949
1.88    0.98295
1.9    0.98295
1.92    0.98295
1.94    0.98295
1.96    0.98295
1.98    0.98295
2    0.98295
2.02    0.98295
2.04    0.98295
2.06    0.98295
2.08    0.98295
2.1    0.98295
2.12    0.98295
2.14    0.98295
2.16    0.98295
2.18    0.98295
2.2    0.98295
2.22    0.98295
2.24    0.98295
2.26    0.98295
2.28    0.98295
2.3    0.98295
2.32    0.98295
2.34    0.98295
2.36    0.98295
2.38    0.98295
2.4    0.98295
2.42    0.98295
2.44    0.98295
2.46    0.98295
2.48    0.98295
2.5    0.98295
2.52    0.98295
2.54    0.98295
2.56    0.98295
2.58    0.98295
2.6    0.98295
2.62    0.98295
2.64    0.98295
2.66    0.98295
2.68    0.98295
2.7    0.98295
2.72    0.98295
2.74    0.98295
2.76    0.98295
2.78    0.98295
2.8    0.98295
2.82    0.98295
2.84    0.98295
2.86    0.98295
2.88    0.98295
2.9    0.98295
2.92    0.98295
2.94    0.98295
2.96    0.98295
2.98    0.98295
3    0.98295
3.02    0.98295
3.04    0.98295
3.06    0.98295
3.08    0.98295
3.1    0.98295
3.12    0.98295
3.14    0.98295
3.16    0.98295
3.18    0.98295
3.2    0.98295
3.22    0.98295
3.24    0.98295
3.26    0.98295
3.28    0.98295
3.3    0.98295
3.32    0.98295
3.34    0.98295
3.36    0.98295
3.38    0.98295
3.4    0.98295
3.42    0.98295
3.44    0.98295
3.46    0.98295
3.48    0.98295
3.5    0.98295
3.52    0.98295
3.54    0.98295
3.56    0.98295
3.58    0.98295
3.6    0.98295
3.62    0.98295
3.64    0.98295
3.66    0.98295
3.68    0.98295
3.7    0.98295
3.72    0.98295
3.74    0.98295
3.76    0.98295
3.78    0.98295
3.8    0.98295
3.82    0.98295
3.84    0.98295
3.86    0.98295
3.88    0.98295
3.9    0.98295
3.92    0.98295
3.94    0.98295
3.96    0.98295
3.98    0.98295
4    0.98295
4.02    0.98295
4.04    0.98295
4.06    0.98295
4.08    0.98295
4.1    0.98295
4.12    0.98295
4.14    0.98295
4.16    0.98295
4.18    0.98295
4.2    0.98295
4.22    0.98295
4.24    0.98295
4.26    0.98295
4.28    0.98295
4.3    0.98295
4.32    0.98295
4.34    0.98295
4.36    0.98295
4.38    0.98295
4.4    0.98295
4.42    0.98295
4.44    0.98295
4.46    0.98295
4.48    0.98295
4.5    0.98295
4.52    0.98295
4.54    0.98295
4.56    0.98295
4.58    0.98295
4.6    0.98295
4.62    0.98295
4.64    0.98295
4.66    0.98295
4.68    0.98295
4.7    0.98295
4.72    0.98295
4.74    0.98295
4.76    0.98295
4.78    0.98295
4.8    0.98295
4.82    0.98295
4.84    0.98295
4.86    0.98295
4.88    0.98295
4.9    0.98295
4.92    0.98295
4.94    0.98295
4.96    0.98295
4.98    0.98295
