-5    0.000130009
-4.98    0.000130064
-4.96    0.00013012
-4.94    0.000130179
-4.92    0.000130239
-4.9    0.000130302
-4.88    0.000130366
-4.86    0.000130433
-4.84    0.000130503
-4.82    0.000130575
-4.8    0.000130649
-4.78    0.000130726
-4.76    0.000130805
-4.74    0.000130888
-4.72    0.000130973
-4.7    0.000131061
-4.68    0.000131152
-4.66    0.000131247
-4.64    0.000131344
-4.62    0.000131446
-4.6    0.00013155
-4.58    0.000131659
-4.56    0.000131771
-4.54    0.000131887
-4.52    0.000132007
-4.5    0.000132131
-4.48    0.00013226
-4.46    0.000132393
-4.44    0.000132531
-4.42    0.000132674
-4.4    0.000132821
-4.38    0.000132974
-4.36    0.000133132
-4.34    0.000133296
-4.32    0.000133466
-4.3    0.000133641
-4.28    0.000133823
-4.26    0.000134011
-4.24    0.000134206
-4.22    0.000134407
-4.2    0.000134616
-4.18    0.000134832
-4.16    0.000135055
-4.14    0.000135287
-4.12    0.000135527
-4.1    0.000135775
-4.08    0.000136032
-4.06    0.000136298
-4.04    0.000136573
-4.02    0.000136858
-4    0.000137154
-3.98    0.000137459
-3.96    0.000137776
-3.94    0.000138104
-3.92    0.000138444
-3.9    0.000138795
-3.88    0.00013916
-3.86    0.000139537
-3.84    0.000139928
-3.82    0.000140332
-3.8    0.000140751
-3.78    0.000141186
-3.76    0.000141635
-3.74    0.000142101
-3.72    0.000142584
-3.7    0.000143084
-3.68    0.000143602
-3.66    0.000144139
-3.64    0.000144695
-3.62    0.000145271
-3.6    0.000145868
-3.58    0.000146487
-3.56    0.000147128
-3.54    0.000147792
-3.52    0.000148481
-3.5    0.000149195
-3.48    0.000149935
-3.46    0.000150701
-3.44    0.000151496
-3.42    0.00015232
-3.4    0.000153175
-3.38    0.00015406
-3.36    0.000154979
-3.34    0.000155931
-3.32    0.000156919
-3.3    0.000157943
-3.28    0.000159005
-3.26    0.000160106
-3.24    0.000161249
-3.22    0.000162434
-3.2    0.000163663
-3.18    0.000164939
-3.16    0.000166262
-3.14    0.000167635
-3.12    0.00016906
-3.1    0.000170538
-3.08    0.000172072
-3.06    0.000173665
-3.04    0.000175317
-3.02    0.000177033
-3    0.000178814
-2.98    0.000180663
-2.96    0.000182582
-2.94    0.000184576
-2.92    0.000186645
-2.9    0.000188794
-2.88    0.000191026
-2.86    0.000193344
-2.84    0.000195752
-2.82    0.000198253
-2.8    0.000200851
-2.78    0.000203549
-2.76    0.000206353
-2.74    0.000209266
-2.72    0.000212293
-2.7    0.000215438
-2.68    0.000218707
-2.66    0.000222103
-2.64    0.000225632
-2.62    0.0002293
-2.6    0.000233112
-2.58    0.000237074
-2.56    0.000241192
-2.54    0.000245472
-2.52    0.000249921
-2.5    0.000254545
-2.48    0.00025935
-2.46    0.000264345
-2.44    0.000269537
-2.42    0.000274932
-2.4    0.00028054
-2.38    0.000286368
-2.36    0.000292424
-2.34    0.000298717
-2.32    0.000305255
-2.3    0.000312049
-2.28    0.000319106
-2.26    0.000326437
-2.24    0.000334051
-2.22    0.000341958
-2.2    0.000350168
-2.18    0.000358692
-2.16    0.000367539
-2.14    0.000376721
-2.12    0.000386247
-2.1    0.00039613
-2.08    0.000406379
-2.06    0.000417006
-2.04    0.000428021
-2.02    0.000439436
-2    0.000451261
-1.98    0.000463507
-1.96    0.000476185
-1.94    0.000489306
-1.92    0.000502879
-1.9    0.000516915
-1.88    0.000531424
-1.86    0.000546414
-1.84    0.000561895
-1.82    0.000577876
-1.8    0.000594364
-1.78    0.000611367
-1.76    0.000628891
-1.74    0.000646944
-1.72    0.000665529
-1.7    0.000684651
-1.68    0.000704315
-1.66    0.000724522
-1.64    0.000745275
-1.62    0.000766574
-1.6    0.000788418
-1.58    0.000810806
-1.56    0.000833735
-1.54    0.000857201
-1.52    0.000881199
-1.5    0.000905722
-1.48    0.000930762
-1.46    0.000956309
-1.44    0.000982354
-1.42    0.00100888
-1.4    0.00103588
-1.38    0.00106334
-1.36    0.00109124
-1.34    0.00111956
-1.32    0.00114828
-1.3    0.00117739
-1.28    0.00120685
-1.26    0.00123666
-1.24    0.00126678
-1.22    0.0012972
-1.2    0.00132787
-1.18    0.00135879
-1.16    0.00138991
-1.14    0.00142121
-1.12    0.00145266
-1.1    0.00148424
-1.08    0.0015159
-1.06    0.00154762
-1.04    0.00157937
-1.02    0.00161111
-1    0.00164281
-0.98    0.00167444
-0.96    0.00170597
-0.94    0.00173736
-0.92    0.00176859
-0.9    0.00179961
-0.88    0.0018304
-0.86    0.00186093
-0.84    0.00189117
-0.82    0.00192108
-0.8    0.00195063
-0.78    0.0019798
-0.76    0.00200856
-0.74    0.00203687
-0.72    0.00206472
-0.7    0.00209207
-0.68    0.0021189
-0.66    0.00214519
-0.64    0.0021709
-0.62    0.00219603
-0.6    0.00222054
-0.58    0.00224442
-0.56    0.00226765
-0.54    0.0022902
-0.52    0.00231206
-0.5    0.00233321
-0.48    0.00235364
-0.46    0.00237334
-0.44    0.00239227
-0.42    0.00241045
-0.4    0.00242784
-0.38    0.00244445
-0.36    0.00246025
-0.34    0.00247525
-0.32    0.00248943
-0.3    0.00250278
-0.28    0.0025153
-0.26    0.00252698
-0.24    0.00253782
-0.22    0.0025478
-0.2    0.00255694
-0.18    0.00256521
-0.16    0.00257262
-0.14    0.00257917
-0.12    0.00258486
-0.1    0.00258968
-0.08    0.00259363
-0.06    0.00259672
-0.04    0.00259894
-0.02    0.0026003
-1.80342e-14    0.00260079
0.02    0.00260043
0.04    0.0025992
0.06    0.00259712
0.08    0.00259418
0.1    0.00259039
0.12    0.00258576
0.14    0.00258029
0.16    0.00257398
0.18    0.00256684
0.2    0.00255888
0.22    0.0025501
0.24    0.00254051
0.26    0.00253011
0.28    0.00251892
0.3    0.00250693
0.32    0.00249416
0.34    0.00248063
0.36    0.00246633
0.38    0.00245127
0.4    0.00243547
0.42    0.00241894
0.44    0.00240169
0.46    0.00238373
0.48    0.00236507
0.5    0.00234572
0.52    0.0023257
0.54    0.00230503
0.56    0.0022837
0.58    0.00226175
0.6    0.00223919
0.62    0.00221603
0.64    0.00219228
0.66    0.00216797
0.68    0.00214312
0.7    0.00211773
0.72    0.00209184
0.74    0.00206545
0.76    0.0020386
0.78    0.00201129
0.8    0.00198355
0.82    0.00195541
0.84    0.00192688
0.86    0.00189799
0.88    0.00186875
0.9    0.00183921
0.92    0.00180936
0.94    0.00177925
0.96    0.0017489
0.98    0.00171833
1    0.00168756
1.02    0.00165663
1.04    0.00162556
1.06    0.00159437
1.08    0.00156309
1.1    0.00153175
1.12    0.00150038
1.14    0.00146899
1.16    0.00143762
1.18    0.00140629
1.2    0.00137503
1.22    0.00134387
1.24    0.00131282
1.26    0.00128192
1.28    0.00125119
1.3    0.00122065
1.32    0.00119033
1.34    0.00116024
1.36    0.00113043
1.38    0.00110089
1.4    0.00107167
1.42    0.00104277
1.44    0.00101421
1.46    0.000986024
1.48    0.000958217
1.5    0.000930809
1.52    0.000903816
1.54    0.000877253
1.56    0.000851134
1.58    0.000825472
1.6    0.000800278
1.62    0.000775564
1.64    0.000751338
1.66    0.000727609
1.68    0.000704385
1.7    0.000681671
1.72    0.000659474
1.74    0.000637798
1.76    0.000616645
1.78    0.000596018
1.8    0.000575918
1.82    0.000556345
1.84    0.000537299
1.86    0.000518777
1.88    0.000500778
1.9    0.000483299
1.92    0.000466334
1.94    0.000449879
1.96    0.00043393
1.98    0.000418479
2    0.000403519
2.02    0.000389045
2.04    0.000375046
2.06    0.000361516
2.08    0.000348446
2.1    0.000335826
2.12    0.000323647
2.14    0.000311899
2.16    0.000300573
2.18    0.000289657
2.2    0.000279142
2.22    0.000269017
2.24    0.000259272
2.26    0.000249896
2.28    0.000240878
2.3    0.000232207
2.32    0.000223874
2.34    0.000215866
2.36    0.000208175
2.38    0.000200789
2.4    0.000193698
2.42    0.000186892
2.44    0.000180361
2.46    0.000174096
2.48    0.000168086
2.5    0.000162322
2.52    0.000156796
2.54    0.000151498
2.56    0.000146419
2.58    0.000141551
2.6    0.000136886
2.62    0.000132415
2.64    0.000128131
2.66    0.000124026
2.68    0.000120094
2.7    0.000116326
2.72    0.000112716
2.74    0.000109258
2.76    0.000105944
2.78    0.00010277
2.8    9.97291e-05
2.82    9.68154e-05
2.84    9.40237e-05
2.86    9.13486e-05
2.88    8.87853e-05
2.9    8.63288e-05
2.92    8.39745e-05
2.94    8.1718e-05
2.96    7.95549e-05
2.98    7.74813e-05
3    7.54932e-05
3.02    7.35869e-05
3.04    7.17587e-05
3.06    7.00053e-05
3.08    6.83234e-05
3.1    6.67098e-05
3.12    6.51616e-05
3.14    6.36759e-05
3.16    6.22499e-05
3.18    6.08811e-05
3.2    5.9567e-05
3.22    5.83051e-05
3.24    5.70932e-05
3.26    5.59292e-05
3.28    5.4811e-05
3.3    5.37365e-05
3.32    5.27039e-05
3.34    5.17115e-05
3.36    5.07574e-05
3.38    4.98401e-05
3.4    4.89579e-05
3.42    4.81095e-05
3.44    4.72933e-05
3.46    4.6508e-05
3.48    4.57523e-05
3.5    4.5025e-05
3.52    4.43248e-05
3.54    4.36508e-05
3.56    4.30016e-05
3.58    4.23765e-05
3.6    4.17743e-05
3.62    4.11941e-05
3.64    4.06351e-05
3.66    4.00964e-05
3.68    3.95771e-05
3.7    3.90765e-05
3.72    3.85938e-05
3.74    3.81283e-05
3.76    3.76794e-05
3.78    3.72463e-05
3.8    3.68285e-05
3.82    3.64254e-05
3.84    3.60364e-05
3.86    3.56609e-05
3.88    3.52985e-05
3.9    3.49485e-05
3.92    3.46106e-05
3.94    3.42843e-05
3.96    3.39692e-05
3.98    3.36648e-05
4    3.33707e-05
4.02    3.30866e-05
4.04    3.2812e-05
4.06    3.25467e-05
4.08    3.22902e-05
4.1    3.20423e-05
4.12    3.18026e-05
4.14    3.15709e-05
4.16    3.13469e-05
4.18    3.11302e-05
4.2    3.09206e-05
4.22    3.07179e-05
4.24    3.05218e-05
4.26    3.03321e-05
4.28    3.01486e-05
4.3    2.9971e-05
4.32    2.97991e-05
4.34    2.96328e-05
4.36    2.94718e-05
4.38    2.93159e-05
4.4    2.91651e-05
4.42    2.9019e-05
4.44    2.88776e-05
4.46    2.87407e-05
4.48    2.86081e-05
4.5    2.84797e-05
4.52    2.83554e-05
4.54    2.82349e-05
4.56    2.81183e-05
4.58    2.80052e-05
4.6    2.78958e-05
4.62    2.77897e-05
4.64    2.76869e-05
4.66    2.75874e-05
4.68    2.74909e-05
4.7    2.73974e-05
4.72    2.73068e-05
4.74    2.7219e-05
4.76    2.71339e-05
4.78    2.70514e-05
4.8    2.69714e-05
4.82    2.68939e-05
4.84    2.68188e-05
4.86    2.6746e-05
4.88    2.66754e-05
4.9    2.66069e-05
4.92    2.65405e-05
4.94    2.64762e-05
4.96    2.64138e-05
4.98    2.63532e-05
