-5    0.67955
-4.98    0.678839
-4.96    0.678125
-4.94    0.677407
-4.92    0.676687
-4.9    0.675963
-4.88    0.675236
-4.86    0.674505
-4.84    0.673772
-4.82    0.673035
-4.8    0.672295
-4.78    0.671552
-4.76    0.670805
-4.74    0.670056
-4.72    0.669303
-4.7    0.668547
-4.68    0.667787
-4.66    0.667025
-4.64    0.666259
-4.62    0.66549
-4.6    0.664718
-4.58    0.663943
-4.56    0.663164
-4.54    0.662383
-4.52    0.661598
-4.5    0.66081
-4.48    0.660018
-4.46    0.659224
-4.44    0.658426
-4.42    0.657626
-4.4    0.656822
-4.38    0.656014
-4.36    0.655204
-4.34    0.654391
-4.32    0.653574
-4.3    0.652755
-4.28    0.651932
-4.26    0.651106
-4.24    0.650277
-4.22    0.649444
-4.2    0.648609
-4.18    0.647771
-4.16    0.646929
-4.14    0.646084
-4.12    0.645237
-4.1    0.644386
-4.08    0.643532
-4.06    0.642675
-4.04    0.641815
-4.02    0.640952
-4    0.640085
-3.98    0.639216
-3.96    0.638344
-3.94    0.637469
-3.92    0.63659
-3.9    0.635709
-3.88    0.634824
-3.86    0.633937
-3.84    0.633046
-3.82    0.632153
-3.8    0.631256
-3.78    0.630356
-3.76    0.629454
-3.74    0.628548
-3.72    0.62764
-3.7    0.626728
-3.68    0.625813
-3.66    0.624896
-3.64    0.623975
-3.62    0.623051
-3.6    0.622124
-3.58    0.621194
-3.56    0.620262
-3.54    0.619326
-3.52    0.618387
-3.5    0.617445
-3.48    0.616499
-3.46    0.615551
-3.44    0.6146
-3.42    0.613645
-3.4    0.612688
-3.38    0.611727
-3.36    0.610763
-3.34    0.609795
-3.32    0.608825
-3.3    0.607851
-3.28    0.606874
-3.26    0.605893
-3.24    0.604909
-3.22    0.603922
-3.2    0.602931
-3.18    0.601936
-3.16    0.600938
-3.14    0.599936
-3.12    0.598931
-3.1    0.597921
-3.08    0.596908
-3.06    0.595891
-3.04    0.594869
-3.02    0.593844
-3    0.592814
-2.98    0.59178
-2.96    0.590741
-2.94    0.589697
-2.92    0.588649
-2.9    0.587596
-2.88    0.586538
-2.86    0.585474
-2.84    0.584405
-2.82    0.58333
-2.8    0.58225
-2.78    0.581163
-2.76    0.58007
-2.74    0.578971
-2.72    0.577864
-2.7    0.576751
-2.68    0.57563
-2.66    0.574501
-2.64    0.573364
-2.62    0.572219
-2.6    0.571065
-2.58    0.569902
-2.56    0.568729
-2.54    0.567546
-2.52    0.566352
-2.5    0.565147
-2.48    0.563931
-2.46    0.562702
-2.44    0.56146
-2.42    0.560205
-2.4    0.558935
-2.38    0.557651
-2.36    0.55635
-2.34    0.555033
-2.32    0.553699
-2.3    0.552346
-2.28    0.550974
-2.26    0.549582
-2.24    0.548168
-2.22    0.546732
-2.2    0.545271
-2.18    0.543786
-2.16    0.542275
-2.14    0.540735
-2.12    0.539167
-2.1    0.537567
-2.08    0.535935
-2.06    0.534269
-2.04    0.532568
-2.02    0.530828
-2    0.529048
-1.98    0.527227
-1.96    0.525361
-1.94    0.52345
-1.92    0.521489
-1.9    0.519478
-1.88    0.517412
-1.86    0.515291
-1.84    0.51311
-1.82    0.510868
-1.8    0.50856
-1.78    0.506185
-1.76    0.503738
-1.74    0.501218
-1.72    0.498619
-1.7    0.495939
-1.68    0.493175
-1.66    0.490323
-1.64    0.487379
-1.62    0.484339
-1.6    0.481201
-1.58    0.47796
-1.56    0.474612
-1.54    0.471155
-1.52    0.467584
-1.5    0.463897
-1.48    0.460089
-1.46    0.456158
-1.44    0.4521
-1.42    0.447913
-1.4    0.443595
-1.38    0.439142
-1.36    0.434554
-1.34    0.429829
-1.32    0.424966
-1.3    0.419964
-1.28    0.414823
-1.26    0.409545
-1.24    0.40413
-1.22    0.398581
-1.2    0.3929
-1.18    0.387091
-1.16    0.381158
-1.14    0.375106
-1.12    0.368942
-1.1    0.362672
-1.08    0.356304
-1.06    0.349847
-1.04    0.343309
-1.02    0.336701
-1    0.330034
-0.98    0.323319
-0.96    0.316568
-0.94    0.309793
-0.92    0.303008
-0.9    0.296226
-0.88    0.289459
-0.86    0.282721
-0.84    0.276026
-0.82    0.269385
-0.8    0.262812
-0.78    0.256319
-0.76    0.249917
-0.74    0.243617
-0.72    0.23743
-0.7    0.231365
-0.68    0.22543
-0.66    0.219633
-0.64    0.21398
-0.62    0.208478
-0.6    0.20313
-0.58    0.197942
-0.56    0.192915
-0.54    0.188051
-0.52    0.183352
-0.5    0.178818
-0.48    0.174449
-0.46    0.170242
-0.44    0.166198
-0.42    0.162312
-0.4    0.158583
-0.38    0.155008
-0.36    0.151582
-0.34    0.148301
-0.32    0.145163
-0.3    0.142161
-0.28    0.139293
-0.26    0.136552
-0.24    0.133935
-0.22    0.131436
-0.2    0.129052
-0.18    0.126777
-0.16    0.124606
-0.14    0.122536
-0.12    0.120561
-0.1    0.118678
-0.08    0.116881
-0.06    0.115167
-0.04    0.113533
-0.02    0.111973
-1.80342e-14    0.110484
0.02    0.109064
0.04    0.107707
0.06    0.106412
0.08    0.105174
0.1    0.103991
0.12    0.10286
0.14    0.101779
0.16    0.100744
0.18    0.0997526
0.2    0.0988034
0.22    0.0978938
0.24    0.0970216
0.26    0.0961848
0.28    0.0953815
0.3    0.0946098
0.32    0.0938682
0.34    0.0931549
0.36    0.0924684
0.38    0.0918073
0.4    0.0911702
0.42    0.0905559
0.44    0.089963
0.46    0.0893904
0.48    0.0888371
0.5    0.088302
0.52    0.0877842
0.54    0.0872826
0.56    0.0867966
0.58    0.0863252
0.6    0.0858676
0.62    0.0854233
0.64    0.0849914
0.66    0.0845713
0.68    0.0841624
0.7    0.0837642
0.72    0.0833761
0.74    0.0829976
0.76    0.0826282
0.78    0.0822674
0.8    0.0819149
0.82    0.0815702
0.84    0.081233
0.86    0.0809029
0.88    0.0805795
0.9    0.0802626
0.92    0.0799518
0.94    0.0796469
0.96    0.0793475
0.98    0.0790535
1    0.0787646
1.02    0.0784806
1.04    0.0782013
1.06    0.0779264
1.08    0.0776559
1.1    0.0773894
1.12    0.0771269
1.14    0.0768681
1.16    0.0766131
1.18    0.0763615
1.2    0.0761132
1.22    0.0758682
1.24    0.0756264
1.26    0.0753875
1.28    0.0751516
1.3    0.0749185
1.32    0.0746881
1.34    0.0744603
1.36    0.0742351
1.38    0.0740123
1.4    0.0737919
1.42    0.0735738
1.44    0.073358
1.46    0.0731444
1.48    0.0729329
1.5    0.0727234
1.52    0.072516
1.54    0.0723106
1.56    0.0721071
1.58    0.0719054
1.6    0.0717056
1.62    0.0715075
1.64    0.0713112
1.66    0.0711166
1.68    0.0709237
1.7    0.0707325
1.72    0.0705428
1.74    0.0703547
1.76    0.0701681
1.78    0.0699831
1.8    0.0697996
1.82    0.0696175
1.84    0.0694369
1.86    0.0692577
1.88    0.0690799
1.9    0.0689035
1.92    0.0687284
1.94    0.0685547
1.96    0.0683822
1.98    0.0682111
2    0.0680413
2.02    0.0678727
2.04    0.0677054
2.06    0.0675393
2.08    0.0673744
2.1    0.0672108
2.12    0.0670483
2.14    0.066887
2.16    0.0667269
2.18    0.0665679
2.2    0.0664101
2.22    0.0662534
2.24    0.0660978
2.26    0.0659433
2.28    0.0657899
2.3    0.0656376
2.32    0.0654864
2.34    0.0653362
2.36    0.0651871
2.38    0.0650391
2.4    0.064892
2.42    0.064746
2.44    0.0646011
2.46    0.0644571
2.48    0.0643141
2.5    0.0641722
2.52    0.0640312
2.54    0.0638912
2.56    0.0637522
2.58    0.0636141
2.6    0.063477
2.62    0.0633408
2.64    0.0632056
2.66    0.0630713
2.68    0.062938
2.7    0.0628055
2.72    0.062674
2.74    0.0625434
2.76    0.0624137
2.78    0.0622848
2.8    0.0621569
2.82    0.0620299
2.84    0.0619037
2.86    0.0617784
2.88    0.0616539
2.9    0.0615303
2.92    0.0614076
2.94    0.0612857
2.96    0.0611646
2.98    0.0610444
3    0.060925
3.02    0.0608064
3.04    0.0606887
3.06    0.0605717
3.08    0.0604556
3.1    0.0603402
3.12    0.0602257
3.14    0.0601119
3.16    0.0599989
3.18    0.0598867
3.2    0.0597753
3.22    0.0596647
3.24    0.0595548
3.26    0.0594456
3.28    0.0593372
3.3    0.0592296
3.32    0.0591227
3.34    0.0590166
3.36    0.0589111
3.38    0.0588064
3.4    0.0587025
3.42    0.0585992
3.44    0.0584967
3.46    0.0583948
3.48    0.0582937
3.5    0.0581933
3.52    0.0580935
3.54    0.0579945
3.56    0.0578961
3.58    0.0577984
3.6    0.0577014
3.62    0.0576051
3.64    0.0575094
3.66    0.0574144
3.68    0.0573201
3.7    0.0572264
3.72    0.0571333
3.74    0.0570409
3.76    0.0569492
3.78    0.056858
3.8    0.0567676
3.82    0.0566777
3.84    0.0565885
3.86    0.0564998
3.88    0.0564118
3.9    0.0563244
3.92    0.0562377
3.94    0.0561515
3.96    0.0560659
3.98    0.0559809
4    0.0558965
4.02    0.0558127
4.04    0.0557295
4.06    0.0556468
4.08    0.0555648
4.1    0.0554833
4.12    0.0554023
4.14    0.055322
4.16    0.0552421
4.18    0.0551629
4.2    0.0550842
4.22    0.055006
4.24    0.0549284
4.26    0.0548514
4.28    0.0547748
4.3    0.0546988
4.32    0.0546234
4.34    0.0545484
4.36    0.054474
4.38    0.0544001
4.4    0.0543268
4.42    0.0542539
4.44    0.0541815
4.46    0.0541097
4.48    0.0540383
4.5    0.0539675
4.52    0.0538971
4.54    0.0538272
4.56    0.0537579
4.58    0.053689
4.6    0.0536206
4.62    0.0535526
4.64    0.0534852
4.66    0.0534182
4.68    0.0533517
4.7    0.0532856
4.72    0.05322
4.74    0.0531549
4.76    0.0530902
4.78    0.053026
4.8    0.0529623
4.82    0.0528989
4.84    0.0528361
4.86    0.0527736
4.88    0.0527116
4.9    0.0526501
4.92    0.0525889
4.94    0.0525282
4.96    0.0524679
4.98    0.0524081
