-5    0.40735
-4.98    0.407355
-4.96    0.407359
-4.94    0.407364
-4.92    0.407369
-4.9    0.407374
-4.88    0.407379
-4.86    0.407384
-4.84    0.40739
-4.82    0.407396
-4.8    0.407401
-4.78    0.407407
-4.76    0.407413
-4.74    0.40742
-4.72    0.407426
-4.7    0.407433
-4.68    0.40744
-4.66    0.407447
-4.64    0.407454
-4.62    0.407462
-4.6    0.407469
-4.58    0.407477
-4.56    0.407485
-4.54    0.407494
-4.52    0.407503
-4.5    0.407511
-4.48    0.407521
-4.46    0.40753
-4.44    0.40754
-4.42    0.40755
-4.4    0.40756
-4.38    0.407571
-4.36    0.407582
-4.34    0.407593
-4.32    0.407605
-4.3    0.407617
-4.28    0.407629
-4.26    0.407642
-4.24    0.407655
-4.22    0.407668
-4.2    0.407682
-4.18    0.407696
-4.16    0.407711
-4.14    0.407726
-4.12    0.407742
-4.1    0.407758
-4.08    0.407774
-4.06    0.407792
-4.04    0.407809
-4.02    0.407827
-4    0.407846
-3.98    0.407865
-3.96    0.407885
-3.94    0.407905
-3.92    0.407926
-3.9    0.407948
-3.88    0.40797
-3.86    0.407993
-3.84    0.408017
-3.82    0.408041
-3.8    0.408066
-3.78    0.408092
-3.76    0.408118
-3.74    0.408146
-3.72    0.408174
-3.7    0.408203
-3.68    0.408233
-3.66    0.408264
-3.64    0.408296
-3.62    0.408329
-3.6    0.408363
-3.58    0.408398
-3.56    0.408434
-3.54    0.408471
-3.52    0.40851
-3.5    0.408549
-3.48    0.40859
-3.46    0.408632
-3.44    0.408675
-3.42    0.40872
-3.4    0.408766
-3.38    0.408814
-3.36    0.408863
-3.34    0.408913
-3.32    0.408966
-3.3    0.409019
-3.28    0.409075
-3.26    0.409132
-3.24    0.409191
-3.22    0.409252
-3.2    0.409315
-3.18    0.40938
-3.16    0.409448
-3.14    0.409517
-3.12    0.409588
-3.1    0.409662
-3.08    0.409738
-3.06    0.409817
-3.04    0.409898
-3.02    0.409982
-3    0.410069
-2.98    0.410158
-2.96    0.41025
-2.94    0.410346
-2.92    0.410445
-2.9    0.410546
-2.88    0.410652
-2.86    0.410761
-2.84    0.410873
-2.82    0.410989
-2.8    0.411109
-2.78    0.411234
-2.76    0.411362
-2.74    0.411495
-2.72    0.411632
-2.7    0.411774
-2.68    0.411921
-2.66    0.412073
-2.64    0.412231
-2.62    0.412393
-2.6    0.412562
-2.58    0.412736
-2.56    0.412917
-2.54    0.413103
-2.52    0.413297
-2.5    0.413497
-2.48    0.413704
-2.46    0.413919
-2.44    0.414142
-2.42    0.414372
-2.4    0.414611
-2.38    0.414858
-2.36    0.415115
-2.34    0.415381
-2.32    0.415657
-2.3    0.415942
-2.28    0.416239
-2.26    0.416546
-2.24    0.416865
-2.22    0.417196
-2.2    0.417539
-2.18    0.417895
-2.16    0.418265
-2.14    0.418648
-2.12    0.419047
-2.1    0.41946
-2.08    0.41989
-2.06    0.420336
-2.04    0.420799
-2.02    0.42128
-2    0.42178
-1.98    0.4223
-1.96    0.42284
-1.94    0.423401
-1.92    0.423985
-1.9    0.424592
-1.88    0.425223
-1.86    0.425879
-1.84    0.426561
-1.82    0.427271
-1.8    0.42801
-1.78    0.428778
-1.76    0.429578
-1.74    0.43041
-1.72    0.431276
-1.7    0.432177
-1.68    0.433116
-1.66    0.434093
-1.64    0.43511
-1.62    0.436169
-1.6    0.437271
-1.58    0.438419
-1.56    0.439615
-1.54    0.44086
-1.52    0.442157
-1.5    0.443507
-1.48    0.444913
-1.46    0.446377
-1.44    0.447902
-1.42    0.44949
-1.4    0.451143
-1.38    0.452864
-1.36    0.454656
-1.34    0.456522
-1.32    0.458463
-1.3    0.460484
-1.28    0.462586
-1.26    0.464774
-1.24    0.467049
-1.22    0.469414
-1.2    0.471874
-1.18    0.47443
-1.16    0.477086
-1.14    0.479844
-1.12    0.482709
-1.1    0.485681
-1.08    0.488765
-1.06    0.491963
-1.04    0.495277
-1.02    0.49871
-1    0.502265
-0.98    0.505943
-0.96    0.509746
-0.94    0.513676
-0.92    0.517734
-0.9    0.521922
-0.88    0.526239
-0.86    0.530686
-0.84    0.535263
-0.82    0.539969
-0.8    0.544804
-0.78    0.549766
-0.76    0.554852
-0.74    0.560061
-0.72    0.565388
-0.7    0.570831
-0.68    0.576386
-0.66    0.582046
-0.64    0.587808
-0.62    0.593665
-0.6    0.59961
-0.58    0.605637
-0.56    0.611738
-0.54    0.617905
-0.52    0.624131
-0.5    0.630405
-0.48    0.636721
-0.46    0.643068
-0.44    0.649437
-0.42    0.65582
-0.4    0.662206
-0.38    0.668587
-0.36    0.674953
-0.34    0.681296
-0.32    0.687607
-0.3    0.693877
-0.28    0.7001
-0.26    0.706267
-0.24    0.712371
-0.22    0.718407
-0.2    0.724368
-0.18    0.730249
-0.16    0.736044
-0.14    0.741751
-0.12    0.747366
-0.1    0.752885
-0.08    0.758306
-0.06    0.763627
-0.04    0.768847
-0.02    0.773965
-1.80342e-14    0.778981
0.02    0.783895
0.04    0.788707
0.06    0.793418
0.08    0.798029
0.1    0.802542
0.12    0.806959
0.14    0.811281
0.16    0.81551
0.18    0.819649
0.2    0.8237
0.22    0.827665
0.24    0.831548
0.26    0.83535
0.28    0.839074
0.3    0.842723
0.32    0.846299
0.34    0.849805
0.36    0.853242
0.38    0.856615
0.4    0.859923
0.42    0.863171
0.44    0.866359
0.46    0.86949
0.48    0.872565
0.5    0.875586
0.52    0.878555
0.54    0.881473
0.56    0.884342
0.58    0.887162
0.6    0.889934
0.62    0.89266
0.64    0.89534
0.66    0.897975
0.68    0.900565
0.7    0.903112
0.72    0.905615
0.74    0.908075
0.76    0.910492
0.78    0.912865
0.8    0.915197
0.82    0.917486
0.84    0.919732
0.86    0.921935
0.88    0.924097
0.9    0.926215
0.92    0.928291
0.94    0.930324
0.96    0.932315
0.98    0.934262
1    0.936167
1.02    0.938029
1.04    0.939849
1.06    0.941625
1.08    0.943359
1.1    0.945051
1.12    0.9467
1.14    0.948307
1.16    0.949872
1.18    0.951396
1.2    0.952878
1.22    0.954319
1.24    0.95572
1.26    0.957081
1.28    0.958402
1.3    0.959684
1.32    0.960927
1.34    0.962133
1.36    0.963301
1.38    0.964432
1.4    0.965528
1.42    0.966588
1.44    0.967614
1.46    0.968606
1.48    0.969565
1.5    0.970491
1.52    0.971386
1.54    0.97225
1.56    0.973085
1.58    0.97389
1.6    0.974667
1.62    0.975416
1.64    0.976139
1.66    0.976836
1.68    0.977507
1.7    0.978154
1.72    0.978778
1.74    0.979378
1.76    0.979957
1.78    0.980514
1.8    0.981051
1.82    0.981567
1.84    0.982064
1.86    0.982543
1.88    0.983004
1.9    0.983447
1.92    0.983874
1.94    0.984285
1.96    0.98468
1.98    0.985061
2    0.985427
2.02    0.985779
2.04    0.986118
2.06    0.986444
2.08    0.986758
2.1    0.987061
2.12    0.987351
2.14    0.987631
2.16    0.987901
2.18    0.98816
2.2    0.98841
2.22    0.98865
2.24    0.988881
2.26    0.989104
2.28    0.989319
2.3    0.989525
2.32    0.989724
2.34    0.989916
2.36    0.9901
2.38    0.990278
2.4    0.99045
2.42    0.990615
2.44    0.990774
2.46    0.990927
2.48    0.991075
2.5    0.991218
2.52    0.991355
2.54    0.991488
2.56    0.991615
2.58    0.991739
2.6    0.991858
2.62    0.991972
2.64    0.992083
2.66    0.99219
2.68    0.992293
2.7    0.992393
2.72    0.992489
2.74    0.992581
2.76    0.992671
2.78    0.992757
2.8    0.992841
2.82    0.992922
2.84    0.993
2.86    0.993075
2.88    0.993148
2.9    0.993218
2.92    0.993286
2.94    0.993352
2.96    0.993415
2.98    0.993477
3    0.993536
3.02    0.993593
3.04    0.993649
3.06    0.993703
3.08    0.993755
3.1    0.993805
3.12    0.993853
3.14    0.9939
3.16    0.993946
3.18    0.99399
3.2    0.994033
3.22    0.994074
3.24    0.994114
3.26    0.994153
3.28    0.99419
3.3    0.994226
3.32    0.994262
3.34    0.994296
3.36    0.994329
3.38    0.99436
3.4    0.994391
3.42    0.994421
3.44    0.99445
3.46    0.994478
3.48    0.994506
3.5    0.994532
3.52    0.994558
3.54    0.994583
3.56    0.994607
3.58    0.99463
3.6    0.994652
3.62    0.994674
3.64    0.994696
3.66    0.994716
3.68    0.994736
3.7    0.994755
3.72    0.994774
3.74    0.994792
3.76    0.99481
3.78    0.994827
3.8    0.994844
3.82    0.99486
3.84    0.994876
3.86    0.994891
3.88    0.994905
3.9    0.99492
3.92    0.994933
3.94    0.994947
3.96    0.99496
3.98    0.994973
4    0.994985
4.02    0.994997
4.04    0.995008
4.06    0.995019
4.08    0.99503
4.1    0.995041
4.12    0.995051
4.14    0.995061
4.16    0.995071
4.18    0.99508
4.2    0.995089
4.22    0.995098
4.24    0.995106
4.26    0.995115
4.28    0.995123
4.3    0.995131
4.32    0.995138
4.34    0.995146
4.36    0.995153
4.38    0.99516
4.4    0.995167
4.42    0.995173
4.44    0.995179
4.46    0.995186
4.48    0.995192
4.5    0.995198
4.52    0.995203
4.54    0.995209
4.56    0.995214
4.58    0.995219
4.6    0.995224
4.62    0.995229
4.64    0.995234
4.66    0.995238
4.68    0.995243
4.7    0.995247
4.72    0.995252
4.74    0.995256
4.76    0.99526
4.78    0.995263
4.8    0.995267
4.82    0.995271
4.84    0.995274
4.86    0.995278
4.88    0.995281
4.9    0.995284
4.92    0.995288
4.94    0.995291
4.96    0.995294
4.98    0.995297
