-5    1.08379e-05
-4.98    1.09487e-05
-4.96    1.10623e-05
-4.94    1.11787e-05
-4.92    1.1298e-05
-4.9    1.14203e-05
-4.88    1.15456e-05
-4.86    1.16741e-05
-4.84    1.18059e-05
-4.82    1.1941e-05
-4.8    1.20796e-05
-4.78    1.22218e-05
-4.76    1.23677e-05
-4.74    1.25173e-05
-4.72    1.26709e-05
-4.7    1.28284e-05
-4.68    1.29902e-05
-4.66    1.31562e-05
-4.64    1.33266e-05
-4.62    1.35016e-05
-4.6    1.36813e-05
-4.58    1.38659e-05
-4.56    1.40554e-05
-4.54    1.42502e-05
-4.52    1.44502e-05
-4.5    1.46558e-05
-4.48    1.4867e-05
-4.46    1.50842e-05
-4.44    1.53074e-05
-4.42    1.55368e-05
-4.4    1.57728e-05
-4.38    1.60154e-05
-4.36    1.62649e-05
-4.34    1.65216e-05
-4.32    1.67857e-05
-4.3    1.70574e-05
-4.28    1.7337e-05
-4.26    1.76247e-05
-4.24    1.79209e-05
-4.22    1.82259e-05
-4.2    1.85398e-05
-4.18    1.88632e-05
-4.16    1.91961e-05
-4.14    1.95391e-05
-4.12    1.98925e-05
-4.1    2.02566e-05
-4.08    2.06318e-05
-4.06    2.10185e-05
-4.04    2.14171e-05
-4.02    2.1828e-05
-4    2.22517e-05
-3.98    2.26886e-05
-3.96    2.31392e-05
-3.94    2.36041e-05
-3.92    2.40836e-05
-3.9    2.45784e-05
-3.88    2.5089e-05
-3.86    2.5616e-05
-3.84    2.616e-05
-3.82    2.67216e-05
-3.8    2.73014e-05
-3.78    2.79002e-05
-3.76    2.85187e-05
-3.74    2.91575e-05
-3.72    2.98174e-05
-3.7    3.04992e-05
-3.68    3.12038e-05
-3.66    3.1932e-05
-3.64    3.26846e-05
-3.62    3.34627e-05
-3.6    3.42671e-05
-3.58    3.50989e-05
-3.56    3.5959e-05
-3.54    3.68486e-05
-3.52    3.77688e-05
-3.5    3.87207e-05
-3.48    3.97056e-05
-3.46    4.07247e-05
-3.44    4.17793e-05
-3.42    4.28708e-05
-3.4    4.40005e-05
-3.38    4.51699e-05
-3.36    4.63806e-05
-3.34    4.76342e-05
-3.32    4.89321e-05
-3.3    5.02763e-05
-3.28    5.16683e-05
-3.26    5.31101e-05
-3.24    5.46036e-05
-3.22    5.61507e-05
-3.2    5.77534e-05
-3.18    5.94138e-05
-3.16    6.11343e-05
-3.14    6.2917e-05
-3.12    6.47643e-05
-3.1    6.66786e-05
-3.08    6.86624e-05
-3.06    7.07185e-05
-3.04    7.28495e-05
-3.02    7.50581e-05
-3    7.73473e-05
-2.98    7.97202e-05
-2.96    8.21797e-05
-2.94    8.47291e-05
-2.92    8.73718e-05
-2.9    9.0111e-05
-2.88    9.29504e-05
-2.86    9.58936e-05
-2.84    9.89443e-05
-2.82    0.000102106
-2.8    0.000105384
-2.78    0.000108781
-2.76    0.000112302
-2.74    0.00011595
-2.72    0.000119731
-2.7    0.00012365
-2.68    0.00012771
-2.66    0.000131917
-2.64    0.000136275
-2.62    0.00014079
-2.6    0.000145467
-2.58    0.000150311
-2.56    0.000155328
-2.54    0.000160522
-2.52    0.000165901
-2.5    0.00017147
-2.48    0.000177234
-2.46    0.000183199
-2.44    0.000189372
-2.42    0.00019576
-2.4    0.000202367
-2.38    0.000209201
-2.36    0.000216268
-2.34    0.000223575
-2.32    0.000231128
-2.3    0.000238934
-2.28    0.000247
-2.26    0.000255332
-2.24    0.000263938
-2.22    0.000272824
-2.2    0.000281997
-2.18    0.000291464
-2.16    0.000301231
-2.14    0.000311306
-2.12    0.000321696
-2.1    0.000332407
-2.08    0.000343445
-2.06    0.000354818
-2.04    0.000366532
-2.02    0.000378593
-2    0.000391007
-1.98    0.000403781
-1.96    0.00041692
-1.94    0.00043043
-1.92    0.000444316
-1.9    0.000458585
-1.88    0.00047324
-1.86    0.000488286
-1.84    0.000503729
-1.82    0.000519571
-1.8    0.000535817
-1.78    0.000552469
-1.76    0.000569532
-1.74    0.000587007
-1.72    0.000604896
-1.7    0.000623202
-1.68    0.000641925
-1.66    0.000661066
-1.64    0.000680624
-1.62    0.000700601
-1.6    0.000720994
-1.58    0.000741802
-1.56    0.000763023
-1.54    0.000784653
-1.52    0.000806691
-1.5    0.00082913
-1.48    0.000851966
-1.46    0.000875195
-1.44    0.000898809
-1.42    0.000922801
-1.4    0.000947164
-1.38    0.000971889
-1.36    0.000996968
-1.34    0.00102239
-1.32    0.00104814
-1.3    0.00107422
-1.28    0.0011006
-1.26    0.00112728
-1.24    0.00115424
-1.22    0.00118146
-1.2    0.00120894
-1.18    0.00123665
-1.16    0.00126458
-1.14    0.00129271
-1.12    0.00132103
-1.1    0.0013495
-1.08    0.00137812
-1.06    0.00140686
-1.04    0.00143571
-1.02    0.00146463
-1    0.00149361
-0.98    0.00152263
-0.96    0.00155166
-0.94    0.00158067
-0.92    0.00160965
-0.9    0.00163856
-0.88    0.00166738
-0.86    0.0016961
-0.84    0.00172467
-0.82    0.00175307
-0.8    0.00178129
-0.78    0.00180928
-0.76    0.00183702
-0.74    0.00186449
-0.72    0.00189166
-0.7    0.0019185
-0.68    0.00194498
-0.66    0.00197108
-0.64    0.00199676
-0.62    0.002022
-0.6    0.00204678
-0.58    0.00207106
-0.56    0.00209482
-0.54    0.00211804
-0.52    0.00214068
-0.5    0.00216272
-0.48    0.00218414
-0.46    0.00220491
-0.44    0.00222501
-0.42    0.00224441
-0.4    0.00226309
-0.38    0.00228102
-0.36    0.0022982
-0.34    0.00231458
-0.32    0.00233017
-0.3    0.00234492
-0.28    0.00235884
-0.26    0.00237189
-0.24    0.00238406
-0.22    0.00239534
-0.2    0.00240571
-0.18    0.00241516
-0.16    0.00242368
-0.14    0.00243125
-0.12    0.00243786
-0.1    0.0024435
-0.08    0.00244817
-0.06    0.00245185
-0.04    0.00245455
-0.02    0.00245625
-1.80342e-14    0.00245696
0.02    0.00245666
0.04    0.00245537
0.06    0.00245307
0.08    0.00244977
0.1    0.00244548
0.12    0.00244019
0.14    0.00243391
0.16    0.00242665
0.18    0.00241841
0.2    0.00240921
0.22    0.00239905
0.24    0.00238794
0.26    0.00237589
0.28    0.00236293
0.3    0.00234905
0.32    0.00233428
0.34    0.00231864
0.36    0.00230214
0.38    0.00228479
0.4    0.00226663
0.42    0.00224767
0.44    0.00222792
0.46    0.00220742
0.48    0.00218618
0.5    0.00216423
0.52    0.0021416
0.54    0.00211831
0.56    0.00209438
0.58    0.00206984
0.6    0.00204471
0.62    0.00201904
0.64    0.00199284
0.66    0.00196614
0.68    0.00193897
0.7    0.00191136
0.72    0.00188334
0.74    0.00185494
0.76    0.00182618
0.78    0.00179711
0.8    0.00176774
0.82    0.00173812
0.84    0.00170826
0.86    0.0016782
0.88    0.00164796
0.9    0.00161758
0.92    0.00158709
0.94    0.00155651
0.96    0.00152588
0.98    0.00149522
1    0.00146455
1.02    0.00143391
1.04    0.00140333
1.06    0.00137282
1.08    0.00134241
1.1    0.00131214
1.12    0.00128201
1.14    0.00125206
1.16    0.00122231
1.18    0.00119278
1.2    0.00116349
1.22    0.00113445
1.24    0.0011057
1.26    0.00107725
1.28    0.00104912
1.3    0.00102131
1.32    0.000993856
1.34    0.000966763
1.36    0.000940048
1.38    0.000913722
1.4    0.000887797
1.42    0.000862286
1.44    0.000837198
1.46    0.000812542
1.48    0.000788327
1.5    0.00076456
1.52    0.000741247
1.54    0.000718395
1.56    0.000696008
1.58    0.000674091
1.6    0.000652646
1.62    0.000631676
1.64    0.000611182
1.66    0.000591166
1.68    0.000571627
1.7    0.000552565
1.72    0.000533979
1.74    0.000515867
1.76    0.000498227
1.78    0.000481055
1.8    0.000464348
1.82    0.000448102
1.84    0.000432312
1.86    0.000416973
1.88    0.000402081
1.9    0.000387628
1.92    0.000373608
1.94    0.000360016
1.96    0.000346844
1.98    0.000334084
2    0.00032173
2.02    0.000309774
2.04    0.000298208
2.06    0.000287024
2.08    0.000276214
2.1    0.000265769
2.12    0.000255681
2.14    0.000245941
2.16    0.000236542
2.18    0.000227473
2.2    0.000218728
2.22    0.000210297
2.24    0.000202171
2.26    0.000194343
2.28    0.000186802
2.3    0.000179542
2.32    0.000172554
2.34    0.000165829
2.36    0.00015936
2.38    0.000153138
2.4    0.000147155
2.42    0.000141403
2.44    0.000135875
2.46    0.000130564
2.48    0.000125462
2.5    0.000120561
2.52    0.000115855
2.54    0.000111336
2.56    0.000106999
2.58    0.000102836
2.6    9.88409e-05
2.62    9.50077e-05
2.64    9.13302e-05
2.66    8.78026e-05
2.68    8.44191e-05
2.7    8.11742e-05
2.72    7.80625e-05
2.74    7.50788e-05
2.76    7.22181e-05
2.78    6.94754e-05
2.8    6.68461e-05
2.82    6.43256e-05
2.84    6.19096e-05
2.86    5.95937e-05
2.88    5.73739e-05
2.9    5.52462e-05
2.92    5.32069e-05
2.94    5.12522e-05
2.96    4.93786e-05
2.98    4.75828e-05
3    4.58615e-05
3.02    4.42115e-05
3.04    4.26299e-05
3.06    4.11137e-05
3.08    3.96602e-05
3.1    3.82667e-05
3.12    3.69306e-05
3.14    3.56495e-05
3.16    3.4421e-05
3.18    3.32428e-05
3.2    3.21129e-05
3.22    3.10291e-05
3.24    2.99895e-05
3.26    2.89921e-05
3.28    2.80352e-05
3.3    2.71169e-05
3.32    2.62356e-05
3.34    2.53897e-05
3.36    2.45778e-05
3.38    2.37982e-05
3.4    2.30497e-05
3.42    2.23309e-05
3.44    2.16405e-05
3.46    2.09773e-05
3.48    2.03401e-05
3.5    1.97279e-05
3.52    1.91395e-05
3.54    1.85739e-05
3.56    1.80301e-05
3.58    1.75073e-05
3.6    1.70045e-05
3.62    1.65208e-05
3.64    1.60555e-05
3.66    1.56078e-05
3.68    1.5177e-05
3.7    1.47623e-05
3.72    1.4363e-05
3.74    1.39786e-05
3.76    1.36083e-05
3.78    1.32516e-05
3.8    1.2908e-05
3.82    1.25769e-05
3.84    1.22577e-05
3.86    1.19501e-05
3.88    1.16534e-05
3.9    1.13673e-05
3.92    1.10914e-05
3.94    1.08251e-05
3.96    1.05682e-05
3.98    1.03203e-05
4    1.00809e-05
4.02    9.84979e-06
4.04    9.62661e-06
4.06    9.41102e-06
4.08    9.20275e-06
4.1    9.00149e-06
4.12    8.80698e-06
4.14    8.61894e-06
4.16    8.43713e-06
4.18    8.26131e-06
4.2    8.09125e-06
4.22    7.92672e-06
4.24    7.76751e-06
4.26    7.61343e-06
4.28    7.46427e-06
4.3    7.31986e-06
4.32    7.18e-06
4.34    7.04454e-06
4.36    6.91331e-06
4.38    6.78616e-06
4.4    6.66292e-06
4.42    6.54347e-06
4.44    6.42766e-06
4.46    6.31536e-06
4.48    6.20644e-06
4.5    6.10078e-06
4.52    5.99827e-06
4.54    5.89879e-06
4.56    5.80224e-06
4.58    5.7085e-06
4.6    5.6175e-06
4.62    5.52912e-06
4.64    5.44328e-06
4.66    5.35988e-06
4.68    5.27886e-06
4.7    5.20012e-06
4.72    5.12359e-06
4.74    5.04919e-06
4.76    4.97685e-06
4.78    4.9065e-06
4.8    4.83808e-06
4.82    4.77152e-06
4.84    4.70676e-06
4.86    4.64375e-06
4.88    4.58242e-06
4.9    4.52272e-06
4.92    4.4646e-06
4.94    4.408e-06
4.96    4.35289e-06
4.98    4.2992e-06
