-5    0.0106839
-4.98    0.0106839
-4.96    0.0106839
-4.94    0.0106839
-4.92    0.0106839
-4.9    0.0106839
-4.88    0.0106839
-4.86    0.0106839
-4.84    0.0106839
-4.82    0.0106839
-4.8    0.0106839
-4.78    0.0106839
-4.76    0.0106839
-4.74    0.0106839
-4.72    0.0106839
-4.7    0.0106839
-4.68    0.0106839
-4.66    0.0106839
-4.64    0.0106839
-4.62    0.0106839
-4.6    0.0106839
-4.58    0.0106839
-4.56    0.0106839
-4.54    0.0106839
-4.52    0.0106839
-4.5    0.0106839
-4.48    0.0106839
-4.46    0.0106839
-4.44    0.0106839
-4.42    0.0106839
-4.4    0.0106839
-4.38    0.0106839
-4.36    0.0106839
-4.34    0.0106839
-4.32    0.0106839
-4.3    0.0106839
-4.28    0.0106839
-4.26    0.0106839
-4.24    0.0106839
-4.22    0.0106839
-4.2    0.0106839
-4.18    0.0106839
-4.16    0.0106839
-4.14    0.0106839
-4.12    0.0106839
-4.1    0.0106839
-4.08    0.0106839
-4.06    0.0106839
-4.04    0.0106839
-4.02    0.0106839
-4    0.0106839
-3.98    0.0106839
-3.96    0.0106839
-3.94    0.0106839
-3.92    0.0106839
-3.9    0.0106839
-3.88    0.0106839
-3.86    0.0106839
-3.84    0.0106839
-3.82    0.0106839
-3.8    0.0106839
-3.78    0.0106839
-3.76    0.0106839
-3.74    0.0106839
-3.72    0.0106839
-3.7    0.0106839
-3.68    0.0106839
-3.66    0.0106839
-3.64    0.0106839
-3.62    0.0106839
-3.6    0.0106839
-3.58    0.0106839
-3.56    0.0106839
-3.54    0.0106839
-3.52    0.0106839
-3.5    0.0106839
-3.48    0.0106839
-3.46    0.0106839
-3.44    0.0106839
-3.42    0.0106839
-3.4    0.0106839
-3.38    0.0106839
-3.36    0.0106839
-3.34    0.0106839
-3.32    0.0106839
-3.3    0.0106839
-3.28    0.0106839
-3.26    0.0106839
-3.24    0.0106839
-3.22    0.0106839
-3.2    0.0106839
-3.18    0.0106839
-3.16    0.0106839
-3.14    0.0106839
-3.12    0.0106839
-3.1    0.0106839
-3.08    0.0106839
-3.06    0.0106839
-3.04    0.0106839
-3.02    0.0106839
-3    0.0106839
-2.98    0.0106839
-2.96    0.0106839
-2.94    0.0106839
-2.92    0.0106839
-2.9    0.0106839
-2.88    0.0106839
-2.86    0.0106839
-2.84    0.0106839
-2.82    0.0106839
-2.8    0.0106839
-2.78    0.0106839
-2.76    0.0106839
-2.74    0.0106839
-2.72    0.0106839
-2.7    0.0106839
-2.68    0.0106839
-2.66    0.0106839
-2.64    0.0106839
-2.62    0.0106839
-2.6    0.0106839
-2.58    0.0106839
-2.56    0.0106839
-2.54    0.0106839
-2.52    0.0106839
-2.5    0.0106839
-2.48    0.0106839
-2.46    0.0106839
-2.44    0.0106839
-2.42    0.0106839
-2.4    0.0106839
-2.38    0.0106839
-2.36    0.0106839
-2.34    0.0106839
-2.32    0.0106839
-2.3    0.0106839
-2.28    0.0106839
-2.26    0.0106839
-2.24    0.0106839
-2.22    0.0106839
-2.2    0.0106839
-2.18    0.0106839
-2.16    0.0106839
-2.14    0.0106839
-2.12    0.0106839
-2.1    0.0106839
-2.08    0.0106839
-2.06    0.0106839
-2.04    0.0106839
-2.02    0.0106839
-2    0.0106839
-1.98    0.0106839
-1.96    0.0106839
-1.94    0.0106839
-1.92    0.0106839
-1.9    0.0106839
-1.88    0.0106839
-1.86    0.0106839
-1.84    0.0106839
-1.82    0.0106839
-1.8    0.0106839
-1.78    0.0106839
-1.76    0.0106839
-1.74    0.0106839
-1.72    0.0106839
-1.7    0.0106839
-1.68    0.0106839
-1.66    0.0106839
-1.64    0.0106839
-1.62    0.0106839
-1.6    0.0106839
-1.58    0.0106839
-1.56    0.0106839
-1.54    0.0106839
-1.52    0.0106839
-1.5    0.0106839
-1.48    0.0106839
-1.46    0.0106839
-1.44    0.0106839
-1.42    0.0106839
-1.4    0.0106839
-1.38    0.0106839
-1.36    0.0106839
-1.34    0.0106839
-1.32    0.0106839
-1.3    0.0106839
-1.28    0.0106839
-1.26    0.0106839
-1.24    0.0106839
-1.22    0.0106839
-1.2    0.0106839
-1.18    0.0106839
-1.16    0.0106839
-1.14    0.0106839
-1.12    0.0106839
-1.1    0.0106839
-1.08    0.0106839
-1.06    0.0106839
-1.04    0.0106839
-1.02    0.0106839
-1    0.0106839
-0.98    0.0106839
-0.96    0.0106839
-0.94    0.0106839
-0.92    0.0106839
-0.9    0.0106839
-0.88    0.0106839
-0.86    0.0106839
-0.84    0.0106839
-0.82    0.0106839
-0.8    0.0106839
-0.78    0.0106839
-0.76    0.0106839
-0.74    0.0106839
-0.72    0.0106839
-0.7    0.0106839
-0.68    0.0106839
-0.66    0.0106839
-0.64    0.0106839
-0.62    0.0106839
-0.6    0.0106839
-0.58    0.0106839
-0.56    0.0106839
-0.54    0.0106839
-0.52    0.0106839
-0.5    0.0106839
-0.48    0.0106839
-0.46    0.0106839
-0.44    0.0106839
-0.42    0.0106839
-0.4    0.0106839
-0.38    0.0106839
-0.36    0.0106839
-0.34    0.0106839
-0.32    0.0106839
-0.3    0.0106838
-0.28    0.0106838
-0.26    0.0106838
-0.24    0.0106838
-0.22    0.0106838
-0.2    0.0106838
-0.18    0.0106838
-0.16    0.0106838
-0.14    0.0106838
-0.12    0.0106838
-0.1    0.0106838
-0.08    0.0106838
-0.06    0.0106838
-0.04    0.0106838
-0.02    0.0106838
-1.80342e-14    0.0106838
0.02    0.0106838
0.04    0.0106838
0.06    0.0106838
0.08    0.0106838
0.1    0.0106838
0.12    0.0106838
0.14    0.0106838
0.16    0.0106838
0.18    0.0106838
0.2    0.0106838
0.22    0.0106838
0.24    0.0106838
0.26    0.0106838
0.28    0.0106838
0.3    0.0106838
0.32    0.0106838
0.34    0.0106838
0.36    0.0106838
0.38    0.0106838
0.4    0.0106838
0.42    0.0106838
0.44    0.0106838
0.46    0.0106838
0.48    0.0106838
0.5    0.0106838
0.52    0.0106838
0.54    0.0106838
0.56    0.0106838
0.58    0.0106838
0.6    0.0106838
0.62    0.0106838
0.64    0.0106838
0.66    0.0106838
0.68    0.0106838
0.7    0.0106838
0.72    0.0106838
0.74    0.0106838
0.76    0.0106838
0.78    0.0106838
0.8    0.0106838
0.82    0.0106838
0.84    0.0106838
0.86    0.0106838
0.88    0.0106838
0.9    0.0106838
0.92    0.0106838
0.94    0.0106838
0.96    0.0106838
0.98    0.0106838
1    0.0106838
1.02    0.0106838
1.04    0.0106838
1.06    0.0106838
1.08    0.0106838
1.1    0.0106838
1.12    0.0106838
1.14    0.0106838
1.16    0.0106838
1.18    0.0106838
1.2    0.0106838
1.22    0.0106838
1.24    0.0106838
1.26    0.0106838
1.28    0.0106838
1.3    0.0106838
1.32    0.0106838
1.34    0.0106838
1.36    0.0106838
1.38    0.0106838
1.4    0.0106838
1.42    0.0106838
1.44    0.0106838
1.46    0.0106838
1.48    0.0106838
1.5    0.0106838
1.52    0.0106838
1.54    0.0106838
1.56    0.0106838
1.58    0.0106838
1.6    0.0106838
1.62    0.0106838
1.64    0.0106838
1.66    0.0106838
1.68    0.0106838
1.7    0.0106838
1.72    0.0106838
1.74    0.0106838
1.76    0.0106838
1.78    0.0106838
1.8    0.0106838
1.82    0.0106838
1.84    0.0106838
1.86    0.0106838
1.88    0.0106838
1.9    0.0106838
1.92    0.0106838
1.94    0.0106838
1.96    0.0106838
1.98    0.0106838
2    0.0106838
2.02    0.0106838
2.04    0.0106838
2.06    0.0106838
2.08    0.0106838
2.1    0.0106838
2.12    0.0106838
2.14    0.0106838
2.16    0.0106838
2.18    0.0106838
2.2    0.0106838
2.22    0.0106838
2.24    0.0106838
2.26    0.0106838
2.28    0.0106838
2.3    0.0106838
2.32    0.0106838
2.34    0.0106838
2.36    0.0106838
2.38    0.0106838
2.4    0.0106838
2.42    0.0106838
2.44    0.0106838
2.46    0.0106838
2.48    0.0106838
2.5    0.0106838
2.52    0.0106838
2.54    0.0106838
2.56    0.0106838
2.58    0.0106838
2.6    0.0106838
2.62    0.0106838
2.64    0.0106838
2.66    0.0106838
2.68    0.0106838
2.7    0.0106838
2.72    0.0106838
2.74    0.0106838
2.76    0.0106838
2.78    0.0106838
2.8    0.0106838
2.82    0.0106838
2.84    0.0106838
2.86    0.0106838
2.88    0.0106838
2.9    0.0106838
2.92    0.0106838
2.94    0.0106838
2.96    0.0106838
2.98    0.0106838
3    0.0106838
3.02    0.0106838
3.04    0.0106838
3.06    0.0106838
3.08    0.0106838
3.1    0.0106838
3.12    0.0106838
3.14    0.0106838
3.16    0.0106838
3.18    0.0106838
3.2    0.0106838
3.22    0.0106838
3.24    0.0106838
3.26    0.0106838
3.28    0.0106838
3.3    0.0106838
3.32    0.0106838
3.34    0.0106838
3.36    0.0106838
3.38    0.0106838
3.4    0.0106838
3.42    0.0106838
3.44    0.0106838
3.46    0.0106838
3.48    0.0106838
3.5    0.0106838
3.52    0.0106838
3.54    0.0106838
3.56    0.0106838
3.58    0.0106838
3.6    0.0106838
3.62    0.0106838
3.64    0.0106838
3.66    0.0106838
3.68    0.0106838
3.7    0.0106838
3.72    0.0106838
3.74    0.0106838
3.76    0.0106838
3.78    0.0106838
3.8    0.0106838
3.82    0.0106838
3.84    0.0106838
3.86    0.0106838
3.88    0.0106838
3.9    0.0106838
3.92    0.0106838
3.94    0.0106838
3.96    0.0106838
3.98    0.0106838
4    0.0106838
4.02    0.0106838
4.04    0.0106838
4.06    0.0106838
4.08    0.0106838
4.1    0.0106838
4.12    0.0106838
4.14    0.0106838
4.16    0.0106838
4.18    0.0106838
4.2    0.0106838
4.22    0.0106838
4.24    0.0106838
4.26    0.0106838
4.28    0.0106838
4.3    0.0106838
4.32    0.0106838
4.34    0.0106838
4.36    0.0106838
4.38    0.0106838
4.4    0.0106838
4.42    0.0106838
4.44    0.0106838
4.46    0.0106838
4.48    0.0106838
4.5    0.0106838
4.52    0.0106838
4.54    0.0106838
4.56    0.0106838
4.58    0.0106838
4.6    0.0106838
4.62    0.0106838
4.64    0.0106838
4.66    0.0106838
4.68    0.0106838
4.7    0.0106838
4.72    0.0106838
4.74    0.0106838
4.76    0.0106838
4.78    0.0106838
4.8    0.0106838
4.82    0.0106838
4.84    0.0106838
4.86    0.0106838
4.88    0.0106838
4.9    0.0106838
4.92    0.0106838
4.94    0.0106838
4.96    0.0106838
4.98    0.0106838
