-5    0.778998
-4.98    0.779009
-4.96    0.77902
-4.94    0.779032
-4.92    0.779044
-4.9    0.779056
-4.88    0.779069
-4.86    0.779081
-4.84    0.779095
-4.82    0.779108
-4.8    0.779122
-4.78    0.779137
-4.76    0.779151
-4.74    0.779167
-4.72    0.779182
-4.7    0.779198
-4.68    0.779215
-4.66    0.779232
-4.64    0.779249
-4.62    0.779267
-4.6    0.779286
-4.58    0.779305
-4.56    0.779324
-4.54    0.779344
-4.52    0.779365
-4.5    0.779386
-4.48    0.779408
-4.46    0.77943
-4.44    0.779453
-4.42    0.779477
-4.4    0.779501
-4.38    0.779526
-4.36    0.779552
-4.34    0.779578
-4.32    0.779605
-4.3    0.779633
-4.28    0.779662
-4.26    0.779691
-4.24    0.779722
-4.22    0.779753
-4.2    0.779785
-4.18    0.779818
-4.16    0.779852
-4.14    0.779886
-4.12    0.779922
-4.1    0.779959
-4.08    0.779997
-4.06    0.780036
-4.04    0.780076
-4.02    0.780117
-4    0.780159
-3.98    0.780202
-3.96    0.780247
-3.94    0.780292
-3.92    0.78034
-3.9    0.780388
-3.88    0.780438
-3.86    0.780489
-3.84    0.780541
-3.82    0.780595
-3.8    0.780651
-3.78    0.780708
-3.76    0.780767
-3.74    0.780827
-3.72    0.780889
-3.7    0.780952
-3.68    0.781018
-3.66    0.781085
-3.64    0.781154
-3.62    0.781225
-3.6    0.781298
-3.58    0.781373
-3.56    0.78145
-3.54    0.781529
-3.52    0.78161
-3.5    0.781694
-3.48    0.78178
-3.46    0.781868
-3.44    0.781959
-3.42    0.782052
-3.4    0.782148
-3.38    0.782246
-3.36    0.782347
-3.34    0.782451
-3.32    0.782558
-3.3    0.782667
-3.28    0.78278
-3.26    0.782895
-3.24    0.783014
-3.22    0.783136
-3.2    0.783262
-3.18    0.78339
-3.16    0.783523
-3.14    0.783658
-3.12    0.783798
-3.1    0.783941
-3.08    0.784089
-3.06    0.78424
-3.04    0.784395
-3.02    0.784554
-3    0.784718
-2.98    0.784886
-2.96    0.785059
-2.94    0.785236
-2.92    0.785418
-2.9    0.785605
-2.88    0.785797
-2.86    0.785994
-2.84    0.786196
-2.82    0.786403
-2.8    0.786617
-2.78    0.786835
-2.76    0.78706
-2.74    0.78729
-2.72    0.787526
-2.7    0.787769
-2.68    0.788018
-2.66    0.788273
-2.64    0.788535
-2.62    0.788804
-2.6    0.789079
-2.58    0.789362
-2.56    0.789652
-2.54    0.78995
-2.52    0.790255
-2.5    0.790568
-2.48    0.790889
-2.46    0.791217
-2.44    0.791555
-2.42    0.7919
-2.4    0.792255
-2.38    0.792618
-2.36    0.79299
-2.34    0.793371
-2.32    0.793762
-2.3    0.794162
-2.28    0.794572
-2.26    0.794992
-2.24    0.795422
-2.22    0.795862
-2.2    0.796312
-2.18    0.796774
-2.16    0.797246
-2.14    0.797729
-2.12    0.798224
-2.1    0.79873
-2.08    0.799247
-2.06    0.799776
-2.04    0.800318
-2.02    0.800871
-2    0.801436
-1.98    0.802014
-1.96    0.802605
-1.94    0.803208
-1.92    0.803824
-1.9    0.804454
-1.88    0.805096
-1.86    0.805752
-1.84    0.806421
-1.82    0.807104
-1.8    0.8078
-1.78    0.80851
-1.76    0.809234
-1.74    0.809972
-1.72    0.810724
-1.7    0.81149
-1.68    0.81227
-1.66    0.813064
-1.64    0.813872
-1.62    0.814694
-1.6    0.81553
-1.58    0.81638
-1.56    0.817245
-1.54    0.818123
-1.52    0.819015
-1.5    0.81992
-1.48    0.820839
-1.46    0.821772
-1.44    0.822718
-1.42    0.823676
-1.4    0.824648
-1.38    0.825632
-1.36    0.826629
-1.34    0.827638
-1.32    0.828658
-1.3    0.82969
-1.28    0.830734
-1.26    0.831787
-1.24    0.832852
-1.22    0.833926
-1.2    0.83501
-1.18    0.836103
-1.16    0.837205
-1.14    0.838315
-1.12    0.839432
-1.1    0.840557
-1.08    0.841688
-1.06    0.842825
-1.04    0.843968
-1.02    0.845116
-1    0.846267
-0.98    0.847423
-0.96    0.848582
-0.94    0.849743
-0.92    0.850906
-0.9    0.85207
-0.88    0.853235
-0.86    0.854399
-0.84    0.855563
-0.82    0.856725
-0.8    0.857886
-0.78    0.859043
-0.76    0.860197
-0.74    0.861348
-0.72    0.862493
-0.7    0.863634
-0.68    0.864769
-0.66    0.865897
-0.64    0.867018
-0.62    0.868132
-0.6    0.869238
-0.58    0.870335
-0.56    0.871423
-0.54    0.872502
-0.52    0.873571
-0.5    0.874629
-0.48    0.875676
-0.46    0.876712
-0.44    0.877736
-0.42    0.878748
-0.4    0.879748
-0.38    0.880735
-0.36    0.88171
-0.34    0.882671
-0.32    0.883618
-0.3    0.884552
-0.28    0.885472
-0.26    0.886378
-0.24    0.88727
-0.22    0.888147
-0.2    0.889011
-0.18    0.889859
-0.16    0.890693
-0.14    0.891513
-0.12    0.892317
-0.1    0.893108
-0.08    0.893883
-0.06    0.894644
-0.04    0.89539
-0.02    0.896122
-1.80342e-14    0.89684
0.02    0.897543
0.04    0.898231
0.06    0.898906
0.08    0.899566
0.1    0.900213
0.12    0.900846
0.14    0.901465
0.16    0.902071
0.18    0.902663
0.2    0.903242
0.22    0.903808
0.24    0.904362
0.26    0.904902
0.28    0.905431
0.3    0.905947
0.32    0.906451
0.34    0.906943
0.36    0.907424
0.38    0.907893
0.4    0.908351
0.42    0.908797
0.44    0.909233
0.46    0.909659
0.48    0.910074
0.5    0.910479
0.52    0.910873
0.54    0.911258
0.56    0.911634
0.58    0.912
0.6    0.912356
0.62    0.912704
0.64    0.913043
0.66    0.913373
0.68    0.913695
0.7    0.914009
0.72    0.914314
0.74    0.914612
0.76    0.914902
0.78    0.915185
0.8    0.91546
0.82    0.915728
0.84    0.915989
0.86    0.916243
0.88    0.916491
0.9    0.916732
0.92    0.916967
0.94    0.917195
0.96    0.917418
0.98    0.917635
1    0.917846
1.02    0.918051
1.04    0.918251
1.06    0.918446
1.08    0.918635
1.1    0.91882
1.12    0.918999
1.14    0.919174
1.16    0.919344
1.18    0.919509
1.2    0.91967
1.22    0.919827
1.24    0.91998
1.26    0.920128
1.28    0.920272
1.3    0.920413
1.32    0.92055
1.34    0.920683
1.36    0.920812
1.38    0.920938
1.4    0.921061
1.42    0.92118
1.44    0.921296
1.46    0.921409
1.48    0.921519
1.5    0.921626
1.52    0.92173
1.54    0.921831
1.56    0.92193
1.58    0.922026
1.6    0.922119
1.62    0.922209
1.64    0.922298
1.66    0.922383
1.68    0.922467
1.7    0.922548
1.72    0.922627
1.74    0.922704
1.76    0.922779
1.78    0.922852
1.8    0.922922
1.82    0.922991
1.84    0.923058
1.86    0.923123
1.88    0.923187
1.9    0.923248
1.92    0.923308
1.94    0.923366
1.96    0.923423
1.98    0.923478
2    0.923532
2.02    0.923584
2.04    0.923635
2.06    0.923684
2.08    0.923732
2.1    0.923779
2.12    0.923825
2.14    0.923869
2.16    0.923912
2.18    0.923954
2.2    0.923995
2.22    0.924034
2.24    0.924073
2.26    0.92411
2.28    0.924147
2.3    0.924182
2.32    0.924216
2.34    0.92425
2.36    0.924283
2.38    0.924314
2.4    0.924345
2.42    0.924375
2.44    0.924404
2.46    0.924433
2.48    0.92446
2.5    0.924487
2.52    0.924513
2.54    0.924539
2.56    0.924563
2.58    0.924588
2.6    0.924611
2.62    0.924634
2.64    0.924656
2.66    0.924677
2.68    0.924698
2.7    0.924719
2.72    0.924738
2.74    0.924758
2.76    0.924776
2.78    0.924795
2.8    0.924812
2.82    0.92483
2.84    0.924846
2.86    0.924863
2.88    0.924879
2.9    0.924894
2.92    0.924909
2.94    0.924924
2.96    0.924938
2.98    0.924952
3    0.924965
3.02    0.924978
3.04    0.924991
3.06    0.925003
3.08    0.925015
3.1    0.925027
3.12    0.925038
3.14    0.925049
3.16    0.92506
3.18    0.92507
3.2    0.925081
3.22    0.925091
3.24    0.9251
3.26    0.92511
3.28    0.925119
3.3    0.925127
3.32    0.925136
3.34    0.925144
3.36    0.925153
3.38    0.925161
3.4    0.925168
3.42    0.925176
3.44    0.925183
3.46    0.92519
3.48    0.925197
3.5    0.925204
3.52    0.92521
3.54    0.925217
3.56    0.925223
3.58    0.925229
3.6    0.925235
3.62    0.92524
3.64    0.925246
3.66    0.925251
3.68    0.925256
3.7    0.925262
3.72    0.925266
3.74    0.925271
3.76    0.925276
3.78    0.925281
3.8    0.925285
3.82    0.925289
3.84    0.925293
3.86    0.925297
3.88    0.925301
3.9    0.925305
3.92    0.925309
3.94    0.925313
3.96    0.925316
3.98    0.92532
4    0.925323
4.02    0.925326
4.04    0.925329
4.06    0.925333
4.08    0.925336
4.1    0.925338
4.12    0.925341
4.14    0.925344
4.16    0.925347
4.18    0.925349
4.2    0.925352
4.22    0.925354
4.24    0.925357
4.26    0.925359
4.28    0.925361
4.3    0.925364
4.32    0.925366
4.34    0.925368
4.36    0.92537
4.38    0.925372
4.4    0.925374
4.42    0.925376
4.44    0.925377
4.46    0.925379
4.48    0.925381
4.5    0.925383
4.52    0.925384
4.54    0.925386
4.56    0.925387
4.58    0.925389
4.6    0.92539
4.62    0.925392
4.64    0.925393
4.66    0.925394
4.68    0.925396
4.7    0.925397
4.72    0.925398
4.74    0.925399
4.76    0.925401
4.78    0.925402
4.8    0.925403
4.82    0.925404
4.84    0.925405
4.86    0.925406
4.88    0.925407
4.9    0.925408
4.92    0.925409
4.94    0.92541
4.96    0.925411
4.98    0.925412
