-5    0.443769
-4.98    0.443853
-4.96    0.443938
-4.94    0.444022
-4.92    0.444106
-4.9    0.444191
-4.88    0.444275
-4.86    0.444359
-4.84    0.444443
-4.82    0.444527
-4.8    0.444611
-4.78    0.444695
-4.76    0.444779
-4.74    0.444862
-4.72    0.444946
-4.7    0.44503
-4.68    0.445113
-4.66    0.445197
-4.64    0.44528
-4.62    0.445364
-4.6    0.445447
-4.58    0.44553
-4.56    0.445614
-4.54    0.445697
-4.52    0.44578
-4.5    0.445863
-4.48    0.445946
-4.46    0.446028
-4.44    0.446111
-4.42    0.446194
-4.4    0.446276
-4.38    0.446359
-4.36    0.446441
-4.34    0.446524
-4.32    0.446606
-4.3    0.446688
-4.28    0.44677
-4.26    0.446852
-4.24    0.446934
-4.22    0.447016
-4.2    0.447098
-4.18    0.44718
-4.16    0.447261
-4.14    0.447343
-4.12    0.447424
-4.1    0.447505
-4.08    0.447586
-4.06    0.447667
-4.04    0.447748
-4.02    0.447829
-4    0.44791
-3.98    0.44799
-3.96    0.448071
-3.94    0.448151
-3.92    0.448231
-3.9    0.448311
-3.88    0.448391
-3.86    0.448471
-3.84    0.44855
-3.82    0.44863
-3.8    0.448709
-3.78    0.448788
-3.76    0.448867
-3.74    0.448946
-3.72    0.449024
-3.7    0.449103
-3.68    0.449181
-3.66    0.449259
-3.64    0.449337
-3.62    0.449414
-3.6    0.449492
-3.58    0.449569
-3.56    0.449646
-3.54    0.449723
-3.52    0.449799
-3.5    0.449875
-3.48    0.449951
-3.46    0.450027
-3.44    0.450102
-3.42    0.450177
-3.4    0.450252
-3.38    0.450326
-3.36    0.4504
-3.34    0.450474
-3.32    0.450547
-3.3    0.45062
-3.28    0.450693
-3.26    0.450765
-3.24    0.450837
-3.22    0.450908
-3.2    0.450979
-3.18    0.451049
-3.16    0.451119
-3.14    0.451189
-3.12    0.451258
-3.1    0.451326
-3.08    0.451394
-3.06    0.451461
-3.04    0.451528
-3.02    0.451594
-3    0.45166
-2.98    0.451724
-2.96    0.451789
-2.94    0.451852
-2.92    0.451915
-2.9    0.451977
-2.88    0.452038
-2.86    0.452098
-2.84    0.452158
-2.82    0.452217
-2.8    0.452275
-2.78    0.452332
-2.76    0.452388
-2.74    0.452443
-2.72    0.452497
-2.7    0.452551
-2.68    0.452603
-2.66    0.452654
-2.64    0.452704
-2.62    0.452753
-2.6    0.452801
-2.58    0.452848
-2.56    0.452894
-2.54    0.452939
-2.52    0.452982
-2.5    0.453025
-2.48    0.453066
-2.46    0.453106
-2.44    0.453145
-2.42    0.453183
-2.4    0.45322
-2.38    0.453255
-2.36    0.45329
-2.34    0.453324
-2.32    0.453356
-2.3    0.453388
-2.28    0.453419
-2.26    0.453449
-2.24    0.453478
-2.22    0.453507
-2.2    0.453535
-2.18    0.453563
-2.16    0.453591
-2.14    0.453619
-2.12    0.453647
-2.1    0.453675
-2.08    0.453704
-2.06    0.453734
-2.04    0.453765
-2.02    0.453797
-2    0.453832
-1.98    0.453868
-1.96    0.453907
-1.94    0.453949
-1.92    0.453995
-1.9    0.454044
-1.88    0.454099
-1.86    0.454158
-1.84    0.454224
-1.82    0.454295
-1.8    0.454375
-1.78    0.454462
-1.76    0.454559
-1.74    0.454665
-1.72    0.454782
-1.7    0.454911
-1.68    0.455053
-1.66    0.45521
-1.64    0.455382
-1.62    0.45557
-1.6    0.455776
-1.58    0.456002
-1.56    0.456249
-1.54    0.456518
-1.52    0.456811
-1.5    0.45713
-1.48    0.457476
-1.46    0.457851
-1.44    0.458256
-1.42    0.458695
-1.4    0.459168
-1.38    0.459678
-1.36    0.460226
-1.34    0.460815
-1.32    0.461447
-1.3    0.462123
-1.28    0.462845
-1.26    0.463617
-1.24    0.464439
-1.22    0.465314
-1.2    0.466244
-1.18    0.467231
-1.16    0.468277
-1.14    0.469384
-1.12    0.470554
-1.1    0.471788
-1.08    0.473088
-1.06    0.474457
-1.04    0.475895
-1.02    0.477404
-1    0.478985
-0.98    0.48064
-0.96    0.482369
-0.94    0.484174
-0.92    0.486056
-0.9    0.488015
-0.88    0.490051
-0.86    0.492164
-0.84    0.494355
-0.82    0.496624
-0.8    0.49897
-0.78    0.501393
-0.76    0.503891
-0.74    0.506464
-0.72    0.50911
-0.7    0.511829
-0.68    0.514617
-0.66    0.517473
-0.64    0.520395
-0.62    0.523381
-0.6    0.526427
-0.58    0.529532
-0.56    0.53269
-0.54    0.535901
-0.52    0.539159
-0.5    0.542461
-0.48    0.545803
-0.46    0.549182
-0.44    0.552593
-0.42    0.556032
-0.4    0.559495
-0.38    0.562978
-0.36    0.566475
-0.34    0.569983
-0.32    0.573498
-0.3    0.577014
-0.28    0.580528
-0.26    0.584035
-0.24    0.587532
-0.22    0.591013
-0.2    0.594476
-0.18    0.597917
-0.16    0.601331
-0.14    0.604715
-0.12    0.608067
-0.1    0.611383
-0.08    0.61466
-0.06    0.617895
-0.04    0.621086
-0.02    0.624232
-1.80342e-14    0.627329
0.02    0.630376
0.04    0.633371
0.06    0.636313
0.08    0.639201
0.1    0.642034
0.12    0.644811
0.14    0.647531
0.16    0.650194
0.18    0.652799
0.2    0.655347
0.22    0.657837
0.24    0.66027
0.26    0.662646
0.28    0.664964
0.3    0.667227
0.32    0.669433
0.34    0.671584
0.36    0.67368
0.38    0.675723
0.4    0.677713
0.42    0.67965
0.44    0.681536
0.46    0.683372
0.48    0.685158
0.5    0.686896
0.52    0.688586
0.54    0.690229
0.56    0.691827
0.58    0.69338
0.6    0.69489
0.62    0.696356
0.64    0.697781
0.66    0.699165
0.68    0.700508
0.7    0.701813
0.72    0.703079
0.74    0.704308
0.76    0.7055
0.78    0.706657
0.8    0.707778
0.82    0.708866
0.84    0.70992
0.86    0.710942
0.88    0.711932
0.9    0.712892
0.92    0.71382
0.94    0.71472
0.96    0.715591
0.98    0.716433
1    0.717248
1.02    0.718037
1.04    0.7188
1.06    0.719537
1.08    0.72025
1.1    0.720939
1.12    0.721604
1.14    0.722247
1.16    0.722868
1.18    0.723467
1.2    0.724046
1.22    0.724605
1.24    0.725144
1.26    0.725665
1.28    0.726167
1.3    0.726651
1.32    0.727118
1.34    0.727569
1.36    0.728003
1.38    0.728422
1.4    0.728826
1.42    0.729216
1.44    0.729592
1.46    0.729954
1.48    0.730303
1.5    0.73064
1.52    0.730965
1.54    0.731278
1.56    0.73158
1.58    0.731871
1.6    0.732152
1.62    0.732423
1.64    0.732684
1.66    0.732936
1.68    0.73318
1.7    0.733415
1.72    0.733641
1.74    0.733861
1.76    0.734072
1.78    0.734277
1.8    0.734474
1.82    0.734665
1.84    0.73485
1.86    0.735029
1.88    0.735202
1.9    0.735369
1.92    0.735531
1.94    0.735688
1.96    0.73584
1.98    0.735988
2    0.736131
2.02    0.736269
2.04    0.736404
2.06    0.736535
2.08    0.736662
2.1    0.736785
2.12    0.736906
2.14    0.737022
2.16    0.737136
2.18    0.737247
2.2    0.737355
2.22    0.73746
2.24    0.737563
2.26    0.737663
2.28    0.737761
2.3    0.737856
2.32    0.73795
2.34    0.738041
2.36    0.73813
2.38    0.738218
2.4    0.738304
2.42    0.738387
2.44    0.73847
2.46    0.73855
2.48    0.73863
2.5    0.738707
2.52    0.738784
2.54    0.738859
2.56    0.738933
2.58    0.739006
2.6    0.739077
2.62    0.739147
2.64    0.739217
2.66    0.739285
2.68    0.739353
2.7    0.739419
2.72    0.739485
2.74    0.73955
2.76    0.739614
2.78    0.739677
2.8    0.73974
2.82    0.739802
2.84    0.739863
2.86    0.739923
2.88    0.739983
2.9    0.740043
2.92    0.740101
2.94    0.74016
2.96    0.740217
2.98    0.740275
3    0.740331
3.02    0.740388
3.04    0.740444
3.06    0.740499
3.08    0.740554
3.1    0.740609
3.12    0.740663
3.14    0.740717
3.16    0.740771
3.18    0.740825
3.2    0.740878
3.22    0.74093
3.24    0.740983
3.26    0.741035
3.28    0.741087
3.3    0.741139
3.32    0.74119
3.34    0.741241
3.36    0.741292
3.38    0.741343
3.4    0.741393
3.42    0.741444
3.44    0.741494
3.46    0.741544
3.48    0.741594
3.5    0.741643
3.52    0.741693
3.54    0.741742
3.56    0.741791
3.58    0.74184
3.6    0.741889
3.62    0.741937
3.64    0.741986
3.66    0.742034
3.68    0.742083
3.7    0.742131
3.72    0.742179
3.74    0.742227
3.76    0.742274
3.78    0.742322
3.8    0.74237
3.82    0.742417
3.84    0.742464
3.86    0.742512
3.88    0.742559
3.9    0.742606
3.92    0.742653
3.94    0.742699
3.96    0.742746
3.98    0.742793
4    0.742839
4.02    0.742886
4.04    0.742932
4.06    0.742979
4.08    0.743025
4.1    0.743071
4.12    0.743117
4.14    0.743163
4.16    0.743209
4.18    0.743255
4.2    0.743301
4.22    0.743346
4.24    0.743392
4.26    0.743438
4.28    0.743483
4.3    0.743529
4.32    0.743574
4.34    0.743619
4.36    0.743664
4.38    0.74371
4.4    0.743755
4.42    0.7438
4.44    0.743845
4.46    0.74389
4.48    0.743935
4.5    0.743979
4.52    0.744024
4.54    0.744069
4.56    0.744113
4.58    0.744158
4.6    0.744203
4.62    0.744247
4.64    0.744291
4.66    0.744336
4.68    0.74438
4.7    0.744424
4.72    0.744468
4.74    0.744513
4.76    0.744557
4.78    0.744601
4.8    0.744645
4.82    0.744688
4.84    0.744732
4.86    0.744776
4.88    0.74482
4.9    0.744864
4.92    0.744907
4.94    0.744951
4.96    0.744994
4.98    0.745038
