-5    0.00974265
-4.98    0.00976383
-4.96    0.0097854
-4.94    0.00980737
-4.92    0.00982975
-4.9    0.00985255
-4.88    0.00987579
-4.86    0.00989948
-4.84    0.00992363
-4.82    0.00994827
-4.8    0.00997339
-4.78    0.00999902
-4.76    0.0100252
-4.74    0.0100519
-4.72    0.0100791
-4.7    0.010107
-4.68    0.0101354
-4.66    0.0101645
-4.64    0.0101942
-4.62    0.0102245
-4.6    0.0102555
-4.58    0.0102873
-4.56    0.0103197
-4.54    0.010353
-4.52    0.010387
-4.5    0.0104218
-4.48    0.0104575
-4.46    0.0104941
-4.44    0.0105315
-4.42    0.0105699
-4.4    0.0106093
-4.38    0.0106497
-4.36    0.0106912
-4.34    0.0107338
-4.32    0.0107775
-4.3    0.0108224
-4.28    0.0108685
-4.26    0.0109159
-4.24    0.0109647
-4.22    0.0110149
-4.2    0.0110665
-4.18    0.0111197
-4.16    0.0111745
-4.14    0.0112309
-4.12    0.011289
-4.1    0.011349
-4.08    0.0114109
-4.06    0.0114747
-4.04    0.0115406
-4.02    0.0116087
-4    0.0116791
-3.98    0.0117518
-3.96    0.0118271
-3.94    0.011905
-3.92    0.0119856
-3.9    0.0120691
-3.88    0.0121556
-3.86    0.0122453
-3.84    0.0123384
-3.82    0.012435
-3.8    0.0125353
-3.78    0.0126396
-3.76    0.0127479
-3.74    0.0128606
-3.72    0.0129779
-3.7    0.0131
-3.68    0.0132273
-3.66    0.01336
-3.64    0.0134984
-3.62    0.0136428
-3.6    0.0137937
-3.58    0.0139514
-3.56    0.0141164
-3.54    0.014289
-3.52    0.0144697
-3.5    0.0146591
-3.48    0.0148577
-3.46    0.0150662
-3.44    0.0152851
-3.42    0.0155151
-3.4    0.0157571
-3.38    0.0160117
-3.36    0.0162799
-3.34    0.0165627
-3.32    0.016861
-3.3    0.017176
-3.28    0.0175088
-3.26    0.0178608
-3.24    0.0182334
-3.22    0.0186282
-3.2    0.0190467
-3.18    0.0194908
-3.16    0.0199626
-3.14    0.0204641
-3.12    0.0209977
-3.1    0.021566
-3.08    0.0221717
-3.06    0.0228178
-3.04    0.0235077
-3.02    0.024245
-3    0.0250335
-2.98    0.0258775
-2.96    0.0267817
-2.94    0.027751
-2.92    0.0287909
-2.9    0.0299073
-2.88    0.0311066
-2.86    0.0323956
-2.84    0.0337819
-2.82    0.0352733
-2.8    0.0368784
-2.78    0.0386063
-2.76    0.0404666
-2.74    0.0424695
-2.72    0.0446259
-2.7    0.0469467
-2.68    0.0494435
-2.66    0.0521282
-2.64    0.0550126
-2.62    0.0581087
-2.6    0.0614283
-2.58    0.0649824
-2.56    0.0687816
-2.54    0.0728353
-2.52    0.0771516
-2.5    0.0817368
-2.48    0.0865951
-2.46    0.0917283
-2.44    0.0971352
-2.42    0.102812
-2.4    0.10875
-2.38    0.114939
-2.36    0.121364
-2.34    0.128007
-2.32    0.134846
-2.3    0.141857
-2.28    0.149012
-2.26    0.156282
-2.24    0.163638
-2.22    0.171049
-2.2    0.178488
-2.18    0.185927
-2.16    0.193345
-2.14    0.200724
-2.12    0.208054
-2.1    0.215332
-2.08    0.222564
-2.06    0.229768
-2.04    0.236975
-2.02    0.244225
-2    0.251572
-1.98    0.259084
-1.96    0.266835
-1.94    0.274909
-1.92    0.283389
-1.9    0.292355
-1.88    0.301871
-1.86    0.311978
-1.84    0.322682
-1.82    0.333946
-1.8    0.345682
-1.78    0.357754
-1.76    0.369982
-1.74    0.382157
-1.72    0.394065
-1.7    0.405504
-1.68    0.416311
-1.66    0.426375
-1.64    0.435648
-1.62    0.444145
-1.6    0.45194
-1.58    0.45915
-1.56    0.465929
-1.54    0.472447
-1.52    0.478882
-1.5    0.485409
-1.48    0.492187
-1.46    0.499362
-1.44    0.507053
-1.42    0.515358
-1.4    0.524348
-1.38    0.534067
-1.36    0.544536
-1.34    0.55575
-1.32    0.567679
-1.3    0.580273
-1.28    0.593462
-1.26    0.607158
-1.24    0.62126
-1.22    0.635653
-1.2    0.650218
-1.18    0.664832
-1.16    0.679372
-1.14    0.693717
-1.12    0.707758
-1.1    0.721393
-1.08    0.734534
-1.06    0.747105
-1.04    0.759046
-1.02    0.77031
-1    0.780866
-0.98    0.790693
-0.96    0.799782
-0.94    0.808133
-0.92    0.815754
-0.9    0.82266
-0.88    0.828868
-0.86    0.834399
-0.84    0.839275
-0.82    0.843518
-0.8    0.847152
-0.78    0.850195
-0.76    0.852667
-0.74    0.854584
-0.72    0.85596
-0.7    0.856807
-0.68    0.857132
-0.66    0.856942
-0.64    0.85624
-0.62    0.855028
-0.6    0.853305
-0.58    0.85107
-0.56    0.848319
-0.54    0.84505
-0.52    0.84126
-0.5    0.836947
-0.48    0.832111
-0.46    0.826754
-0.44    0.82088
-0.42    0.814499
-0.4    0.807623
-0.38    0.800269
-0.36    0.792457
-0.34    0.784215
-0.32    0.77557
-0.3    0.766558
-0.28    0.757216
-0.26    0.747583
-0.24    0.7377
-0.22    0.727608
-0.2    0.71735
-0.18    0.706964
-0.16    0.696487
-0.14    0.685952
-0.12    0.675386
-0.1    0.664814
-0.08    0.65425
-0.06    0.643705
-0.04    0.63318
-0.02    0.62267
-1.80342e-14    0.612159
0.02    0.601624
0.04    0.591033
0.06    0.580345
0.08    0.569507
0.1    0.558461
0.12    0.547136
0.14    0.535455
0.16    0.523335
0.18    0.51069
0.2    0.497432
0.22    0.483481
0.24    0.468769
0.26    0.453252
0.28    0.436917
0.3    0.419794
0.32    0.401958
0.34    0.383535
0.36    0.364692
0.38    0.345621
0.4    0.32652
0.42    0.307572
0.44    0.288929
0.46    0.270719
0.48    0.253052
0.5    0.236042
0.52    0.219823
0.54    0.204549
0.56    0.190383
0.58    0.177469
0.6    0.16591
0.62    0.155744
0.64    0.146944
0.66    0.139427
0.68    0.133067
0.7    0.127715
0.72    0.123217
0.74    0.119427
0.76    0.116212
0.78    0.113461
0.8    0.111081
0.82    0.108999
0.84    0.107161
0.86    0.105522
0.88    0.104051
0.9    0.102723
0.92    0.101517
0.94    0.100419
0.96    0.0994148
0.98    0.0984941
1    0.0976469
1.02    0.0968646
1.04    0.0961395
1.06    0.0954646
1.08    0.0948337
1.1    0.0942414
1.12    0.0936829
1.14    0.0931538
1.16    0.0926505
1.18    0.0921697
1.2    0.0917087
1.22    0.0912651
1.24    0.0908369
1.26    0.0904224
1.28    0.0900202
1.3    0.0896291
1.32    0.0892482
1.34    0.0888766
1.36    0.0885136
1.38    0.0881588
1.4    0.0878117
1.42    0.0874719
1.44    0.0871392
1.46    0.0868133
1.48    0.0864942
1.5    0.0861815
1.52    0.0858753
1.54    0.0855755
1.56    0.085282
1.58    0.0849947
1.6    0.0847136
1.62    0.0844387
1.64    0.0841699
1.66    0.0839072
1.68    0.0836506
1.7    0.0834
1.72    0.0831554
1.74    0.0829168
1.76    0.0826842
1.78    0.0824574
1.8    0.0822365
1.82    0.0820214
1.84    0.081812
1.86    0.0816084
1.88    0.0814103
1.9    0.0812178
1.92    0.0810309
1.94    0.0808493
1.96    0.0806732
1.98    0.0805023
2    0.0803366
2.02    0.0801761
2.04    0.0800206
2.06    0.0798701
2.08    0.0797245
2.1    0.0795837
2.12    0.0794476
2.14    0.0793162
2.16    0.0791893
2.18    0.0790669
2.2    0.0789488
2.22    0.0788351
2.24    0.0787256
2.26    0.0786201
2.28    0.0785188
2.3    0.0784214
2.32    0.0783278
2.34    0.0782381
2.36    0.078152
2.38    0.0780696
2.4    0.0779907
2.42    0.0779153
2.44    0.0778433
2.46    0.0777746
2.48    0.0777091
2.5    0.0776467
2.52    0.0775875
2.54    0.0775312
2.56    0.0774779
2.58    0.0774274
2.6    0.0773797
2.62    0.0773348
2.64    0.0772925
2.66    0.0772528
2.68    0.0772156
2.7    0.0771808
2.72    0.0771485
2.74    0.0771185
2.76    0.0770907
2.78    0.0770652
2.8    0.0770418
2.82    0.0770206
2.84    0.0770013
2.86    0.0769841
2.88    0.0769687
2.9    0.0769553
2.92    0.0769437
2.94    0.0769338
2.96    0.0769257
2.98    0.0769193
3    0.0769144
3.02    0.0769112
3.04    0.0769095
3.06    0.0769093
3.08    0.0769105
3.1    0.0769132
3.12    0.0769172
3.14    0.0769225
3.16    0.0769291
3.18    0.076937
3.2    0.076946
3.22    0.0769563
3.24    0.0769676
3.26    0.0769801
3.28    0.0769936
3.3    0.0770081
3.32    0.0770236
3.34    0.0770401
3.36    0.0770575
3.38    0.0770758
3.4    0.077095
3.42    0.077115
3.44    0.0771358
3.46    0.0771573
3.48    0.0771797
3.5    0.0772027
3.52    0.0772265
3.54    0.0772509
3.56    0.0772759
3.58    0.0773016
3.6    0.0773279
3.62    0.0773548
3.64    0.0773821
3.66    0.0774101
3.68    0.0774385
3.7    0.0774674
3.72    0.0774968
3.74    0.0775266
3.76    0.0775568
3.78    0.0775875
3.8    0.0776185
3.82    0.0776499
3.84    0.0776816
3.86    0.0777137
3.88    0.0777461
3.9    0.0777788
3.92    0.0778117
3.94    0.077845
3.96    0.0778785
3.98    0.0779122
4    0.0779461
4.02    0.0779802
4.04    0.0780146
4.06    0.0780491
4.08    0.0780838
4.1    0.0781186
4.12    0.0781536
4.14    0.0781887
4.16    0.0782239
4.18    0.0782593
4.2    0.0782947
4.22    0.0783302
4.24    0.0783658
4.26    0.0784014
4.28    0.0784371
4.3    0.0784729
4.32    0.0785087
4.34    0.0785445
4.36    0.0785803
4.38    0.0786162
4.4    0.078652
4.42    0.0786879
4.44    0.0787237
4.46    0.0787595
4.48    0.0787953
4.5    0.078831
4.52    0.0788667
4.54    0.0789023
4.56    0.0789379
4.58    0.0789735
4.6    0.0790089
4.62    0.0790443
4.64    0.0790796
4.66    0.0791149
4.68    0.07915
4.7    0.079185
4.72    0.07922
4.74    0.0792548
4.76    0.0792895
4.78    0.0793242
4.8    0.0793587
4.82    0.079393
4.84    0.0794273
4.86    0.0794614
4.88    0.0794954
4.9    0.0795292
4.92    0.079563
4.94    0.0795965
4.96    0.07963
4.98    0.0796632
