-5    0.371059
-4.98    0.371278
-4.96    0.371498
-4.94    0.371718
-4.92    0.371938
-4.9    0.37216
-4.88    0.372381
-4.86    0.372603
-4.84    0.372826
-4.82    0.373049
-4.8    0.373272
-4.78    0.373496
-4.76    0.37372
-4.74    0.373945
-4.72    0.37417
-4.7    0.374395
-4.68    0.37462
-4.66    0.374846
-4.64    0.375072
-4.62    0.375298
-4.6    0.375525
-4.58    0.375751
-4.56    0.375978
-4.54    0.376205
-4.52    0.376433
-4.5    0.37666
-4.48    0.376888
-4.46    0.377116
-4.44    0.377344
-4.42    0.377573
-4.4    0.377801
-4.38    0.37803
-4.36    0.378259
-4.34    0.378489
-4.32    0.378719
-4.3    0.378949
-4.28    0.379179
-4.26    0.379409
-4.24    0.37964
-4.22    0.379872
-4.2    0.380104
-4.18    0.380336
-4.16    0.380569
-4.14    0.380803
-4.12    0.381037
-4.1    0.381272
-4.08    0.381507
-4.06    0.381744
-4.04    0.381981
-4.02    0.382219
-4    0.382459
-3.98    0.382699
-3.96    0.382941
-3.94    0.383185
-3.92    0.383429
-3.9    0.383676
-3.88    0.383924
-3.86    0.384173
-3.84    0.384425
-3.82    0.384679
-3.8    0.384935
-3.78    0.385194
-3.76    0.385455
-3.74    0.385719
-3.72    0.385987
-3.7    0.386257
-3.68    0.38653
-3.66    0.386807
-3.64    0.387088
-3.62    0.387373
-3.6    0.387662
-3.58    0.387956
-3.56    0.388255
-3.54    0.388558
-3.52    0.388867
-3.5    0.389181
-3.48    0.389502
-3.46    0.389828
-3.44    0.390161
-3.42    0.390501
-3.4    0.390848
-3.38    0.391203
-3.36    0.391565
-3.34    0.391936
-3.32    0.392315
-3.3    0.392704
-3.28    0.393102
-3.26    0.393509
-3.24    0.393928
-3.22    0.394356
-3.2    0.394796
-3.18    0.395248
-3.16    0.395712
-3.14    0.396188
-3.12    0.396677
-3.1    0.39718
-3.08    0.397697
-3.06    0.398229
-3.04    0.398776
-3.02    0.399338
-3    0.399917
-2.98    0.400512
-2.96    0.401125
-2.94    0.401756
-2.92    0.402405
-2.9    0.403074
-2.88    0.403762
-2.86    0.404471
-2.84    0.4052
-2.82    0.405952
-2.8    0.406725
-2.78    0.407521
-2.76    0.408342
-2.74    0.409186
-2.72    0.410055
-2.7    0.41095
-2.68    0.411872
-2.66    0.41282
-2.64    0.413797
-2.62    0.414802
-2.6    0.415836
-2.58    0.416901
-2.56    0.417996
-2.54    0.419123
-2.52    0.420283
-2.5    0.421476
-2.48    0.422704
-2.46    0.423966
-2.44    0.425264
-2.42    0.4266
-2.4    0.427973
-2.38    0.429385
-2.36    0.430837
-2.34    0.432329
-2.32    0.433863
-2.3    0.43544
-2.28    0.437061
-2.26    0.438728
-2.24    0.44044
-2.22    0.4422
-2.2    0.444008
-2.18    0.445867
-2.16    0.447776
-2.14    0.449738
-2.12    0.451755
-2.1    0.453826
-2.08    0.455955
-2.06    0.458142
-2.04    0.460389
-2.02    0.462698
-2    0.46507
-1.98    0.467507
-1.96    0.470011
-1.94    0.472584
-1.92    0.475228
-1.9    0.477944
-1.88    0.480735
-1.86    0.483603
-1.84    0.486549
-1.82    0.489577
-1.8    0.492688
-1.78    0.495884
-1.76    0.499168
-1.74    0.502542
-1.72    0.506009
-1.7    0.50957
-1.68    0.513228
-1.66    0.516986
-1.64    0.520846
-1.62    0.52481
-1.6    0.528881
-1.58    0.53306
-1.56    0.537351
-1.54    0.541755
-1.52    0.546275
-1.5    0.550912
-1.48    0.555668
-1.46    0.560545
-1.44    0.565544
-1.42    0.570668
-1.4    0.575916
-1.38    0.58129
-1.36    0.586791
-1.34    0.592419
-1.32    0.598174
-1.3    0.604055
-1.28    0.610062
-1.26    0.616193
-1.24    0.622448
-1.22    0.628823
-1.2    0.635316
-1.18    0.641924
-1.16    0.648644
-1.14    0.65547
-1.12    0.662398
-1.1    0.669421
-1.08    0.676535
-1.06    0.68373
-1.04    0.691
-1.02    0.698337
-1    0.70573
-0.98    0.713171
-0.96    0.720648
-0.94    0.72815
-0.92    0.735667
-0.9    0.743185
-0.88    0.750692
-0.86    0.758176
-0.84    0.765623
-0.82    0.773019
-0.8    0.780352
-0.78    0.787607
-0.76    0.794773
-0.74    0.801835
-0.72    0.808783
-0.7    0.815602
-0.68    0.822284
-0.66    0.828816
-0.64    0.835189
-0.62    0.841395
-0.6    0.847426
-0.58    0.853275
-0.56    0.858936
-0.54    0.864405
-0.52    0.869679
-0.5    0.874754
-0.48    0.879631
-0.46    0.884307
-0.44    0.888785
-0.42    0.893066
-0.4    0.897151
-0.38    0.901044
-0.36    0.90475
-0.34    0.908271
-0.32    0.911614
-0.3    0.914782
-0.28    0.917783
-0.26    0.920621
-0.24    0.923303
-0.22    0.925834
-0.2    0.928222
-0.18    0.930471
-0.16    0.932589
-0.14    0.934581
-0.12    0.936454
-0.1    0.938212
-0.08    0.939863
-0.06    0.94141
-0.04    0.942861
-0.02    0.944218
-1.80342e-14    0.945488
0.02    0.946675
0.04    0.947783
0.06    0.948817
0.08    0.949781
0.1    0.950678
0.12    0.951512
0.14    0.952286
0.16    0.953004
0.18    0.953668
0.2    0.954282
0.22    0.954848
0.24    0.955369
0.26    0.955848
0.28    0.956286
0.3    0.956687
0.32    0.957051
0.34    0.957382
0.36    0.957681
0.38    0.957951
0.4    0.958192
0.42    0.958407
0.44    0.958597
0.46    0.958764
0.48    0.95891
0.5    0.959037
0.52    0.959144
0.54    0.959235
0.56    0.959311
0.58    0.959372
0.6    0.95942
0.62    0.959456
0.64    0.959482
0.66    0.959498
0.68    0.959506
0.7    0.959506
0.72    0.959499
0.74    0.959486
0.76    0.959467
0.78    0.959445
0.8    0.959418
0.82    0.959387
0.84    0.959354
0.86    0.959317
0.88    0.959278
0.9    0.959237
0.92    0.959194
0.94    0.959149
0.96    0.959102
0.98    0.959053
1    0.959003
1.02    0.95895
1.04    0.958896
1.06    0.958839
1.08    0.958781
1.1    0.958721
1.12    0.958658
1.14    0.958594
1.16    0.958527
1.18    0.958458
1.2    0.958386
1.22    0.958312
1.24    0.958236
1.26    0.958157
1.28    0.958076
1.3    0.957993
1.32    0.957908
1.34    0.95782
1.36    0.957731
1.38    0.957639
1.4    0.957546
1.42    0.957452
1.44    0.957355
1.46    0.957258
1.48    0.95716
1.5    0.957061
1.52    0.956961
1.54    0.95686
1.56    0.95676
1.58    0.956659
1.6    0.956558
1.62    0.956458
1.64    0.956358
1.66    0.956258
1.68    0.95616
1.7    0.956062
1.72    0.955965
1.74    0.95587
1.76    0.955776
1.78    0.955683
1.8    0.955592
1.82    0.955502
1.84    0.955415
1.86    0.955329
1.88    0.955245
1.9    0.955163
1.92    0.955083
1.94    0.955005
1.96    0.954929
1.98    0.954855
2    0.954784
2.02    0.954714
2.04    0.954647
2.06    0.954582
2.08    0.954518
2.1    0.954457
2.12    0.954398
2.14    0.954342
2.16    0.954287
2.18    0.954234
2.2    0.954183
2.22    0.954134
2.24    0.954087
2.26    0.954042
2.28    0.953998
2.3    0.953956
2.32    0.953916
2.34    0.953878
2.36    0.953842
2.38    0.953806
2.4    0.953773
2.42    0.953741
2.44    0.95371
2.46    0.953681
2.48    0.953653
2.5    0.953626
2.52    0.953601
2.54    0.953577
2.56    0.953554
2.58    0.953532
2.6    0.953511
2.62    0.953491
2.64    0.953473
2.66    0.953455
2.68    0.953438
2.7    0.953422
2.72    0.953407
2.74    0.953392
2.76    0.953379
2.78    0.953366
2.8    0.953354
2.82    0.953342
2.84    0.953331
2.86    0.953321
2.88    0.953311
2.9    0.953302
2.92    0.953293
2.94    0.953285
2.96    0.953278
2.98    0.953271
3    0.953264
3.02    0.953258
3.04    0.953252
3.06    0.953246
3.08    0.953241
3.1    0.953236
3.12    0.953232
3.14    0.953228
3.16    0.953224
3.18    0.95322
3.2    0.953217
3.22    0.953214
3.24    0.953211
3.26    0.953208
3.28    0.953206
3.3    0.953203
3.32    0.953201
3.34    0.953199
3.36    0.953198
3.38    0.953196
3.4    0.953195
3.42    0.953193
3.44    0.953192
3.46    0.953191
3.48    0.95319
3.5    0.953189
3.52    0.953189
3.54    0.953188
3.56    0.953188
3.58    0.953187
3.6    0.953187
3.62    0.953186
3.64    0.953186
3.66    0.953186
3.68    0.953186
3.7    0.953186
3.72    0.953186
3.74    0.953186
3.76    0.953186
3.78    0.953186
3.8    0.953186
3.82    0.953186
3.84    0.953187
3.86    0.953187
3.88    0.953187
3.9    0.953187
3.92    0.953188
3.94    0.953188
3.96    0.953188
3.98    0.953189
4    0.953189
4.02    0.953189
4.04    0.95319
4.06    0.95319
4.08    0.953191
4.1    0.953191
4.12    0.953191
4.14    0.953192
4.16    0.953192
4.18    0.953192
4.2    0.953193
4.22    0.953193
4.24    0.953194
4.26    0.953194
4.28    0.953194
4.3    0.953195
4.32    0.953195
4.34    0.953195
4.36    0.953196
4.38    0.953196
4.4    0.953196
4.42    0.953197
4.44    0.953197
4.46    0.953197
4.48    0.953197
4.5    0.953198
4.52    0.953198
4.54    0.953198
4.56    0.953198
4.58    0.953199
4.6    0.953199
4.62    0.953199
4.64    0.953199
4.66    0.953199
4.68    0.953199
4.7    0.9532
4.72    0.9532
4.74    0.9532
4.76    0.9532
4.78    0.9532
4.8    0.9532
4.82    0.9532
4.84    0.9532
4.86    0.9532
4.88    0.9532
4.9    0.9532
4.92    0.9532
4.94    0.9532
4.96    0.9532
4.98    0.9532
