-5    0.129192
-4.98    0.129211
-4.96    0.129232
-4.94    0.129253
-4.92    0.129274
-4.9    0.129296
-4.88    0.129319
-4.86    0.129343
-4.84    0.129367
-4.82    0.129392
-4.8    0.129418
-4.78    0.129444
-4.76    0.129472
-4.74    0.1295
-4.72    0.129529
-4.7    0.129559
-4.68    0.12959
-4.66    0.129621
-4.64    0.129654
-4.62    0.129688
-4.6    0.129722
-4.58    0.129758
-4.56    0.129794
-4.54    0.129832
-4.52    0.129871
-4.5    0.129911
-4.48    0.129953
-4.46    0.129995
-4.44    0.130039
-4.42    0.130084
-4.4    0.130131
-4.38    0.130179
-4.36    0.130228
-4.34    0.130279
-4.32    0.130331
-4.3    0.130385
-4.28    0.13044
-4.26    0.130497
-4.24    0.130556
-4.22    0.130617
-4.2    0.130679
-4.18    0.130743
-4.16    0.130809
-4.14    0.130878
-4.12    0.130948
-4.1    0.13102
-4.08    0.131094
-4.06    0.131171
-4.04    0.13125
-4.02    0.131331
-4    0.131414
-3.98    0.1315
-3.96    0.131589
-3.94    0.13168
-3.92    0.131774
-3.9    0.131871
-3.88    0.13197
-3.86    0.132073
-3.84    0.132178
-3.82    0.132287
-3.8    0.132399
-3.78    0.132514
-3.76    0.132633
-3.74    0.132754
-3.72    0.13288
-3.7    0.133009
-3.68    0.133142
-3.66    0.133279
-3.64    0.13342
-3.62    0.133565
-3.6    0.133714
-3.58    0.133868
-3.56    0.134026
-3.54    0.134188
-3.52    0.134356
-3.5    0.134528
-3.48    0.134705
-3.46    0.134887
-3.44    0.135075
-3.42    0.135268
-3.4    0.135466
-3.38    0.13567
-3.36    0.13588
-3.34    0.136096
-3.32    0.136318
-3.3    0.136546
-3.28    0.136781
-3.26    0.137022
-3.24    0.13727
-3.22    0.137525
-3.2    0.137788
-3.18    0.138057
-3.16    0.138334
-3.14    0.138619
-3.12    0.138912
-3.1    0.139212
-3.08    0.139521
-3.06    0.139838
-3.04    0.140164
-3.02    0.140499
-3    0.140843
-2.98    0.141196
-2.96    0.141558
-2.94    0.14193
-2.92    0.142312
-2.9    0.142704
-2.88    0.143106
-2.86    0.143519
-2.84    0.143942
-2.82    0.144376
-2.8    0.144821
-2.78    0.145277
-2.76    0.145745
-2.74    0.146224
-2.72    0.146715
-2.7    0.147218
-2.68    0.147733
-2.66    0.148261
-2.64    0.148801
-2.62    0.149354
-2.6    0.149919
-2.58    0.150498
-2.56    0.15109
-2.54    0.151695
-2.52    0.152313
-2.5    0.152945
-2.48    0.15359
-2.46    0.15425
-2.44    0.154923
-2.42    0.155609
-2.4    0.15631
-2.38    0.157024
-2.36    0.157753
-2.34    0.158495
-2.32    0.159251
-2.3    0.160021
-2.28    0.160805
-2.26    0.161603
-2.24    0.162414
-2.22    0.163238
-2.2    0.164076
-2.18    0.164927
-2.16    0.165792
-2.14    0.166668
-2.12    0.167558
-2.1    0.16846
-2.08    0.169373
-2.06    0.170299
-2.04    0.171236
-2.02    0.172184
-2    0.173142
-1.98    0.174111
-1.96    0.175089
-1.94    0.176077
-1.92    0.177074
-1.9    0.17808
-1.88    0.179093
-1.86    0.180113
-1.84    0.181141
-1.82    0.182175
-1.8    0.183214
-1.78    0.184259
-1.76    0.185308
-1.74    0.186362
-1.72    0.187418
-1.7    0.188478
-1.68    0.189539
-1.66    0.190602
-1.64    0.191666
-1.62    0.19273
-1.6    0.193793
-1.58    0.194856
-1.56    0.195917
-1.54    0.196975
-1.52    0.198031
-1.5    0.199083
-1.48    0.200131
-1.46    0.201175
-1.44    0.202213
-1.42    0.203246
-1.4    0.204272
-1.38    0.205291
-1.36    0.206304
-1.34    0.207308
-1.32    0.208305
-1.3    0.209292
-1.28    0.210271
-1.26    0.21124
-1.24    0.2122
-1.22    0.21315
-1.2    0.214089
-1.18    0.215017
-1.16    0.215935
-1.14    0.216842
-1.12    0.217737
-1.1    0.218621
-1.08    0.219493
-1.06    0.220353
-1.04    0.221201
-1.02    0.222037
-1    0.222862
-0.98    0.223674
-0.96    0.224474
-0.94    0.225261
-0.92    0.226037
-0.9    0.226801
-0.88    0.227552
-0.86    0.228292
-0.84    0.22902
-0.82    0.229736
-0.8    0.230441
-0.78    0.231134
-0.76    0.231816
-0.74    0.232486
-0.72    0.233146
-0.7    0.233795
-0.68    0.234434
-0.66    0.235062
-0.64    0.235681
-0.62    0.236289
-0.6    0.236888
-0.58    0.237478
-0.56    0.238059
-0.54    0.238632
-0.52    0.239195
-0.5    0.239751
-0.48    0.2403
-0.46    0.24084
-0.44    0.241374
-0.42    0.241901
-0.4    0.242422
-0.38    0.242937
-0.36    0.243446
-0.34    0.243949
-0.32    0.244448
-0.3    0.244942
-0.28    0.245432
-0.26    0.245918
-0.24    0.246401
-0.22    0.246881
-0.2    0.247358
-0.18    0.247832
-0.16    0.248305
-0.14    0.248777
-0.12    0.249247
-0.1    0.249717
-0.08    0.250186
-0.06    0.250656
-0.04    0.251126
-0.02    0.251597
-1.80342e-14    0.252069
0.02    0.252543
0.04    0.253019
0.06    0.253498
0.08    0.253979
0.1    0.254464
0.12    0.254952
0.14    0.255444
0.16    0.25594
0.18    0.256441
0.2    0.256947
0.22    0.257459
0.24    0.257976
0.26    0.258498
0.28    0.259027
0.3    0.259562
0.32    0.260103
0.34    0.260651
0.36    0.261206
0.38    0.261768
0.4    0.262337
0.42    0.262913
0.44    0.263496
0.46    0.264087
0.48    0.264684
0.5    0.265288
0.52    0.265899
0.54    0.266517
0.56    0.267141
0.58    0.267772
0.6    0.268408
0.62    0.269049
0.64    0.269696
0.66    0.270347
0.68    0.271002
0.7    0.27166
0.72    0.272322
0.74    0.272985
0.76    0.273649
0.78    0.274315
0.8    0.27498
0.82    0.275644
0.84    0.276306
0.86    0.276965
0.88    0.27762
0.9    0.278271
0.92    0.278915
0.94    0.279554
0.96    0.280184
0.98    0.280806
1    0.281418
1.02    0.282019
1.04    0.282609
1.06    0.283187
1.08    0.283751
1.1    0.284301
1.12    0.284837
1.14    0.285357
1.16    0.28586
1.18    0.286347
1.2    0.286816
1.22    0.287268
1.24    0.287701
1.26    0.288116
1.28    0.288511
1.3    0.288888
1.32    0.289246
1.34    0.289585
1.36    0.289905
1.38    0.290206
1.4    0.290488
1.42    0.290752
1.44    0.290997
1.46    0.291225
1.48    0.291436
1.5    0.291629
1.52    0.291806
1.54    0.291967
1.56    0.292113
1.58    0.292244
1.6    0.292361
1.62    0.292465
1.64    0.292555
1.66    0.292634
1.68    0.2927
1.7    0.292756
1.72    0.292802
1.74    0.292838
1.76    0.292865
1.78    0.292884
1.8    0.292895
1.82    0.292899
1.84    0.292897
1.86    0.292888
1.88    0.292874
1.9    0.292855
1.92    0.292831
1.94    0.292803
1.96    0.292772
1.98    0.292737
2    0.2927
2.02    0.29266
2.04    0.292618
2.06    0.292574
2.08    0.292529
2.1    0.292482
2.12    0.292434
2.14    0.292386
2.16    0.292337
2.18    0.292288
2.2    0.292238
2.22    0.292189
2.24    0.29214
2.26    0.292091
2.28    0.292042
2.3    0.291994
2.32    0.291946
2.34    0.2919
2.36    0.291854
2.38    0.291808
2.4    0.291764
2.42    0.29172
2.44    0.291678
2.46    0.291636
2.48    0.291596
2.5    0.291556
2.52    0.291518
2.54    0.29148
2.56    0.291444
2.58    0.291408
2.6    0.291374
2.62    0.291341
2.64    0.291309
2.66    0.291277
2.68    0.291247
2.7    0.291218
2.72    0.29119
2.74    0.291162
2.76    0.291136
2.78    0.291111
2.8    0.291086
2.82    0.291063
2.84    0.29104
2.86    0.291018
2.88    0.290997
2.9    0.290976
2.92    0.290957
2.94    0.290938
2.96    0.29092
2.98    0.290902
3    0.290886
3.02    0.29087
3.04    0.290854
3.06    0.290839
3.08    0.290825
3.1    0.290811
3.12    0.290798
3.14    0.290786
3.16    0.290774
3.18    0.290762
3.2    0.290751
3.22    0.29074
3.24    0.29073
3.26    0.29072
3.28    0.290711
3.3    0.290702
3.32    0.290693
3.34    0.290685
3.36    0.290677
3.38    0.290669
3.4    0.290662
3.42    0.290655
3.44    0.290648
3.46    0.290642
3.48    0.290636
3.5    0.29063
3.52    0.290624
3.54    0.290619
3.56    0.290614
3.58    0.290609
3.6    0.290604
3.62    0.290599
3.64    0.290595
3.66    0.290591
3.68    0.290587
3.7    0.290583
3.72    0.29058
3.74    0.290576
3.76    0.290573
3.78    0.29057
3.8    0.290567
3.82    0.290564
3.84    0.290561
3.86    0.290558
3.88    0.290556
3.9    0.290553
3.92    0.290551
3.94    0.290549
3.96    0.290547
3.98    0.290545
4    0.290543
4.02    0.290541
4.04    0.290539
4.06    0.290537
4.08    0.290536
4.1    0.290534
4.12    0.290533
4.14    0.290531
4.16    0.29053
4.18    0.290528
4.2    0.290527
4.22    0.290526
4.24    0.290525
4.26    0.290524
4.28    0.290523
4.3    0.290522
4.32    0.290521
4.34    0.29052
4.36    0.290519
4.38    0.290518
4.4    0.290517
4.42    0.290517
4.44    0.290516
4.46    0.290515
4.48    0.290514
4.5    0.290514
4.52    0.290513
4.54    0.290513
4.56    0.290512
4.58    0.290512
4.6    0.290511
4.62    0.290511
4.64    0.29051
4.66    0.29051
4.68    0.290509
4.7    0.290509
4.72    0.290508
4.74    0.290508
4.76    0.290508
4.78    0.290507
4.8    0.290507
4.82    0.290507
4.84    0.290506
4.86    0.290506
4.88    0.290506
4.9    0.290506
4.92    0.290505
4.94    0.290505
4.96    0.290505
4.98    0.290505
