-5    0.00631234
-4.98    0.00631248
-4.96    0.00631263
-4.94    0.00631278
-4.92    0.00631295
-4.9    0.00631312
-4.88    0.0063133
-4.86    0.00631349
-4.84    0.00631369
-4.82    0.00631389
-4.8    0.00631411
-4.78    0.00631434
-4.76    0.00631458
-4.74    0.00631483
-4.72    0.00631509
-4.7    0.00631536
-4.68    0.00631565
-4.66    0.00631596
-4.64    0.00631627
-4.62    0.0063166
-4.6    0.00631695
-4.58    0.00631732
-4.56    0.0063177
-4.54    0.0063181
-4.52    0.00631852
-4.5    0.00631896
-4.48    0.00631943
-4.46    0.00631991
-4.44    0.00632042
-4.42    0.00632095
-4.4    0.00632151
-4.38    0.00632209
-4.36    0.00632271
-4.34    0.00632335
-4.32    0.00632403
-4.3    0.00632473
-4.28    0.00632548
-4.26    0.00632625
-4.24    0.00632707
-4.22    0.00632793
-4.2    0.00632882
-4.18    0.00632976
-4.16    0.00633075
-4.14    0.00633179
-4.12    0.00633287
-4.1    0.00633401
-4.08    0.00633521
-4.06    0.00633646
-4.04    0.00633778
-4.02    0.00633916
-4    0.0063406
-3.98    0.00634212
-3.96    0.00634372
-3.94    0.00634539
-3.92    0.00634714
-3.9    0.00634899
-3.88    0.00635092
-3.86    0.00635295
-3.84    0.00635508
-3.82    0.00635732
-3.8    0.00635967
-3.78    0.00636213
-3.76    0.00636472
-3.74    0.00636745
-3.72    0.0063703
-3.7    0.0063733
-3.68    0.00637646
-3.66    0.00637977
-3.64    0.00638325
-3.62    0.00638691
-3.6    0.00639076
-3.58    0.0063948
-3.56    0.00639906
-3.54    0.00640353
-3.52    0.00640823
-3.5    0.00641318
-3.48    0.00641838
-3.46    0.00642386
-3.44    0.00642963
-3.42    0.0064357
-3.4    0.00644209
-3.38    0.00644882
-3.36    0.0064559
-3.34    0.00646337
-3.32    0.00647125
-3.3    0.00647954
-3.28    0.00648829
-3.26    0.00649752
-3.24    0.00650725
-3.22    0.00651753
-3.2    0.00652837
-3.18    0.00653982
-3.16    0.00655191
-3.14    0.00656469
-3.12    0.00657819
-3.1    0.00659247
-3.08    0.00660757
-3.06    0.00662355
-3.04    0.00664046
-3.02    0.00665836
-3    0.00667733
-2.98    0.00669744
-2.96    0.00671875
-2.94    0.00674135
-2.92    0.00676534
-2.9    0.0067908
-2.88    0.00681785
-2.86    0.00684659
-2.84    0.00687714
-2.82    0.00690964
-2.8    0.00694422
-2.78    0.00698105
-2.76    0.00702028
-2.74    0.0070621
-2.72    0.00710669
-2.7    0.00715428
-2.68    0.00720509
-2.66    0.00725937
-2.64    0.00731738
-2.62    0.00737943
-2.6    0.00744582
-2.58    0.00751691
-2.56    0.00759307
-2.54    0.00767472
-2.52    0.00776228
-2.5    0.00785626
-2.48    0.00795718
-2.46    0.00806561
-2.44    0.00818218
-2.42    0.00830756
-2.4    0.0084425
-2.38    0.0085878
-2.36    0.00874435
-2.34    0.00891309
-2.32    0.00909508
-2.3    0.00929143
-2.28    0.00950339
-2.26    0.00973228
-2.24    0.00997957
-2.22    0.0102468
-2.2    0.0105358
-2.18    0.0108482
-2.16    0.0111863
-2.14    0.011552
-2.12    0.0119477
-2.1    0.0123761
-2.08    0.0128396
-2.06    0.0133414
-2.04    0.0138844
-2.02    0.014472
-2    0.0151076
-1.98    0.015795
-1.96    0.0165381
-1.94    0.0173411
-1.92    0.018208
-1.9    0.0191435
-1.88    0.0201521
-1.86    0.0212384
-1.84    0.0224072
-1.82    0.0236633
-1.8    0.0250115
-1.78    0.0264563
-1.76    0.0280024
-1.74    0.029654
-1.72    0.0314152
-1.7    0.0332896
-1.68    0.0352805
-1.66    0.0373907
-1.64    0.0396222
-1.62    0.0419765
-1.6    0.0444545
-1.58    0.047056
-1.56    0.0497803
-1.54    0.0526257
-1.52    0.0555896
-1.5    0.0586685
-1.48    0.0618582
-1.46    0.0651535
-1.44    0.0685484
-1.42    0.0720363
-1.4    0.0756097
-1.38    0.0792606
-1.36    0.0829805
-1.34    0.0867604
-1.32    0.090591
-1.3    0.0944628
-1.28    0.0983661
-1.26    0.102291
-1.24    0.106228
-1.22    0.110168
-1.2    0.114101
-1.18    0.118018
-1.16    0.121911
-1.14    0.125771
-1.12    0.12959
-1.1    0.133362
-1.08    0.137078
-1.06    0.140734
-1.04    0.144322
-1.02    0.147839
-1    0.151278
-0.98    0.154636
-0.96    0.15791
-0.94    0.161096
-0.92    0.164191
-0.9    0.167193
-0.88    0.1701
-0.86    0.172911
-0.84    0.175625
-0.82    0.178242
-0.8    0.18076
-0.78    0.183179
-0.76    0.1855
-0.74    0.187723
-0.72    0.189849
-0.7    0.191879
-0.68    0.193813
-0.66    0.195652
-0.64    0.197398
-0.62    0.199052
-0.6    0.200615
-0.58    0.20209
-0.56    0.203476
-0.54    0.204777
-0.52    0.205993
-0.5    0.207126
-0.48    0.208177
-0.46    0.209149
-0.44    0.210043
-0.42    0.210861
-0.4    0.211603
-0.38    0.212272
-0.36    0.212869
-0.34    0.213396
-0.32    0.213854
-0.3    0.214244
-0.28    0.214568
-0.26    0.214826
-0.24    0.215022
-0.22    0.215155
-0.2    0.215226
-0.18    0.215237
-0.16    0.21519
-0.14    0.215084
-0.12    0.214921
-0.1    0.214702
-0.08    0.214428
-0.06    0.214099
-0.04    0.213717
-0.02    0.213281
-1.80342e-14    0.212794
0.02    0.212255
0.04    0.211665
0.06    0.211025
0.08    0.210335
0.1    0.209596
0.12    0.208808
0.14    0.207972
0.16    0.207089
0.18    0.206158
0.2    0.20518
0.22    0.204156
0.24    0.203086
0.26    0.20197
0.28    0.200808
0.3    0.199602
0.32    0.198351
0.34    0.197055
0.36    0.195715
0.38    0.194332
0.4    0.192906
0.42    0.191436
0.44    0.189924
0.46    0.18837
0.48    0.186773
0.5    0.185136
0.52    0.183457
0.54    0.181739
0.56    0.17998
0.58    0.178182
0.6    0.176345
0.62    0.174469
0.64    0.172557
0.66    0.170607
0.68    0.168622
0.7    0.166601
0.72    0.164545
0.74    0.162457
0.76    0.160335
0.78    0.158182
0.8    0.155999
0.82    0.153786
0.84    0.151545
0.86    0.149278
0.88    0.146985
0.9    0.144668
0.92    0.142328
0.94    0.139967
0.96    0.137587
0.98    0.135189
1    0.132775
1.02    0.130346
1.04    0.127905
1.06    0.125454
1.08    0.122994
1.1    0.120527
1.12    0.118055
1.14    0.115582
1.16    0.113107
1.18    0.110635
1.2    0.108166
1.22    0.105703
1.24    0.103249
1.26    0.100804
1.28    0.0983729
1.3    0.0959562
1.32    0.0935563
1.34    0.0911754
1.36    0.0888156
1.38    0.086479
1.4    0.0841675
1.42    0.081883
1.44    0.0796274
1.46    0.0774025
1.48    0.07521
1.5    0.0730516
1.52    0.0709287
1.54    0.0688429
1.56    0.0667953
1.58    0.0647874
1.6    0.0628202
1.62    0.0608946
1.64    0.0590117
1.66    0.0571722
1.68    0.0553767
1.7    0.0536259
1.72    0.0519201
1.74    0.0502597
1.76    0.0486448
1.78    0.0470756
1.8    0.0455522
1.82    0.0440743
1.84    0.0426418
1.86    0.0412543
1.88    0.0399116
1.9    0.0386131
1.92    0.0373582
1.94    0.0361465
1.96    0.0349771
1.98    0.0338494
2    0.0327626
2.02    0.0317157
2.04    0.030708
2.06    0.0297385
2.08    0.0288062
2.1    0.0279102
2.12    0.0270495
2.14    0.026223
2.16    0.0254298
2.18    0.0246688
2.2    0.023939
2.22    0.0232393
2.24    0.0225687
2.26    0.0219263
2.28    0.0213109
2.3    0.0207217
2.32    0.0201576
2.34    0.0196176
2.36    0.0191009
2.38    0.0186065
2.4    0.0181335
2.42    0.0176811
2.44    0.0172484
2.46    0.0168345
2.48    0.0164388
2.5    0.0160604
2.52    0.0156985
2.54    0.0153525
2.56    0.0150216
2.58    0.0147053
2.6    0.0144028
2.62    0.0141135
2.64    0.0138369
2.66    0.0135723
2.68    0.0133193
2.7    0.0130773
2.72    0.0128457
2.74    0.0126243
2.76    0.0124123
2.78    0.0122096
2.8    0.0120155
2.82    0.0118297
2.84    0.0116519
2.86    0.0114817
2.88    0.0113187
2.9    0.0111625
2.92    0.011013
2.94    0.0108697
2.96    0.0107324
2.98    0.0106009
3    0.0104748
3.02    0.0103539
3.04    0.0102379
3.06    0.0101268
3.08    0.0100201
3.1    0.00991782
3.12    0.00981965
3.14    0.00972543
3.16    0.00963498
3.18    0.00954813
3.2    0.00946474
3.22    0.00938464
3.24    0.00930769
3.26    0.00923375
3.28    0.00916269
3.3    0.00909439
3.32    0.00902872
3.34    0.00896557
3.36    0.00890484
3.38    0.00884642
3.4    0.00879022
3.42    0.00873613
3.44    0.00868407
3.46    0.00863395
3.48    0.0085857
3.5    0.00853923
3.52    0.00849447
3.54    0.00845135
3.56    0.00840981
3.58    0.00836978
3.6    0.00833119
3.62    0.00829399
3.64    0.00825813
3.66    0.00822355
3.68    0.00819019
3.7    0.00815802
3.72    0.00812698
3.74    0.00809702
3.76    0.00806812
3.78    0.00804022
3.8    0.00801328
3.82    0.00798728
3.84    0.00796217
3.86    0.00793792
3.88    0.0079145
3.9    0.00789187
3.92    0.00787001
3.94    0.00784888
3.96    0.00782847
3.98    0.00780874
4    0.00778966
4.02    0.00777122
4.04    0.0077534
4.06    0.00773616
4.08    0.00771948
4.1    0.00770336
4.12    0.00768776
4.14    0.00767267
4.16    0.00765807
4.18    0.00764395
4.2    0.00763027
4.22    0.00761704
4.24    0.00760424
4.26    0.00759184
4.28    0.00757984
4.3    0.00756823
4.32    0.00755698
4.34    0.00754609
4.36    0.00753554
4.38    0.00752532
4.4    0.00751543
4.42    0.00750584
4.44    0.00749656
4.46    0.00748756
4.48    0.00747885
4.5    0.0074704
4.52    0.00746222
4.54    0.00745429
4.56    0.00744661
4.58    0.00743916
4.6    0.00743194
4.62    0.00742494
4.64    0.00741816
4.66    0.00741158
4.68    0.00740521
4.7    0.00739903
4.72    0.00739304
4.74    0.00738723
4.76    0.00738159
4.78    0.00737613
4.8    0.00737083
4.82    0.00736569
4.84    0.0073607
4.86    0.00735587
4.88    0.00735118
4.9    0.00734663
4.92    0.00734222
4.94    0.00733794
4.96    0.00733379
4.98    0.00732976
