-5    0.179012
-4.98    0.178993
-4.96    0.178973
-4.94    0.178953
-4.92    0.178932
-4.9    0.178911
-4.88    0.178889
-4.86    0.178867
-4.84    0.178844
-4.82    0.178821
-4.8    0.178798
-4.78    0.178774
-4.76    0.178749
-4.74    0.178724
-4.72    0.178699
-4.7    0.178673
-4.68    0.178646
-4.66    0.178619
-4.64    0.178591
-4.62    0.178563
-4.6    0.178534
-4.58    0.178505
-4.56    0.178474
-4.54    0.178444
-4.52    0.178412
-4.5    0.17838
-4.48    0.178347
-4.46    0.178314
-4.44    0.17828
-4.42    0.178245
-4.4    0.178209
-4.38    0.178173
-4.36    0.178136
-4.34    0.178098
-4.32    0.178059
-4.3    0.17802
-4.28    0.177979
-4.26    0.177938
-4.24    0.177896
-4.22    0.177853
-4.2    0.177809
-4.18    0.177764
-4.16    0.177719
-4.14    0.177672
-4.12    0.177624
-4.1    0.177575
-4.08    0.177526
-4.06    0.177475
-4.04    0.177423
-4.02    0.17737
-4    0.177316
-3.98    0.177261
-3.96    0.177205
-3.94    0.177147
-3.92    0.177088
-3.9    0.177028
-3.88    0.176967
-3.86    0.176904
-3.84    0.17684
-3.82    0.176775
-3.8    0.176708
-3.78    0.17664
-3.76    0.176571
-3.74    0.1765
-3.72    0.176427
-3.7    0.176353
-3.68    0.176277
-3.66    0.1762
-3.64    0.176121
-3.62    0.176041
-3.6    0.175958
-3.58    0.175874
-3.56    0.175788
-3.54    0.175701
-3.52    0.175611
-3.5    0.175519
-3.48    0.175426
-3.46    0.17533
-3.44    0.175233
-3.42    0.175133
-3.4    0.175031
-3.38    0.174927
-3.36    0.174821
-3.34    0.174713
-3.32    0.174602
-3.3    0.174489
-3.28    0.174373
-3.26    0.174255
-3.24    0.174134
-3.22    0.174011
-3.2    0.173884
-3.18    0.173756
-3.16    0.173624
-3.14    0.17349
-3.12    0.173352
-3.1    0.173212
-3.08    0.173068
-3.06    0.172921
-3.04    0.172772
-3.02    0.172618
-3    0.172462
-2.98    0.172302
-2.96    0.172139
-2.94    0.171971
-2.92    0.171801
-2.9    0.171626
-2.88    0.171448
-2.86    0.171265
-2.84    0.171079
-2.82    0.170888
-2.8    0.170694
-2.78    0.170495
-2.76    0.170291
-2.74    0.170083
-2.72    0.16987
-2.7    0.169653
-2.68    0.16943
-2.66    0.169203
-2.64    0.16897
-2.62    0.168733
-2.6    0.16849
-2.58    0.168241
-2.56    0.167987
-2.54    0.167727
-2.52    0.167462
-2.5    0.16719
-2.48    0.166912
-2.46    0.166628
-2.44    0.166338
-2.42    0.16604
-2.4    0.165737
-2.38    0.165426
-2.36    0.165108
-2.34    0.164783
-2.32    0.164451
-2.3    0.164111
-2.28    0.163764
-2.26    0.163408
-2.24    0.163045
-2.22    0.162674
-2.2    0.162294
-2.18    0.161905
-2.16    0.161508
-2.14    0.161102
-2.12    0.160687
-2.1    0.160263
-2.08    0.159829
-2.06    0.159386
-2.04    0.158933
-2.02    0.15847
-2    0.157996
-1.98    0.157513
-1.96    0.157019
-1.94    0.156515
-1.92    0.155999
-1.9    0.155473
-1.88    0.154936
-1.86    0.154387
-1.84    0.153827
-1.82    0.153256
-1.8    0.152673
-1.78    0.152079
-1.76    0.151473
-1.74    0.150854
-1.72    0.150224
-1.7    0.149583
-1.68    0.148929
-1.66    0.148263
-1.64    0.147585
-1.62    0.146896
-1.6    0.146194
-1.58    0.145481
-1.56    0.144756
-1.54    0.14402
-1.52    0.143272
-1.5    0.142514
-1.48    0.141744
-1.46    0.140964
-1.44    0.140174
-1.42    0.139374
-1.4    0.138564
-1.38    0.137745
-1.36    0.136917
-1.34    0.136082
-1.32    0.135238
-1.3    0.134388
-1.28    0.133531
-1.26    0.132669
-1.24    0.131801
-1.22    0.130929
-1.2    0.130054
-1.18    0.129176
-1.16    0.128296
-1.14    0.127415
-1.12    0.126534
-1.1    0.125654
-1.08    0.124776
-1.06    0.1239
-1.04    0.123028
-1.02    0.122161
-1    0.1213
-0.98    0.120445
-0.96    0.119598
-0.94    0.11876
-0.92    0.117932
-0.9    0.117114
-0.88    0.116309
-0.86    0.115515
-0.84    0.114736
-0.82    0.113971
-0.8    0.113221
-0.78    0.112487
-0.76    0.111769
-0.74    0.11107
-0.72    0.110388
-0.7    0.109725
-0.68    0.109082
-0.66    0.108458
-0.64    0.107854
-0.62    0.10727
-0.6    0.106708
-0.58    0.106166
-0.56    0.105645
-0.54    0.105146
-0.52    0.104668
-0.5    0.104211
-0.48    0.103775
-0.46    0.10336
-0.44    0.102966
-0.42    0.102592
-0.4    0.102237
-0.38    0.101903
-0.36    0.101587
-0.34    0.101291
-0.32    0.101012
-0.3    0.10075
-0.28    0.100504
-0.26    0.100275
-0.24    0.100061
-0.22    0.0998602
-0.2    0.0996731
-0.18    0.0994982
-0.16    0.0993347
-0.14    0.0991815
-0.12    0.0990375
-0.1    0.0989018
-0.08    0.0987733
-0.06    0.0986508
-0.04    0.0985333
-0.02    0.0984196
-1.80342e-14    0.0983087
0.02    0.0981994
0.04    0.0980908
0.06    0.0979817
0.08    0.0978712
0.1    0.0977582
0.12    0.0976419
0.14    0.0975214
0.16    0.0973958
0.18    0.0972644
0.2    0.0971265
0.22    0.0969816
0.24    0.0968292
0.26    0.0966689
0.28    0.0965004
0.3    0.0963235
0.32    0.0961381
0.34    0.0959443
0.36    0.0957422
0.38    0.0955322
0.4    0.0953145
0.42    0.0950897
0.44    0.0948585
0.46    0.0946214
0.48    0.0943794
0.5    0.0941333
0.52    0.0938841
0.54    0.0936329
0.56    0.0933808
0.58    0.0931289
0.6    0.0928786
0.62    0.0926309
0.64    0.0923873
0.66    0.0921488
0.68    0.0919168
0.7    0.0916924
0.72    0.0914769
0.74    0.0912712
0.76    0.0910766
0.78    0.0908939
0.8    0.0907241
0.82    0.0905679
0.84    0.0904261
0.86    0.0902993
0.88    0.0901881
0.9    0.0900927
0.92    0.0900135
0.94    0.0899508
0.96    0.0899046
0.98    0.0898749
1    0.0898616
1.02    0.0898646
1.04    0.0898836
1.06    0.0899182
1.08    0.0899681
1.1    0.0900328
1.12    0.0901117
1.14    0.0902043
1.16    0.0903099
1.18    0.0904281
1.2    0.090558
1.22    0.090699
1.24    0.0908504
1.26    0.0910115
1.28    0.0911816
1.3    0.0913601
1.32    0.0915462
1.34    0.0917393
1.36    0.0919388
1.38    0.0921439
1.4    0.0923541
1.42    0.0925688
1.44    0.0927875
1.46    0.0930096
1.48    0.0932346
1.5    0.093462
1.52    0.0936915
1.54    0.0939225
1.56    0.0941547
1.58    0.0943876
1.6    0.0946211
1.62    0.0948547
1.64    0.0950882
1.66    0.0953214
1.68    0.0955538
1.7    0.0957855
1.72    0.096016
1.74    0.0962453
1.76    0.0964732
1.78    0.0966996
1.8    0.0969243
1.82    0.0971471
1.84    0.0973681
1.86    0.097587
1.88    0.0978039
1.9    0.0980186
1.92    0.0982311
1.94    0.0984413
1.96    0.0986492
1.98    0.0988548
2    0.0990579
2.02    0.0992587
2.04    0.099457
2.06    0.0996529
2.08    0.0998463
2.1    0.100037
2.12    0.100226
2.14    0.100412
2.16    0.100595
2.18    0.100777
2.2    0.100955
2.22    0.101131
2.24    0.101305
2.26    0.101477
2.28    0.101646
2.3    0.101812
2.32    0.101977
2.34    0.102138
2.36    0.102298
2.38    0.102455
2.4    0.10261
2.42    0.102763
2.44    0.102913
2.46    0.103062
2.48    0.103208
2.5    0.103352
2.52    0.103493
2.54    0.103633
2.56    0.10377
2.58    0.103906
2.6    0.104039
2.62    0.10417
2.64    0.1043
2.66    0.104427
2.68    0.104552
2.7    0.104675
2.72    0.104797
2.74    0.104916
2.76    0.105034
2.78    0.105149
2.8    0.105263
2.82    0.105375
2.84    0.105486
2.86    0.105594
2.88    0.105701
2.9    0.105806
2.92    0.105909
2.94    0.106011
2.96    0.10611
2.98    0.106209
3    0.106305
3.02    0.1064
3.04    0.106494
3.06    0.106586
3.08    0.106676
3.1    0.106765
3.12    0.106852
3.14    0.106938
3.16    0.107023
3.18    0.107106
3.2    0.107187
3.22    0.107267
3.24    0.107346
3.26    0.107424
3.28    0.1075
3.3    0.107574
3.32    0.107648
3.34    0.10772
3.36    0.107791
3.38    0.107861
3.4    0.107929
3.42    0.107996
3.44    0.108062
3.46    0.108127
3.48    0.108191
3.5    0.108254
3.52    0.108315
3.54    0.108375
3.56    0.108435
3.58    0.108493
3.6    0.10855
3.62    0.108606
3.64    0.108661
3.66    0.108716
3.68    0.108769
3.7    0.108821
3.72    0.108872
3.74    0.108922
3.76    0.108972
3.78    0.10902
3.8    0.109068
3.82    0.109114
3.84    0.10916
3.86    0.109205
3.88    0.109249
3.9    0.109292
3.92    0.109335
3.94    0.109377
3.96    0.109417
3.98    0.109458
4    0.109497
4.02    0.109536
4.04    0.109574
4.06    0.109611
4.08    0.109647
4.1    0.109683
4.12    0.109718
4.14    0.109753
4.16    0.109786
4.18    0.109819
4.2    0.109852
4.22    0.109884
4.24    0.109915
4.26    0.109946
4.28    0.109976
4.3    0.110005
4.32    0.110034
4.34    0.110063
4.36    0.110091
4.38    0.110118
4.4    0.110145
4.42    0.110171
4.44    0.110197
4.46    0.110222
4.48    0.110247
4.5    0.110271
4.52    0.110295
4.54    0.110318
4.56    0.110341
4.58    0.110363
4.6    0.110385
4.62    0.110407
4.64    0.110428
4.66    0.110449
4.68    0.110469
4.7    0.110489
4.72    0.110509
4.74    0.110528
4.76    0.110547
4.78    0.110565
4.8    0.110583
4.82    0.110601
4.84    0.110618
4.86    0.110635
4.88    0.110652
4.9    0.110668
4.92    0.110684
4.94    0.1107
4.96    0.110715
4.98    0.11073
