-7.5    0.129322
-7.47    0.129318
-7.44    0.129314
-7.41    0.12931
-7.38    0.129306
-7.35    0.129302
-7.32    0.129299
-7.29    0.129295
-7.26    0.129291
-7.23    0.129287
-7.2    0.129284
-7.17    0.12928
-7.14    0.129277
-7.11    0.129273
-7.08    0.12927
-7.05    0.129267
-7.02    0.129263
-6.99    0.12926
-6.96    0.129257
-6.93    0.129254
-6.9    0.129251
-6.87    0.129249
-6.84    0.129246
-6.81    0.129244
-6.78    0.129241
-6.75    0.129239
-6.72    0.129237
-6.69    0.129236
-6.66    0.129234
-6.63    0.129232
-6.6    0.129231
-6.57    0.12923
-6.54    0.129229
-6.51    0.129229
-6.48    0.129228
-6.45    0.129228
-6.42    0.129228
-6.39    0.129229
-6.36    0.12923
-6.33    0.129231
-6.3    0.129232
-6.27    0.129234
-6.24    0.129236
-6.21    0.129238
-6.18    0.129241
-6.15    0.129244
-6.12    0.129248
-6.09    0.129252
-6.06    0.129257
-6.03    0.129262
-6    0.129268
-5.97    0.129274
-5.94    0.12928
-5.91    0.129288
-5.88    0.129296
-5.85    0.129304
-5.82    0.129314
-5.79    0.129323
-5.76    0.129334
-5.73    0.129346
-5.7    0.129358
-5.67    0.129371
-5.64    0.129385
-5.61    0.129399
-5.58    0.129415
-5.55    0.129432
-5.52    0.129449
-5.49    0.129468
-5.46    0.129488
-5.43    0.129509
-5.4    0.129531
-5.37    0.129554
-5.34    0.129579
-5.31    0.129605
-5.28    0.129632
-5.25    0.129661
-5.22    0.129691
-5.19    0.129723
-5.16    0.129756
-5.13    0.129791
-5.1    0.129828
-5.07    0.129866
-5.04    0.129907
-5.01    0.129949
-4.98    0.129993
-4.95    0.13004
-4.92    0.130088
-4.89    0.130139
-4.86    0.130192
-4.83    0.130248
-4.8    0.130306
-4.77    0.130366
-4.74    0.13043
-4.71    0.130496
-4.68    0.130565
-4.65    0.130637
-4.62    0.130712
-4.59    0.13079
-4.56    0.130872
-4.53    0.130957
-4.5    0.131045
-4.47    0.131138
-4.44    0.131234
-4.41    0.131334
-4.38    0.131438
-4.35    0.131546
-4.32    0.131659
-4.29    0.131777
-4.26    0.131899
-4.23    0.132026
-4.2    0.132158
-4.17    0.132295
-4.14    0.132437
-4.11    0.132586
-4.08    0.13274
-4.05    0.132899
-4.02    0.133065
-3.99    0.133238
-3.96    0.133417
-3.93    0.133602
-3.9    0.133795
-3.87    0.133995
-3.84    0.134202
-3.81    0.134417
-3.78    0.13464
-3.75    0.134872
-3.72    0.135111
-3.69    0.13536
-3.66    0.135617
-3.63    0.135884
-3.6    0.13616
-3.57    0.136446
-3.54    0.136742
-3.51    0.137049
-3.48    0.137367
-3.45    0.137695
-3.42    0.138035
-3.39    0.138387
-3.36    0.138751
-3.33    0.139127
-3.3    0.139517
-3.27    0.139919
-3.24    0.140335
-3.21    0.140764
-3.18    0.141208
-3.15    0.141667
-3.12    0.14214
-3.09    0.142629
-3.06    0.143133
-3.03    0.143654
-3    0.144191
-2.97    0.144745
-2.94    0.145317
-2.91    0.145906
-2.88    0.146513
-2.85    0.147138
-2.82    0.147782
-2.79    0.148445
-2.76    0.149128
-2.73    0.149831
-2.7    0.150554
-2.67    0.151297
-2.64    0.152061
-2.61    0.152846
-2.58    0.153652
-2.55    0.15448
-2.52    0.15533
-2.49    0.156202
-2.46    0.157096
-2.43    0.158012
-2.4    0.158951
-2.37    0.159912
-2.34    0.160896
-2.31    0.161902
-2.28    0.16293
-2.25    0.163981
-2.22    0.165054
-2.19    0.166149
-2.16    0.167265
-2.13    0.168402
-2.1    0.169561
-2.07    0.170739
-2.04    0.171938
-2.01    0.173155
-1.98    0.174391
-1.95    0.175645
-1.92    0.176915
-1.89    0.178201
-1.86    0.179503
-1.83    0.180818
-1.8    0.182145
-1.77    0.183484
-1.74    0.184833
-1.71    0.186191
-1.68    0.187556
-1.65    0.188927
-1.62    0.190302
-1.59    0.191679
-1.56    0.193058
-1.53    0.194436
-1.5    0.195812
-1.47    0.197183
-1.44    0.198549
-1.41    0.199908
-1.38    0.201258
-1.35    0.202597
-1.32    0.203924
-1.29    0.205237
-1.26    0.206535
-1.23    0.207817
-1.2    0.209081
-1.17    0.210326
-1.14    0.211552
-1.11    0.212756
-1.08    0.213939
-1.05    0.215099
-1.02    0.216236
-0.99    0.21735
-0.96    0.218441
-0.93    0.219507
-0.9    0.220549
-0.87    0.221567
-0.84    0.222561
-0.81    0.22353
-0.78    0.224476
-0.75    0.225398
-0.72    0.226297
-0.69    0.227173
-0.66    0.228025
-0.63    0.228854
-0.6    0.22966
-0.57    0.230444
-0.54    0.231204
-0.51    0.23194
-0.48    0.232653
-0.45    0.233341
-0.42    0.234004
-0.39    0.23464
-0.36    0.235248
-0.33    0.235827
-0.3    0.236376
-0.27    0.236891
-0.24    0.237371
-0.21    0.237813
-0.18    0.238215
-0.15    0.238574
-0.12    0.238885
-0.09    0.239147
-0.06    0.239354
-0.03    0.239503
1.72917e-14    0.23959
0.03    0.239611
0.06    0.23956
0.09    0.239434
0.12    0.239228
0.15    0.238936
0.18    0.238554
0.21    0.238078
0.24    0.237503
0.27    0.236823
0.3    0.236034
0.33    0.235133
0.36    0.234114
0.39    0.232975
0.42    0.231712
0.45    0.230321
0.48    0.2288
0.51    0.227146
0.54    0.22536
0.57    0.223438
0.6    0.221381
0.63    0.219189
0.66    0.216864
0.69    0.214406
0.72    0.211818
0.75    0.209104
0.78    0.206267
0.81    0.203313
0.84    0.200246
0.87    0.197073
0.9    0.193801
0.93    0.190438
0.96    0.186991
0.99    0.18347
1.02    0.179884
1.05    0.176242
1.08    0.172554
1.11    0.16883
1.14    0.165081
1.17    0.161317
1.2    0.157548
1.23    0.153784
1.26    0.150035
1.29    0.146311
1.32    0.14262
1.35    0.138971
1.38    0.135373
1.41    0.131831
1.44    0.128355
1.47    0.124949
1.5    0.121619
1.53    0.11837
1.56    0.115206
1.59    0.112131
1.62    0.109147
1.65    0.106257
1.68    0.103461
1.71    0.100762
1.74    0.0981587
1.77    0.0956521
1.8    0.0932416
1.83    0.0909261
1.86    0.0887046
1.89    0.0865754
1.92    0.0845367
1.95    0.0825866
1.98    0.0807228
2.01    0.0789429
2.04    0.0772444
2.07    0.0756247
2.1    0.0740812
2.13    0.0726112
2.16    0.0712118
2.19    0.0698805
2.22    0.0686145
2.25    0.067411
2.28    0.0662675
2.31    0.0651814
2.34    0.0641501
2.37    0.0631712
2.4    0.0622422
2.43    0.061361
2.46    0.0605251
2.49    0.0597324
2.52    0.058981
2.55    0.0582687
2.58    0.0575937
2.61    0.056954
2.64    0.0563481
2.67    0.055774
2.7    0.0552304
2.73    0.0547156
2.76    0.0542282
2.79    0.0537667
2.82    0.0533299
2.85    0.0529164
2.88    0.0525252
2.91    0.0521549
2.94    0.0518047
2.97    0.0514733
3    0.0511599
3.03    0.0508634
3.06    0.0505831
3.09    0.0503181
3.12    0.0500675
3.15    0.0498306
3.18    0.0496067
3.21    0.0493952
3.24    0.0491953
3.27    0.0490064
3.3    0.048828
3.33    0.0486596
3.36    0.0485005
3.39    0.0483502
3.42    0.0482084
3.45    0.0480746
3.48    0.0479482
3.51    0.047829
3.54    0.0477166
3.57    0.0476105
3.6    0.0475105
3.63    0.0474162
3.66    0.0473273
3.69    0.0472434
3.72    0.0471644
3.75    0.04709
3.78    0.0470199
3.81    0.0469538
3.84    0.0468916
3.87    0.046833
3.9    0.0467778
3.93    0.0467259
3.96    0.046677
3.99    0.0466311
4.02    0.0465878
4.05    0.0465471
4.08    0.0465088
4.11    0.0464728
4.14    0.0464389
4.17    0.046407
4.2    0.0463771
4.23    0.0463489
4.26    0.0463224
4.29    0.0462976
4.32    0.0462742
4.35    0.0462522
4.38    0.0462315
4.41    0.046212
4.44    0.0461937
4.47    0.0461765
4.5    0.0461604
4.53    0.0461452
4.56    0.0461308
4.59    0.0461174
4.62    0.0461047
4.65    0.0460927
4.68    0.0460815
4.71    0.0460709
4.74    0.0460609
4.77    0.0460514
4.8    0.0460425
4.83    0.0460341
4.86    0.0460261
4.89    0.0460186
4.92    0.0460114
4.95    0.0460046
4.98    0.0459982
5.01    0.0459921
5.04    0.0459863
5.07    0.0459807
5.1    0.0459754
5.13    0.0459703
5.16    0.0459655
5.19    0.0459609
5.22    0.0459564
5.25    0.0459521
5.28    0.045948
5.31    0.045944
5.34    0.0459401
5.37    0.0459364
5.4    0.0459328
5.43    0.0459293
5.46    0.0459258
5.49    0.0459225
5.52    0.0459192
5.55    0.045916
5.58    0.0459129
5.61    0.0459098
5.64    0.0459068
5.67    0.0459038
5.7    0.0459009
5.73    0.045898
5.76    0.0458951
5.79    0.0458923
5.82    0.0458895
5.85    0.0458867
5.88    0.0458839
5.91    0.0458811
5.94    0.0458784
5.97    0.0458757
6    0.045873
6.03    0.0458703
6.06    0.0458676
6.09    0.0458649
6.12    0.0458622
6.15    0.0458595
6.18    0.0458569
6.21    0.0458542
6.24    0.0458515
6.27    0.0458488
6.3    0.0458462
6.33    0.0458435
6.36    0.0458409
6.39    0.0458382
6.42    0.0458355
6.45    0.0458329
6.48    0.0458302
6.51    0.0458275
6.54    0.0458249
6.57    0.0458222
6.6    0.0458196
6.63    0.0458169
6.66    0.0458143
6.69    0.0458116
6.72    0.0458089
6.75    0.0458063
6.78    0.0458037
6.81    0.045801
6.84    0.0457984
6.87    0.0457957
6.9    0.0457931
6.93    0.0457905
6.96    0.0457879
6.99    0.0457852
7.02    0.0457826
7.05    0.04578
7.08    0.0457774
7.11    0.0457749
7.14    0.0457723
7.17    0.0457697
7.2    0.0457671
7.23    0.0457646
7.26    0.045762
7.29    0.0457595
7.32    0.045757
7.35    0.0457545
7.38    0.045752
7.41    0.0457495
7.44    0.045747
7.47    0.0457446
