-7.5    0.00823165
-7.47    0.00819713
-7.44    0.00816278
-7.41    0.00812862
-7.38    0.00809463
-7.35    0.00806082
-7.32    0.00802719
-7.29    0.00799374
-7.26    0.00796047
-7.23    0.00792738
-7.2    0.00789446
-7.17    0.00786173
-7.14    0.00782917
-7.11    0.00779679
-7.08    0.00776459
-7.05    0.00773256
-7.02    0.00770072
-6.99    0.00766905
-6.96    0.00763756
-6.93    0.00760625
-6.9    0.00757512
-6.87    0.00754416
-6.84    0.00751339
-6.81    0.00748279
-6.78    0.00745236
-6.75    0.00742212
-6.72    0.00739205
-6.69    0.00736216
-6.66    0.00733245
-6.63    0.00730292
-6.6    0.00727356
-6.57    0.00724438
-6.54    0.00721538
-6.51    0.00718655
-6.48    0.0071579
-6.45    0.00712943
-6.42    0.00710114
-6.39    0.00707302
-6.36    0.00704508
-6.33    0.00701732
-6.3    0.00698974
-6.27    0.00696233
-6.24    0.00693509
-6.21    0.00690803
-6.18    0.00688115
-6.15    0.00685445
-6.12    0.00682792
-6.09    0.00680157
-6.06    0.00677539
-6.03    0.00674938
-6    0.00672355
-5.97    0.0066979
-5.94    0.00667242
-5.91    0.00664711
-5.88    0.00662197
-5.85    0.00659701
-5.82    0.00657222
-5.79    0.0065476
-5.76    0.00652316
-5.73    0.00649888
-5.7    0.00647477
-5.67    0.00645083
-5.64    0.00642706
-5.61    0.00640345
-5.58    0.00638002
-5.55    0.00635674
-5.52    0.00633363
-5.49    0.00631069
-5.46    0.0062879
-5.43    0.00626528
-5.4    0.00624281
-5.37    0.00622051
-5.34    0.00619835
-5.31    0.00617636
-5.28    0.00615451
-5.25    0.00613282
-5.22    0.00611127
-5.19    0.00608987
-5.16    0.00606861
-5.13    0.0060475
-5.1    0.00602652
-5.07    0.00600568
-5.04    0.00598498
-5.01    0.0059644
-4.98    0.00594396
-4.95    0.00592363
-4.92    0.00590343
-4.89    0.00588335
-4.86    0.00586338
-4.83    0.00584352
-4.8    0.00582376
-4.77    0.00580411
-4.74    0.00578455
-4.71    0.00576508
-4.68    0.0057457
-4.65    0.00572641
-4.62    0.00570719
-4.59    0.00568804
-4.56    0.00566895
-4.53    0.00564992
-4.5    0.00563095
-4.47    0.00561202
-4.44    0.00559314
-4.41    0.00557428
-4.38    0.00555545
-4.35    0.00553664
-4.32    0.00551785
-4.29    0.00549905
-4.26    0.00548025
-4.23    0.00546144
-4.2    0.0054426
-4.17    0.00542374
-4.14    0.00540484
-4.11    0.00538589
-4.08    0.00536688
-4.05    0.00534782
-4.02    0.00532868
-3.99    0.00530945
-3.96    0.00529014
-3.93    0.00527073
-3.9    0.00525121
-3.87    0.00523157
-3.84    0.0052118
-3.81    0.00519191
-3.78    0.00517187
-3.75    0.00515168
-3.72    0.00513134
-3.69    0.00511084
-3.66    0.00509017
-3.63    0.00506932
-3.6    0.0050483
-3.57    0.00502709
-3.54    0.00500571
-3.51    0.00498413
-3.48    0.00496237
-3.45    0.00494043
-3.42    0.00491831
-3.39    0.00489601
-3.36    0.00487354
-3.33    0.0048509
-3.3    0.00482811
-3.27    0.00480518
-3.24    0.00478212
-3.21    0.00475896
-3.18    0.0047357
-3.15    0.00471238
-3.12    0.00468901
-3.09    0.00466564
-3.06    0.00464229
-3.03    0.00461899
-3    0.00459579
-2.97    0.00457274
-2.94    0.00454987
-2.91    0.00452725
-2.88    0.00450493
-2.85    0.00448298
-2.82    0.00446146
-2.79    0.00444045
-2.76    0.00442003
-2.73    0.00440028
-2.7    0.00438128
-2.67    0.00436315
-2.64    0.00434598
-2.61    0.00432988
-2.58    0.00431497
-2.55    0.00430138
-2.52    0.00428923
-2.49    0.00427868
-2.46    0.00426986
-2.43    0.00426293
-2.4    0.00425807
-2.37    0.00425545
-2.34    0.00425525
-2.31    0.00425768
-2.28    0.00426294
-2.25    0.00427126
-2.22    0.00428287
-2.19    0.00429803
-2.16    0.004317
-2.13    0.00434007
-2.1    0.00436752
-2.07    0.0043997
-2.04    0.00443693
-2.01    0.00447958
-1.98    0.00452805
-1.95    0.00458274
-1.92    0.00464412
-1.89    0.00471264
-1.86    0.00478884
-1.83    0.00487325
-1.8    0.00496648
-1.77    0.00506915
-1.74    0.00518195
-1.71    0.00530561
-1.68    0.00544093
-1.65    0.00558874
-1.62    0.00574997
-1.59    0.00592559
-1.56    0.00611665
-1.53    0.00632427
-1.5    0.00654968
-1.47    0.00679416
-1.44    0.00705909
-1.41    0.00734595
-1.38    0.00765632
-1.35    0.00799186
-1.32    0.00835436
-1.29    0.0087457
-1.26    0.00916788
-1.23    0.00962298
-1.2    0.0101132
-1.17    0.0106409
-1.14    0.0112084
-1.11    0.0118182
-1.08    0.012473
-1.05    0.0131754
-1.02    0.013928
-0.99    0.0147337
-0.96    0.0155952
-0.93    0.0165152
-0.9    0.0174965
-0.87    0.0185417
-0.84    0.0196533
-0.81    0.0208336
-0.78    0.0220849
-0.75    0.0234088
-0.72    0.024807
-0.69    0.0262805
-0.66    0.0278299
-0.63    0.0294554
-0.6    0.0311562
-0.57    0.0329311
-0.54    0.034778
-0.51    0.036694
-0.48    0.0386753
-0.45    0.0407171
-0.42    0.0428134
-0.39    0.0449575
-0.36    0.0471415
-0.33    0.0493564
-0.3    0.0515924
-0.27    0.0538385
-0.24    0.0560831
-0.21    0.0583136
-0.18    0.0605169
-0.15    0.0626793
-0.12    0.064787
-0.09    0.0668258
-0.06    0.0687814
-0.03    0.07064
1.72917e-14    0.0723879
0.03    0.0740122
0.06    0.0755005
0.09    0.0768415
0.12    0.0780247
0.15    0.0790411
0.18    0.0798825
0.21    0.0805425
0.24    0.0810157
0.27    0.0812985
0.3    0.0813886
0.33    0.0812849
0.36    0.0809883
0.39    0.0805005
0.42    0.0798248
0.45    0.0789659
0.48    0.0779296
0.51    0.0767227
0.54    0.0753533
0.57    0.0738304
0.6    0.0721639
0.63    0.0703646
0.66    0.0684442
0.69    0.0664147
0.72    0.064289
0.75    0.0620805
0.78    0.0598027
0.81    0.0574697
0.84    0.0550954
0.87    0.0526941
0.9    0.0502795
0.93    0.0478654
0.96    0.0454647
0.99    0.04309
1.02    0.0407531
1.05    0.0384648
1.08    0.0362349
1.11    0.034072
1.14    0.0319838
1.17    0.0299764
1.2    0.0280549
1.23    0.026223
1.26    0.0244834
1.29    0.0228375
1.32    0.0212856
1.35    0.0198272
1.38    0.0184608
1.41    0.0171844
1.44    0.0159952
1.47    0.0148898
1.5    0.0138647
1.53    0.012916
1.56    0.0120395
1.59    0.011231
1.62    0.0104864
1.65    0.00980131
1.68    0.00917173
1.71    0.00859365
1.74    0.00806324
1.77    0.00757684
1.8    0.00713101
1.83    0.0067225
1.86    0.00634825
1.89    0.00600545
1.92    0.00569146
1.95    0.00540385
1.98    0.00514038
2.01    0.00489899
2.04    0.00467779
2.07    0.00447505
2.1    0.00428919
2.13    0.00411876
2.16    0.00396245
2.19    0.00381905
2.22    0.00368748
2.25    0.00356673
2.28    0.00345589
2.31    0.00335415
2.34    0.00326074
2.37    0.00317499
2.4    0.00309626
2.43    0.00302399
2.46    0.00295765
2.49    0.00289677
2.52    0.00284092
2.55    0.00278969
2.58    0.00274272
2.61    0.00269967
2.64    0.00266024
2.67    0.00262414
2.7    0.00259111
2.73    0.00256091
2.76    0.00253332
2.79    0.00250813
2.82    0.00248515
2.85    0.00246421
2.88    0.00244513
2.91    0.00242777
2.94    0.00241199
2.97    0.00239765
3    0.00238463
3.03    0.00237281
3.06    0.00236209
3.09    0.00235236
3.12    0.00234354
3.15    0.00233553
3.18    0.00232825
3.21    0.00232164
3.24    0.0023156
3.27    0.00231009
3.3    0.00230504
3.33    0.00230038
3.36    0.00229607
3.39    0.00229206
3.42    0.00228829
3.45    0.00228474
3.48    0.00228135
3.51    0.00227809
3.54    0.00227493
3.57    0.00227184
3.6    0.00226879
3.63    0.00226575
3.66    0.0022627
3.69    0.00225963
3.72    0.0022565
3.75    0.00225331
3.78    0.00225004
3.81    0.00224668
3.84    0.00224322
3.87    0.00223965
3.9    0.00223596
3.93    0.00223214
3.96    0.00222819
3.99    0.00222411
4.02    0.00221989
4.05    0.00221553
4.08    0.00221103
4.11    0.00220639
4.14    0.00220162
4.17    0.00219671
4.2    0.00219167
4.23    0.0021865
4.26    0.00218121
4.29    0.00217579
4.32    0.00217026
4.35    0.00216461
4.38    0.00215886
4.41    0.00215301
4.44    0.00214706
4.47    0.00214103
4.5    0.00213491
4.53    0.00212872
4.56    0.00212246
4.59    0.00211613
4.62    0.00210975
4.65    0.00210332
4.68    0.00209685
4.71    0.00209033
4.74    0.00208379
4.77    0.00207722
4.8    0.00207063
4.83    0.00206403
4.86    0.00205742
4.89    0.00205081
4.92    0.0020442
4.95    0.0020376
4.98    0.00203102
5.01    0.00202445
5.04    0.00201791
5.07    0.00201139
5.1    0.00200491
5.13    0.00199846
5.16    0.00199205
5.19    0.00198569
5.22    0.00197937
5.25    0.00197311
5.28    0.0019669
5.31    0.00196075
5.34    0.00195465
5.37    0.00194862
5.4    0.00194265
5.43    0.00193675
5.46    0.00193092
5.49    0.00192516
5.52    0.00191948
5.55    0.00191387
5.58    0.00190833
5.61    0.00190287
5.64    0.00189749
5.67    0.00189219
5.7    0.00188697
5.73    0.00188183
5.76    0.00187678
5.79    0.0018718
5.82    0.00186692
5.85    0.00186211
5.88    0.00185739
5.91    0.00185275
5.94    0.00184819
5.97    0.00184373
6    0.00183934
6.03    0.00183504
6.06    0.00183082
6.09    0.00182669
6.12    0.00182263
6.15    0.00181867
6.18    0.00181478
6.21    0.00181098
6.24    0.00180725
6.27    0.00180361
6.3    0.00180005
6.33    0.00179656
6.36    0.00179316
6.39    0.00178983
6.42    0.00178658
6.45    0.0017834
6.48    0.0017803
6.51    0.00177728
6.54    0.00177433
6.57    0.00177144
6.6    0.00176864
6.63    0.0017659
6.66    0.00176323
6.69    0.00176063
6.72    0.00175809
6.75    0.00175562
6.78    0.00175322
6.81    0.00175088
6.84    0.00174861
6.87    0.00174639
6.9    0.00174424
6.93    0.00174215
6.96    0.00174011
6.99    0.00173814
7.02    0.00173622
7.05    0.00173435
7.08    0.00173254
7.11    0.00173078
7.14    0.00172908
7.17    0.00172743
7.2    0.00172582
7.23    0.00172427
7.26    0.00172276
7.29    0.0017213
7.32    0.00171989
7.35    0.00171852
7.38    0.00171719
7.41    0.00171591
7.44    0.00171467
7.47    0.00171347
