-5    0.960503
-4.98    0.960502
-4.96    0.960502
-4.94    0.960502
-4.92    0.960502
-4.9    0.960502
-4.88    0.960502
-4.86    0.960501
-4.84    0.960501
-4.82    0.960501
-4.8    0.960501
-4.78    0.960501
-4.76    0.9605
-4.74    0.9605
-4.72    0.9605
-4.7    0.9605
-4.68    0.960499
-4.66    0.960499
-4.64    0.960499
-4.62    0.960499
-4.6    0.960498
-4.58    0.960498
-4.56    0.960498
-4.54    0.960497
-4.52    0.960497
-4.5    0.960497
-4.48    0.960496
-4.46    0.960496
-4.44    0.960496
-4.42    0.960495
-4.4    0.960495
-4.38    0.960495
-4.36    0.960494
-4.34    0.960494
-4.32    0.960494
-4.3    0.960493
-4.28    0.960493
-4.26    0.960492
-4.24    0.960492
-4.22    0.960491
-4.2    0.960491
-4.18    0.960491
-4.16    0.96049
-4.14    0.96049
-4.12    0.960489
-4.1    0.960489
-4.08    0.960488
-4.06    0.960487
-4.04    0.960487
-4.02    0.960486
-4    0.960486
-3.98    0.960485
-3.96    0.960484
-3.94    0.960484
-3.92    0.960483
-3.9    0.960483
-3.88    0.960482
-3.86    0.960481
-3.84    0.96048
-3.82    0.96048
-3.8    0.960479
-3.78    0.960478
-3.76    0.960477
-3.74    0.960476
-3.72    0.960476
-3.7    0.960475
-3.68    0.960474
-3.66    0.960473
-3.64    0.960472
-3.62    0.960471
-3.6    0.96047
-3.58    0.960469
-3.56    0.960468
-3.54    0.960467
-3.52    0.960466
-3.5    0.960465
-3.48    0.960464
-3.46    0.960462
-3.44    0.960461
-3.42    0.96046
-3.4    0.960459
-3.38    0.960457
-3.36    0.960456
-3.34    0.960455
-3.32    0.960453
-3.3    0.960452
-3.28    0.96045
-3.26    0.960449
-3.24    0.960447
-3.22    0.960446
-3.2    0.960444
-3.18    0.960442
-3.16    0.960441
-3.14    0.960439
-3.12    0.960437
-3.1    0.960435
-3.08    0.960433
-3.06    0.960431
-3.04    0.96043
-3.02    0.960427
-3    0.960425
-2.98    0.960423
-2.96    0.960421
-2.94    0.960419
-2.92    0.960417
-2.9    0.960414
-2.88    0.960412
-2.86    0.960409
-2.84    0.960407
-2.82    0.960404
-2.8    0.960402
-2.78    0.960399
-2.76    0.960396
-2.74    0.960394
-2.72    0.960391
-2.7    0.960388
-2.68    0.960385
-2.66    0.960382
-2.64    0.960379
-2.62    0.960375
-2.6    0.960372
-2.58    0.960369
-2.56    0.960365
-2.54    0.960362
-2.52    0.960359
-2.5    0.960355
-2.48    0.960351
-2.46    0.960348
-2.44    0.960344
-2.42    0.96034
-2.4    0.960336
-2.38    0.960332
-2.36    0.960328
-2.34    0.960324
-2.32    0.96032
-2.3    0.960315
-2.28    0.960311
-2.26    0.960307
-2.24    0.960302
-2.22    0.960298
-2.2    0.960293
-2.18    0.960288
-2.16    0.960283
-2.14    0.960279
-2.12    0.960274
-2.1    0.960269
-2.08    0.960264
-2.06    0.960259
-2.04    0.960253
-2.02    0.960248
-2    0.960243
-1.98    0.960238
-1.96    0.960232
-1.94    0.960227
-1.92    0.960221
-1.9    0.960216
-1.88    0.96021
-1.86    0.960204
-1.84    0.960199
-1.82    0.960193
-1.8    0.960187
-1.78    0.960181
-1.76    0.960175
-1.74    0.960169
-1.72    0.960163
-1.7    0.960157
-1.68    0.960151
-1.66    0.960145
-1.64    0.960139
-1.62    0.960133
-1.6    0.960126
-1.58    0.96012
-1.56    0.960114
-1.54    0.960108
-1.52    0.960101
-1.5    0.960095
-1.48    0.960089
-1.46    0.960082
-1.44    0.960076
-1.42    0.96007
-1.4    0.960063
-1.38    0.960057
-1.36    0.96005
-1.34    0.960044
-1.32    0.960038
-1.3    0.960031
-1.28    0.960025
-1.26    0.960018
-1.24    0.960012
-1.22    0.960006
-1.2    0.959999
-1.18    0.959993
-1.16    0.959987
-1.14    0.95998
-1.12    0.959974
-1.1    0.959967
-1.08    0.959961
-1.06    0.959955
-1.04    0.959948
-1.02    0.959942
-1    0.959936
-0.98    0.95993
-0.96    0.959923
-0.94    0.959917
-0.92    0.959911
-0.9    0.959905
-0.88    0.959898
-0.86    0.959892
-0.84    0.959886
-0.82    0.95988
-0.8    0.959874
-0.78    0.959868
-0.76    0.959861
-0.74    0.959855
-0.72    0.959849
-0.7    0.959843
-0.68    0.959837
-0.66    0.959831
-0.64    0.959824
-0.62    0.959818
-0.6    0.959812
-0.58    0.959806
-0.56    0.9598
-0.54    0.959793
-0.52    0.959787
-0.5    0.959781
-0.48    0.959774
-0.46    0.959768
-0.44    0.959762
-0.42    0.959755
-0.4    0.959749
-0.38    0.959742
-0.36    0.959735
-0.34    0.959729
-0.32    0.959722
-0.3    0.959715
-0.28    0.959708
-0.26    0.959701
-0.24    0.959693
-0.22    0.959686
-0.2    0.959678
-0.18    0.959671
-0.16    0.959663
-0.14    0.959655
-0.12    0.959647
-0.1    0.959638
-0.08    0.95963
-0.06    0.959621
-0.04    0.959612
-0.02    0.959603
-1.80342e-14    0.959593
0.02    0.959584
0.04    0.959573
0.06    0.959563
0.08    0.959552
0.1    0.959541
0.12    0.95953
0.14    0.959518
0.16    0.959505
0.18    0.959493
0.2    0.959479
0.22    0.959466
0.24    0.959451
0.26    0.959436
0.28    0.959421
0.3    0.959405
0.32    0.959388
0.34    0.959371
0.36    0.959353
0.38    0.959334
0.4    0.959314
0.42    0.959294
0.44    0.959272
0.46    0.95925
0.48    0.959227
0.5    0.959202
0.52    0.959177
0.54    0.959151
0.56    0.959123
0.58    0.959094
0.6    0.959064
0.62    0.959032
0.64    0.959
0.66    0.958965
0.68    0.95893
0.7    0.958892
0.72    0.958853
0.74    0.958813
0.76    0.95877
0.78    0.958726
0.8    0.95868
0.82    0.958633
0.84    0.958583
0.86    0.958531
0.88    0.958478
0.9    0.958422
0.92    0.958364
0.94    0.958304
0.96    0.958242
0.98    0.958178
1    0.958112
1.02    0.958043
1.04    0.957972
1.06    0.957899
1.08    0.957824
1.1    0.957746
1.12    0.957667
1.14    0.957585
1.16    0.957501
1.18    0.957415
1.2    0.957327
1.22    0.957238
1.24    0.957146
1.26    0.957053
1.28    0.956958
1.3    0.956861
1.32    0.956763
1.34    0.956664
1.36    0.956563
1.38    0.956462
1.4    0.956359
1.42    0.956256
1.44    0.956151
1.46    0.956047
1.48    0.955941
1.5    0.955836
1.52    0.95573
1.54    0.955625
1.56    0.955519
1.58    0.955414
1.6    0.955309
1.62    0.955205
1.64    0.955101
1.66    0.954998
1.68    0.954897
1.7    0.954796
1.72    0.954696
1.74    0.954597
1.76    0.9545
1.78    0.954404
1.8    0.95431
1.82    0.954217
1.84    0.954126
1.86    0.954036
1.88    0.953948
1.9    0.953862
1.92    0.953778
1.94    0.953696
1.96    0.953615
1.98    0.953536
2    0.95346
2.02    0.953385
2.04    0.953312
2.06    0.953241
2.08    0.953173
2.1    0.953106
2.12    0.953041
2.14    0.952977
2.16    0.952916
2.18    0.952857
2.2    0.952799
2.22    0.952743
2.24    0.952689
2.26    0.952637
2.28    0.952586
2.3    0.952538
2.32    0.95249
2.34    0.952445
2.36    0.952401
2.38    0.952358
2.4    0.952317
2.42    0.952278
2.44    0.95224
2.46    0.952203
2.48    0.952168
2.5    0.952134
2.52    0.952101
2.54    0.952069
2.56    0.952039
2.58    0.95201
2.6    0.951982
2.62    0.951955
2.64    0.951929
2.66    0.951904
2.68    0.95188
2.7    0.951856
2.72    0.951834
2.74    0.951813
2.76    0.951793
2.78    0.951773
2.8    0.951754
2.82    0.951736
2.84    0.951719
2.86    0.951702
2.88    0.951686
2.9    0.951671
2.92    0.951656
2.94    0.951642
2.96    0.951628
2.98    0.951615
3    0.951603
3.02    0.951591
3.04    0.951579
3.06    0.951568
3.08    0.951558
3.1    0.951548
3.12    0.951538
3.14    0.951529
3.16    0.95152
3.18    0.951511
3.2    0.951503
3.22    0.951495
3.24    0.951488
3.26    0.951481
3.28    0.951474
3.3    0.951467
3.32    0.951461
3.34    0.951455
3.36    0.951449
3.38    0.951443
3.4    0.951438
3.42    0.951433
3.44    0.951428
3.46    0.951423
3.48    0.951419
3.5    0.951414
3.52    0.95141
3.54    0.951406
3.56    0.951402
3.58    0.951399
3.6    0.951395
3.62    0.951392
3.64    0.951389
3.66    0.951385
3.68    0.951383
3.7    0.95138
3.72    0.951377
3.74    0.951374
3.76    0.951372
3.78    0.951369
3.8    0.951367
3.82    0.951365
3.84    0.951363
3.86    0.951361
3.88    0.951359
3.9    0.951357
3.92    0.951355
3.94    0.951354
3.96    0.951352
3.98    0.95135
4    0.951349
4.02    0.951347
4.04    0.951346
4.06    0.951345
4.08    0.951343
4.1    0.951342
4.12    0.951341
4.14    0.95134
4.16    0.951339
4.18    0.951338
4.2    0.951337
4.22    0.951336
4.24    0.951335
4.26    0.951334
4.28    0.951333
4.3    0.951332
4.32    0.951331
4.34    0.951331
4.36    0.95133
4.38    0.951329
4.4    0.951329
4.42    0.951328
4.44    0.951327
4.46    0.951327
4.48    0.951326
4.5    0.951326
4.52    0.951325
4.54    0.951325
4.56    0.951324
4.58    0.951324
4.6    0.951323
4.62    0.951323
4.64    0.951322
4.66    0.951322
4.68    0.951322
4.7    0.951321
4.72    0.951321
4.74    0.95132
4.76    0.95132
4.78    0.95132
4.8    0.951319
4.82    0.951319
4.84    0.951319
4.86    0.951319
4.88    0.951318
4.9    0.951318
4.92    0.951318
4.94    0.951318
4.96    0.951317
4.98    0.951317
