-5    0.016321
-4.98    0.016321
-4.96    0.016321
-4.94    0.016321
-4.92    0.016321
-4.9    0.016321
-4.88    0.016321
-4.86    0.016321
-4.84    0.016321
-4.82    0.016321
-4.8    0.016321
-4.78    0.016321
-4.76    0.016321
-4.74    0.016321
-4.72    0.016321
-4.7    0.0163211
-4.68    0.0163211
-4.66    0.0163211
-4.64    0.0163211
-4.62    0.0163211
-4.6    0.0163211
-4.58    0.0163211
-4.56    0.0163211
-4.54    0.0163211
-4.52    0.0163211
-4.5    0.0163212
-4.48    0.0163212
-4.46    0.0163212
-4.44    0.0163212
-4.42    0.0163212
-4.4    0.0163212
-4.38    0.0163212
-4.36    0.0163213
-4.34    0.0163213
-4.32    0.0163213
-4.3    0.0163213
-4.28    0.0163213
-4.26    0.0163213
-4.24    0.0163214
-4.22    0.0163214
-4.2    0.0163214
-4.18    0.0163214
-4.16    0.0163214
-4.14    0.0163215
-4.12    0.0163215
-4.1    0.0163215
-4.08    0.0163215
-4.06    0.0163216
-4.04    0.0163216
-4.02    0.0163216
-4    0.0163216
-3.98    0.0163217
-3.96    0.0163217
-3.94    0.0163217
-3.92    0.0163218
-3.9    0.0163218
-3.88    0.0163218
-3.86    0.0163219
-3.84    0.0163219
-3.82    0.0163219
-3.8    0.016322
-3.78    0.016322
-3.76    0.016322
-3.74    0.0163221
-3.72    0.0163221
-3.7    0.0163221
-3.68    0.0163222
-3.66    0.0163222
-3.64    0.0163223
-3.62    0.0163223
-3.6    0.0163224
-3.58    0.0163224
-3.56    0.0163224
-3.54    0.0163225
-3.52    0.0163225
-3.5    0.0163226
-3.48    0.0163226
-3.46    0.0163227
-3.44    0.0163227
-3.42    0.0163228
-3.4    0.0163228
-3.38    0.0163229
-3.36    0.0163229
-3.34    0.016323
-3.32    0.016323
-3.3    0.0163231
-3.28    0.0163231
-3.26    0.0163232
-3.24    0.0163232
-3.22    0.0163233
-3.2    0.0163233
-3.18    0.0163234
-3.16    0.0163235
-3.14    0.0163235
-3.12    0.0163236
-3.1    0.0163236
-3.08    0.0163237
-3.06    0.0163237
-3.04    0.0163238
-3.02    0.0163238
-3    0.0163239
-2.98    0.0163239
-2.96    0.016324
-2.94    0.016324
-2.92    0.0163241
-2.9    0.0163241
-2.88    0.0163242
-2.86    0.0163242
-2.84    0.0163243
-2.82    0.0163243
-2.8    0.0163244
-2.78    0.0163244
-2.76    0.0163245
-2.74    0.0163245
-2.72    0.0163246
-2.7    0.0163246
-2.68    0.0163247
-2.66    0.0163247
-2.64    0.0163247
-2.62    0.0163248
-2.6    0.0163248
-2.58    0.0163249
-2.56    0.0163249
-2.54    0.0163249
-2.52    0.016325
-2.5    0.016325
-2.48    0.0163251
-2.46    0.0163251
-2.44    0.0163251
-2.42    0.0163252
-2.4    0.0163252
-2.38    0.0163252
-2.36    0.0163253
-2.34    0.0163253
-2.32    0.0163253
-2.3    0.0163254
-2.28    0.0163254
-2.26    0.0163254
-2.24    0.0163255
-2.22    0.0163255
-2.2    0.0163255
-2.18    0.0163255
-2.16    0.0163256
-2.14    0.0163256
-2.12    0.0163256
-2.1    0.0163257
-2.08    0.0163257
-2.06    0.0163257
-2.04    0.0163257
-2.02    0.0163258
-2    0.0163258
-1.98    0.0163258
-1.96    0.0163259
-1.94    0.0163259
-1.92    0.0163259
-1.9    0.016326
-1.88    0.016326
-1.86    0.0163261
-1.84    0.0163261
-1.82    0.0163261
-1.8    0.0163262
-1.78    0.0163262
-1.76    0.0163263
-1.74    0.0163264
-1.72    0.0163264
-1.7    0.0163265
-1.68    0.0163266
-1.66    0.0163267
-1.64    0.0163268
-1.62    0.0163269
-1.6    0.0163271
-1.58    0.0163272
-1.56    0.0163274
-1.54    0.0163276
-1.52    0.0163278
-1.5    0.0163281
-1.48    0.0163284
-1.46    0.0163288
-1.44    0.0163292
-1.42    0.0163297
-1.4    0.0163303
-1.38    0.016331
-1.36    0.0163318
-1.34    0.0163329
-1.32    0.0163341
-1.3    0.0163356
-1.28    0.0163375
-1.26    0.0163398
-1.24    0.0163427
-1.22    0.0163465
-1.2    0.0163513
-1.18    0.0163576
-1.16    0.016366
-1.14    0.0163773
-1.12    0.0163927
-1.1    0.016414
-1.08    0.0164439
-1.06    0.0164866
-1.04    0.016548
-1.02    0.0166377
-1    0.0167701
-0.98    0.0169667
-0.96    0.0172601
-0.94    0.0176977
-0.92    0.0183461
-0.9    0.0192925
-0.88    0.0206383
-0.86    0.0224769
-0.84    0.0248508
-0.82    0.0277001
-0.8    0.0308384
-0.78    0.0339942
-0.76    0.0369043
-0.74    0.0393955
-0.72    0.0414084
-0.7    0.0429698
-0.68    0.0441503
-0.66    0.0450308
-0.64    0.0456847
-0.62    0.0461714
-0.6    0.0465361
-0.58    0.0468123
-0.56    0.0470239
-0.54    0.0471882
-0.52    0.0473175
-0.5    0.0474207
-0.48    0.0475041
-0.46    0.0475723
-0.44    0.0476288
-0.42    0.047676
-0.4    0.0477158
-0.38    0.0477496
-0.36    0.0477785
-0.34    0.0478034
-0.32    0.0478249
-0.3    0.0478436
-0.28    0.0478598
-0.26    0.0478741
-0.24    0.0478865
-0.22    0.0478974
-0.2    0.047907
-0.18    0.0479155
-0.16    0.0479229
-0.14    0.0479295
-0.12    0.0479353
-0.1    0.0479404
-0.08    0.047945
-0.06    0.047949
-0.04    0.0479525
-0.02    0.0479557
-1.80342e-14    0.0479585
0.02    0.0479609
0.04    0.0479631
0.06    0.047965
0.08    0.0479667
0.1    0.0479683
0.12    0.0479696
0.14    0.0479708
0.16    0.0479719
0.18    0.0479728
0.2    0.0479737
0.22    0.0479744
0.24    0.0479751
0.26    0.0479757
0.28    0.0479762
0.3    0.0479766
0.32    0.0479771
0.34    0.0479774
0.36    0.0479778
0.38    0.047978
0.4    0.0479783
0.42    0.0479785
0.44    0.0479787
0.46    0.0479789
0.48    0.0479791
0.5    0.0479792
0.52    0.0479794
0.54    0.0479795
0.56    0.0479796
0.58    0.0479797
0.6    0.0479798
0.62    0.0479798
0.64    0.0479799
0.66    0.04798
0.68    0.04798
0.7    0.0479801
0.72    0.0479801
0.74    0.0479802
0.76    0.0479802
0.78    0.0479802
0.8    0.0479803
0.82    0.0479803
0.84    0.0479803
0.86    0.0479803
0.88    0.0479804
0.9    0.0479804
0.92    0.0479804
0.94    0.0479804
0.96    0.0479804
0.98    0.0479804
1    0.0479805
1.02    0.0479805
1.04    0.0479805
1.06    0.0479805
1.08    0.0479805
1.1    0.0479805
1.12    0.0479805
1.14    0.0479805
1.16    0.0479805
1.18    0.0479805
1.2    0.0479805
1.22    0.0479806
1.24    0.0479806
1.26    0.0479806
1.28    0.0479806
1.3    0.0479806
1.32    0.0479806
1.34    0.0479806
1.36    0.0479806
1.38    0.0479806
1.4    0.0479806
1.42    0.0479806
1.44    0.0479806
1.46    0.0479806
1.48    0.0479806
1.5    0.0479806
1.52    0.0479806
1.54    0.0479806
1.56    0.0479806
1.58    0.0479806
1.6    0.0479806
1.62    0.0479806
1.64    0.0479806
1.66    0.0479806
1.68    0.0479806
1.7    0.0479806
1.72    0.0479806
1.74    0.0479806
1.76    0.0479806
1.78    0.0479806
1.8    0.0479806
1.82    0.0479806
1.84    0.0479806
1.86    0.0479806
1.88    0.0479806
1.9    0.0479806
1.92    0.0479807
1.94    0.0479807
1.96    0.0479807
1.98    0.0479807
2    0.0479807
2.02    0.0479807
2.04    0.0479807
2.06    0.0479807
2.08    0.0479807
2.1    0.0479807
2.12    0.0479807
2.14    0.0479807
2.16    0.0479807
2.18    0.0479807
2.2    0.0479807
2.22    0.0479807
2.24    0.0479807
2.26    0.0479807
2.28    0.0479807
2.3    0.0479807
2.32    0.0479807
2.34    0.0479807
2.36    0.0479807
2.38    0.0479807
2.4    0.0479807
2.42    0.0479807
2.44    0.0479807
2.46    0.0479807
2.48    0.0479807
2.5    0.0479807
2.52    0.0479807
2.54    0.0479807
2.56    0.0479807
2.58    0.0479807
2.6    0.0479807
2.62    0.0479807
2.64    0.0479807
2.66    0.0479807
2.68    0.0479807
2.7    0.0479807
2.72    0.0479807
2.74    0.0479807
2.76    0.0479807
2.78    0.0479807
2.8    0.0479807
2.82    0.0479807
2.84    0.0479807
2.86    0.0479807
2.88    0.0479807
2.9    0.0479807
2.92    0.0479807
2.94    0.0479807
2.96    0.0479807
2.98    0.0479807
3    0.0479807
3.02    0.0479807
3.04    0.0479807
3.06    0.0479807
3.08    0.0479807
3.1    0.0479807
3.12    0.0479807
3.14    0.0479807
3.16    0.0479807
3.18    0.0479807
3.2    0.0479807
3.22    0.0479807
3.24    0.0479807
3.26    0.0479807
3.28    0.0479807
3.3    0.0479807
3.32    0.0479807
3.34    0.0479807
3.36    0.0479807
3.38    0.0479807
3.4    0.0479807
3.42    0.0479807
3.44    0.0479807
3.46    0.0479807
3.48    0.0479807
3.5    0.0479807
3.52    0.0479807
3.54    0.0479807
3.56    0.0479807
3.58    0.0479807
3.6    0.0479807
3.62    0.0479807
3.64    0.0479807
3.66    0.0479807
3.68    0.0479807
3.7    0.0479807
3.72    0.0479807
3.74    0.0479807
3.76    0.0479807
3.78    0.0479807
3.8    0.0479807
3.82    0.0479807
3.84    0.0479807
3.86    0.0479807
3.88    0.0479807
3.9    0.0479807
3.92    0.0479807
3.94    0.0479807
3.96    0.0479807
3.98    0.0479807
4    0.0479807
4.02    0.0479807
4.04    0.0479807
4.06    0.0479807
4.08    0.0479807
4.1    0.0479807
4.12    0.0479807
4.14    0.0479807
4.16    0.0479807
4.18    0.0479807
4.2    0.0479807
4.22    0.0479807
4.24    0.0479807
4.26    0.0479807
4.28    0.0479807
4.3    0.0479807
4.32    0.0479807
4.34    0.0479807
4.36    0.0479807
4.38    0.0479807
4.4    0.0479807
4.42    0.0479807
4.44    0.0479807
4.46    0.0479807
4.48    0.0479807
4.5    0.0479807
4.52    0.0479807
4.54    0.0479807
4.56    0.0479807
4.58    0.0479807
4.6    0.0479807
4.62    0.0479807
4.64    0.0479807
4.66    0.0479807
4.68    0.0479807
4.7    0.0479807
4.72    0.0479807
4.74    0.0479807
4.76    0.0479807
4.78    0.0479807
4.8    0.0479807
4.82    0.0479807
4.84    0.0479807
4.86    0.0479807
4.88    0.0479807
4.9    0.0479807
4.92    0.0479807
4.94    0.0479807
4.96    0.0479807
4.98    0.0479807
