-5    2.46445e-06
-4.98    2.45625e-06
-4.96    2.44902e-06
-4.94    2.44277e-06
-4.92    2.43756e-06
-4.9    2.4334e-06
-4.88    2.43033e-06
-4.86    2.42838e-06
-4.84    2.42759e-06
-4.82    2.428e-06
-4.8    2.42965e-06
-4.78    2.43257e-06
-4.76    2.43681e-06
-4.74    2.44241e-06
-4.72    2.44942e-06
-4.7    2.45788e-06
-4.68    2.46785e-06
-4.66    2.47937e-06
-4.64    2.4925e-06
-4.62    2.5073e-06
-4.6    2.52383e-06
-4.58    2.54214e-06
-4.56    2.56231e-06
-4.54    2.5844e-06
-4.52    2.60848e-06
-4.5    2.63463e-06
-4.48    2.66293e-06
-4.46    2.69345e-06
-4.44    2.72629e-06
-4.42    2.76153e-06
-4.4    2.79926e-06
-4.38    2.83958e-06
-4.36    2.8826e-06
-4.34    2.92842e-06
-4.32    2.97715e-06
-4.3    3.02891e-06
-4.28    3.08382e-06
-4.26    3.14201e-06
-4.24    3.20361e-06
-4.22    3.26875e-06
-4.2    3.33758e-06
-4.18    3.41025e-06
-4.16    3.48691e-06
-4.14    3.56772e-06
-4.12    3.65286e-06
-4.1    3.74249e-06
-4.08    3.8368e-06
-4.06    3.93598e-06
-4.04    4.04021e-06
-4.02    4.14971e-06
-4    4.26467e-06
-3.98    4.38533e-06
-3.96    4.51189e-06
-3.94    4.6446e-06
-3.92    4.78369e-06
-3.9    4.92942e-06
-3.88    5.08204e-06
-3.86    5.24181e-06
-3.84    5.40902e-06
-3.82    5.58394e-06
-3.8    5.76688e-06
-3.78    5.95813e-06
-3.76    6.158e-06
-3.74    6.36683e-06
-3.72    6.58495e-06
-3.7    6.8127e-06
-3.68    7.05044e-06
-3.66    7.29854e-06
-3.64    7.55739e-06
-3.62    7.82737e-06
-3.6    8.10891e-06
-3.58    8.40242e-06
-3.56    8.70834e-06
-3.54    9.02712e-06
-3.52    9.35924e-06
-3.5    9.70518e-06
-3.48    1.00654e-05
-3.46    1.04406e-05
-3.44    1.08311e-05
-3.42    1.12375e-05
-3.4    1.16605e-05
-3.38    1.21007e-05
-3.36    1.25586e-05
-3.34    1.3035e-05
-3.32    1.35304e-05
-3.3    1.40457e-05
-3.28    1.45816e-05
-3.26    1.51387e-05
-3.24    1.5718e-05
-3.22    1.63202e-05
-3.2    1.69462e-05
-3.18    1.75968e-05
-3.16    1.82731e-05
-3.14    1.8976e-05
-3.12    1.97064e-05
-3.1    2.04655e-05
-3.08    2.12542e-05
-3.06    2.20738e-05
-3.04    2.29254e-05
-3.02    2.38102e-05
-3    2.47295e-05
-2.98    2.56845e-05
-2.96    2.66767e-05
-2.94    2.77074e-05
-2.92    2.87781e-05
-2.9    2.98902e-05
-2.88    3.10454e-05
-2.86    3.22452e-05
-2.84    3.34914e-05
-2.82    3.47855e-05
-2.8    3.61293e-05
-2.78    3.75248e-05
-2.76    3.89736e-05
-2.74    4.04778e-05
-2.72    4.20393e-05
-2.7    4.36601e-05
-2.68    4.53422e-05
-2.66    4.70878e-05
-2.64    4.88989e-05
-2.62    5.07778e-05
-2.6    5.27266e-05
-2.58    5.47476e-05
-2.56    5.6843e-05
-2.54    5.90152e-05
-2.52    6.12664e-05
-2.5    6.3599e-05
-2.48    6.60152e-05
-2.46    6.85174e-05
-2.44    7.11079e-05
-2.42    7.37889e-05
-2.4    7.65629e-05
-2.38    7.94319e-05
-2.36    8.23982e-05
-2.34    8.5464e-05
-2.32    8.86314e-05
-2.3    9.19024e-05
-2.28    9.5279e-05
-2.26    9.87631e-05
-2.24    0.000102356
-2.22    0.000106061
-2.2    0.000109878
-2.18    0.000113809
-2.16    0.000117855
-2.14    0.000122018
-2.12    0.000126299
-2.1    0.000130698
-2.08    0.000135217
-2.06    0.000139857
-2.04    0.000144617
-2.02    0.000149498
-2    0.0001545
-1.98    0.000159624
-1.96    0.000164869
-1.94    0.000170235
-1.92    0.000175722
-1.9    0.000181328
-1.88    0.000187055
-1.86    0.0001929
-1.84    0.000198862
-1.82    0.000204942
-1.8    0.000211137
-1.78    0.000217446
-1.76    0.000223868
-1.74    0.000230402
-1.72    0.000237046
-1.7    0.000243799
-1.68    0.000250659
-1.66    0.000257625
-1.64    0.000264694
-1.62    0.000271865
-1.6    0.000279136
-1.58    0.000286506
-1.56    0.000293972
-1.54    0.000301533
-1.52    0.000309187
-1.5    0.000316932
-1.48    0.000324766
-1.46    0.000332686
-1.44    0.00034069
-1.42    0.000348777
-1.4    0.000356943
-1.38    0.000365185
-1.36    0.000373503
-1.34    0.000381891
-1.32    0.000390347
-1.3    0.000398867
-1.28    0.000407449
-1.26    0.000416087
-1.24    0.000424778
-1.22    0.000433518
-1.2    0.0004423
-1.18    0.000451122
-1.16    0.000459975
-1.14    0.000468856
-1.12    0.000477759
-1.1    0.000486676
-1.08    0.000495601
-1.06    0.000504528
-1.04    0.000513449
-1.02    0.000522358
-1    0.000531247
-0.98    0.000540109
-0.96    0.000548936
-0.94    0.000557722
-0.92    0.000566457
-0.9    0.000575137
-0.88    0.000583752
-0.86    0.000592297
-0.84    0.000600764
-0.82    0.000609147
-0.8    0.000617439
-0.78    0.000625634
-0.76    0.000633726
-0.74    0.000641709
-0.72    0.000649578
-0.7    0.000657327
-0.68    0.000664951
-0.66    0.000672444
-0.64    0.000679801
-0.62    0.000687018
-0.6    0.000694089
-0.58    0.000701009
-0.56    0.000707772
-0.54    0.000714374
-0.52    0.000720809
-0.5    0.00072707
-0.48    0.000733153
-0.46    0.000739052
-0.44    0.000744759
-0.42    0.000750268
-0.4    0.000755573
-0.38    0.000760666
-0.36    0.000765541
-0.34    0.000770191
-0.32    0.000774608
-0.3    0.000778784
-0.28    0.000782713
-0.26    0.000786386
-0.24    0.000789798
-0.22    0.00079294
-0.2    0.000795805
-0.18    0.000798388
-0.16    0.000800681
-0.14    0.000802679
-0.12    0.000804376
-0.1    0.000805766
-0.08    0.000806846
-0.06    0.000807611
-0.04    0.000808058
-0.02    0.000808184
-1.80342e-14    0.000807985
0.02    0.000807461
0.04    0.00080661
0.06    0.000805432
0.08    0.000803927
0.1    0.000802095
0.12    0.000799937
0.14    0.000797456
0.16    0.000794653
0.18    0.000791532
0.2    0.000788095
0.22    0.000784346
0.24    0.000780289
0.26    0.000775929
0.28    0.00077127
0.3    0.000766318
0.32    0.000761077
0.34    0.000755554
0.36    0.000749755
0.38    0.000743685
0.4    0.000737351
0.42    0.00073076
0.44    0.000723918
0.46    0.000716833
0.48    0.000709511
0.5    0.000701961
0.52    0.00069419
0.54    0.000686205
0.56    0.000678016
0.58    0.000669629
0.6    0.000661055
0.62    0.000652301
0.64    0.000643377
0.66    0.000634292
0.68    0.000625056
0.7    0.000615679
0.72    0.000606171
0.74    0.000596543
0.76    0.000586805
0.78    0.000576968
0.8    0.000567043
0.82    0.000557043
0.84    0.000546977
0.86    0.000536859
0.88    0.0005267
0.9    0.000516512
0.92    0.000506307
0.94    0.000496096
0.96    0.000485893
0.98    0.000475708
1    0.000465553
1.02    0.000455441
1.04    0.000445382
1.06    0.000435388
1.08    0.000425469
1.1    0.000415635
1.12    0.000405898
1.14    0.000396265
1.16    0.000386747
1.18    0.000377352
1.2    0.000368088
1.22    0.000358962
1.24    0.000349981
1.26    0.000341151
1.28    0.000332478
1.3    0.000323966
1.32    0.000315621
1.34    0.000307445
1.36    0.000299442
1.38    0.000291613
1.4    0.000283962
1.42    0.000276488
1.44    0.000269192
1.46    0.000262076
1.48    0.000255137
1.5    0.000248376
1.52    0.00024179
1.54    0.000235379
1.56    0.000229141
1.58    0.000223072
1.6    0.00021717
1.62    0.000211433
1.64    0.000205857
1.66    0.00020044
1.68    0.000195177
1.7    0.000190065
1.72    0.000185101
1.74    0.000180281
1.76    0.000175601
1.78    0.000171058
1.8    0.000166648
1.82    0.000162368
1.84    0.000158213
1.86    0.000154181
1.88    0.000150268
1.9    0.000146471
1.92    0.000142786
1.94    0.000139211
1.96    0.000135742
1.98    0.000132376
2    0.000129112
2.02    0.000125945
2.04    0.000122873
2.06    0.000119894
2.08    0.000117006
2.1    0.000114206
2.12    0.000111491
2.14    0.00010886
2.16    0.000106311
2.18    0.000103842
2.2    0.00010145
2.22    9.91336e-05
2.24    9.68915e-05
2.26    9.47216e-05
2.28    9.26222e-05
2.3    9.05915e-05
2.32    8.86279e-05
2.34    8.67297e-05
2.36    8.48954e-05
2.38    8.31234e-05
2.4    8.1412e-05
2.42    7.97597e-05
2.44    7.8165e-05
2.46    7.66264e-05
2.48    7.51423e-05
2.5    7.37111e-05
2.52    7.23316e-05
2.54    7.1002e-05
2.56    6.9721e-05
2.58    6.84871e-05
2.6    6.72988e-05
2.62    6.61547e-05
2.64    6.50533e-05
2.66    6.39934e-05
2.68    6.29734e-05
2.7    6.19921e-05
2.72    6.10479e-05
2.74    6.01398e-05
2.76    5.92662e-05
2.78    5.8426e-05
2.8    5.76179e-05
2.82    5.68407e-05
2.84    5.60932e-05
2.86    5.53742e-05
2.88    5.46827e-05
2.9    5.40174e-05
2.92    5.33774e-05
2.94    5.27615e-05
2.96    5.21689e-05
2.98    5.15986e-05
3    5.10496e-05
3.02    5.0521e-05
3.04    5.0012e-05
3.06    4.95218e-05
3.08    4.90495e-05
3.1    4.85944e-05
3.12    4.81558e-05
3.14    4.77329e-05
3.16    4.73252e-05
3.18    4.69319e-05
3.2    4.65526e-05
3.22    4.61865e-05
3.24    4.58331e-05
3.26    4.5492e-05
3.28    4.51626e-05
3.3    4.48444e-05
3.32    4.45371e-05
3.34    4.42401e-05
3.36    4.3953e-05
3.38    4.36755e-05
3.4    4.34071e-05
3.42    4.31476e-05
3.44    4.28967e-05
3.46    4.26538e-05
3.48    4.24189e-05
3.5    4.21915e-05
3.52    4.19715e-05
3.54    4.17585e-05
3.56    4.15523e-05
3.58    4.13526e-05
3.6    4.11592e-05
3.62    4.0972e-05
3.64    4.07907e-05
3.66    4.0615e-05
3.68    4.04449e-05
3.7    4.02801e-05
3.72    4.01204e-05
3.74    3.99657e-05
3.76    3.98158e-05
3.78    3.96706e-05
3.8    3.95298e-05
3.82    3.93935e-05
3.84    3.92613e-05
3.86    3.91333e-05
3.88    3.90092e-05
3.9    3.8889e-05
3.92    3.87725e-05
3.94    3.86595e-05
3.96    3.85501e-05
3.98    3.8444e-05
4    3.83413e-05
4.02    3.82417e-05
4.04    3.81452e-05
4.06    3.80516e-05
4.08    3.7961e-05
4.1    3.78731e-05
4.12    3.7788e-05
4.14    3.77055e-05
4.16    3.76256e-05
4.18    3.75481e-05
4.2    3.74731e-05
4.22    3.74003e-05
4.24    3.73298e-05
4.26    3.72615e-05
4.28    3.71954e-05
4.3    3.71312e-05
4.32    3.70691e-05
4.34    3.70089e-05
4.36    3.69505e-05
4.38    3.6894e-05
4.4    3.68392e-05
4.42    3.67861e-05
4.44    3.67347e-05
4.46    3.66849e-05
4.48    3.66366e-05
4.5    3.65898e-05
4.52    3.65444e-05
4.54    3.65005e-05
4.56    3.64579e-05
4.58    3.64167e-05
4.6    3.63767e-05
4.62    3.63379e-05
4.64    3.63004e-05
4.66    3.6264e-05
4.68    3.62288e-05
4.7    3.61946e-05
4.72    3.61615e-05
4.74    3.61294e-05
4.76    3.60983e-05
4.78    3.60682e-05
4.8    3.6039e-05
4.82    3.60106e-05
4.84    3.59832e-05
4.86    3.59566e-05
4.88    3.59308e-05
4.9    3.59058e-05
4.92    3.58816e-05
4.94    3.58581e-05
4.96    3.58353e-05
4.98    3.58132e-05
