-5    0.14111
-4.98    0.141112
-4.96    0.141113
-4.94    0.141115
-4.92    0.141117
-4.9    0.141119
-4.88    0.141122
-4.86    0.141125
-4.84    0.141128
-4.82    0.141131
-4.8    0.141134
-4.78    0.141138
-4.76    0.141142
-4.74    0.141147
-4.72    0.141151
-4.7    0.141156
-4.68    0.141161
-4.66    0.141166
-4.64    0.141172
-4.62    0.141178
-4.6    0.141184
-4.58    0.14119
-4.56    0.141196
-4.54    0.141203
-4.52    0.14121
-4.5    0.141218
-4.48    0.141225
-4.46    0.141233
-4.44    0.141241
-4.42    0.14125
-4.4    0.141258
-4.38    0.141267
-4.36    0.141276
-4.34    0.141286
-4.32    0.141295
-4.3    0.141305
-4.28    0.141315
-4.26    0.141325
-4.24    0.141336
-4.22    0.141347
-4.2    0.141358
-4.18    0.141369
-4.16    0.141381
-4.14    0.141393
-4.12    0.141405
-4.1    0.141417
-4.08    0.141429
-4.06    0.141442
-4.04    0.141455
-4.02    0.141468
-4    0.141482
-3.98    0.141495
-3.96    0.141509
-3.94    0.141523
-3.92    0.141537
-3.9    0.141552
-3.88    0.141566
-3.86    0.141581
-3.84    0.141596
-3.82    0.141612
-3.8    0.141627
-3.78    0.141643
-3.76    0.141659
-3.74    0.141675
-3.72    0.141691
-3.7    0.141707
-3.68    0.141724
-3.66    0.141741
-3.64    0.141758
-3.62    0.141775
-3.6    0.141793
-3.58    0.14181
-3.56    0.141828
-3.54    0.141846
-3.52    0.141864
-3.5    0.141882
-3.48    0.1419
-3.46    0.141919
-3.44    0.141938
-3.42    0.141957
-3.4    0.141976
-3.38    0.141995
-3.36    0.142015
-3.34    0.142034
-3.32    0.142054
-3.3    0.142074
-3.28    0.142094
-3.26    0.142115
-3.24    0.142135
-3.22    0.142156
-3.2    0.142177
-3.18    0.142198
-3.16    0.142219
-3.14    0.142241
-3.12    0.142263
-3.1    0.142285
-3.08    0.142307
-3.06    0.142329
-3.04    0.142352
-3.02    0.142375
-3    0.142398
-2.98    0.142422
-2.96    0.142446
-2.94    0.14247
-2.92    0.142494
-2.9    0.142519
-2.88    0.142544
-2.86    0.142569
-2.84    0.142595
-2.82    0.142622
-2.8    0.142648
-2.78    0.142675
-2.76    0.142703
-2.74    0.142731
-2.72    0.14276
-2.7    0.142789
-2.68    0.142819
-2.66    0.142849
-2.64    0.14288
-2.62    0.142911
-2.6    0.142944
-2.58    0.142977
-2.56    0.14301
-2.54    0.143045
-2.52    0.14308
-2.5    0.143117
-2.48    0.143154
-2.46    0.143192
-2.44    0.143231
-2.42    0.143271
-2.4    0.143312
-2.38    0.143355
-2.36    0.143398
-2.34    0.143443
-2.32    0.143489
-2.3    0.143537
-2.28    0.143586
-2.26    0.143636
-2.24    0.143688
-2.22    0.143741
-2.2    0.143796
-2.18    0.143853
-2.16    0.143911
-2.14    0.143972
-2.12    0.144034
-2.1    0.144098
-2.08    0.144164
-2.06    0.144232
-2.04    0.144303
-2.02    0.144375
-2    0.14445
-1.98    0.144528
-1.96    0.144607
-1.94    0.144689
-1.92    0.144774
-1.9    0.144861
-1.88    0.144951
-1.86    0.145043
-1.84    0.145139
-1.82    0.145237
-1.8    0.145338
-1.78    0.145442
-1.76    0.145549
-1.74    0.145658
-1.72    0.145771
-1.7    0.145887
-1.68    0.146006
-1.66    0.146128
-1.64    0.146253
-1.62    0.146381
-1.6    0.146512
-1.58    0.146646
-1.56    0.146783
-1.54    0.146922
-1.52    0.147065
-1.5    0.14721
-1.48    0.147358
-1.46    0.147509
-1.44    0.147662
-1.42    0.147817
-1.4    0.147974
-1.38    0.148133
-1.36    0.148293
-1.34    0.148455
-1.32    0.148618
-1.3    0.148782
-1.28    0.148946
-1.26    0.14911
-1.24    0.149274
-1.22    0.149438
-1.2    0.1496
-1.18    0.14976
-1.16    0.149918
-1.14    0.150074
-1.12    0.150226
-1.1    0.150374
-1.08    0.150517
-1.06    0.150654
-1.04    0.150785
-1.02    0.15091
-1    0.151026
-0.98    0.151133
-0.96    0.151231
-0.94    0.151318
-0.92    0.151392
-0.9    0.151455
-0.88    0.151503
-0.86    0.151536
-0.84    0.151553
-0.82    0.151552
-0.8    0.151533
-0.78    0.151494
-0.76    0.151435
-0.74    0.151354
-0.72    0.151249
-0.7    0.15112
-0.68    0.150966
-0.66    0.150786
-0.64    0.150579
-0.62    0.150345
-0.6    0.150082
-0.58    0.14979
-0.56    0.149469
-0.54    0.149119
-0.52    0.148741
-0.5    0.148335
-0.48    0.147901
-0.46    0.147441
-0.44    0.146957
-0.42    0.146451
-0.4    0.145925
-0.38    0.145383
-0.36    0.144828
-0.34    0.144265
-0.32    0.143698
-0.3    0.143133
-0.28    0.142577
-0.26    0.142036
-0.24    0.141517
-0.22    0.141029
-0.2    0.140581
-0.18    0.140182
-0.16    0.139842
-0.14    0.139571
-0.12    0.139381
-0.1    0.139282
-0.08    0.139287
-0.06    0.139406
-0.04    0.139652
-0.02    0.140037
-1.80342e-14    0.140572
0.02    0.141268
0.04    0.142135
0.06    0.143185
0.08    0.144426
0.1    0.145867
0.12    0.147512
0.14    0.149369
0.16    0.151439
0.18    0.153723
0.2    0.156221
0.22    0.158926
0.24    0.161833
0.26    0.16493
0.28    0.168204
0.3    0.171638
0.32    0.175212
0.34    0.178903
0.36    0.182685
0.38    0.186531
0.4    0.190412
0.42    0.194298
0.44    0.198156
0.46    0.201958
0.48    0.205674
0.5    0.209276
0.52    0.212739
0.54    0.216041
0.56    0.219161
0.58    0.222084
0.6    0.224796
0.62    0.227289
0.64    0.229557
0.66    0.231596
0.68    0.233408
0.7    0.234994
0.72    0.236359
0.74    0.237512
0.76    0.23846
0.78    0.239212
0.8    0.239781
0.82    0.240176
0.84    0.240411
0.86    0.240497
0.88    0.240445
0.9    0.240269
0.92    0.239979
0.94    0.239585
0.96    0.2391
0.98    0.238533
1    0.237894
1.02    0.237191
1.04    0.236433
1.06    0.235627
1.08    0.234781
1.1    0.2339
1.12    0.232992
1.14    0.232061
1.16    0.231113
1.18    0.230151
1.2    0.22918
1.22    0.228204
1.24    0.227225
1.26    0.226246
1.28    0.225269
1.3    0.224298
1.32    0.223334
1.34    0.222378
1.36    0.221432
1.38    0.220497
1.4    0.219575
1.42    0.218665
1.44    0.217769
1.46    0.216887
1.48    0.21602
1.5    0.215168
1.52    0.214332
1.54    0.21351
1.56    0.212704
1.58    0.211914
1.6    0.211139
1.62    0.210379
1.64    0.209635
1.66    0.208906
1.68    0.208191
1.7    0.207491
1.72    0.206805
1.74    0.206133
1.76    0.205475
1.78    0.204831
1.8    0.204199
1.82    0.203581
1.84    0.202974
1.86    0.20238
1.88    0.201798
1.9    0.201227
1.92    0.200667
1.94    0.200119
1.96    0.19958
1.98    0.199052
2    0.198534
2.02    0.198025
2.04    0.197526
2.06    0.197036
2.08    0.196554
2.1    0.196081
2.12    0.195617
2.14    0.19516
2.16    0.194711
2.18    0.194269
2.2    0.193835
2.22    0.193407
2.24    0.192986
2.26    0.192572
2.28    0.192164
2.3    0.191763
2.32    0.191367
2.34    0.190977
2.36    0.190593
2.38    0.190214
2.4    0.18984
2.42    0.189472
2.44    0.189108
2.46    0.188749
2.48    0.188395
2.5    0.188045
2.52    0.1877
2.54    0.187359
2.56    0.187022
2.58    0.186689
2.6    0.186359
2.62    0.186034
2.64    0.185712
2.66    0.185393
2.68    0.185079
2.7    0.184767
2.72    0.184459
2.74    0.184153
2.76    0.183851
2.78    0.183552
2.8    0.183255
2.82    0.182962
2.84    0.182671
2.86    0.182383
2.88    0.182097
2.9    0.181814
2.92    0.181533
2.94    0.181255
2.96    0.180979
2.98    0.180705
3    0.180433
3.02    0.180163
3.04    0.179896
3.06    0.17963
3.08    0.179367
3.1    0.179105
3.12    0.178845
3.14    0.178587
3.16    0.178331
3.18    0.178076
3.2    0.177824
3.22    0.177572
3.24    0.177323
3.26    0.177074
3.28    0.176828
3.3    0.176583
3.32    0.176339
3.34    0.176096
3.36    0.175855
3.38    0.175616
3.4    0.175377
3.42    0.17514
3.44    0.174904
3.46    0.174669
3.48    0.174435
3.5    0.174203
3.52    0.173971
3.54    0.173741
3.56    0.173511
3.58    0.173283
3.6    0.173056
3.62    0.172829
3.64    0.172604
3.66    0.172379
3.68    0.172155
3.7    0.171932
3.72    0.17171
3.74    0.171489
3.76    0.171269
3.78    0.171049
3.8    0.17083
3.82    0.170612
3.84    0.170394
3.86    0.170177
3.88    0.169961
3.9    0.169746
3.92    0.169531
3.94    0.169316
3.96    0.169103
3.98    0.16889
4    0.168677
4.02    0.168465
4.04    0.168253
4.06    0.168042
4.08    0.167832
4.1    0.167622
4.12    0.167412
4.14    0.167203
4.16    0.166995
4.18    0.166786
4.2    0.166578
4.22    0.166371
4.24    0.166164
4.26    0.165957
4.28    0.165751
4.3    0.165544
4.32    0.165339
4.34    0.165133
4.36    0.164928
4.38    0.164723
4.4    0.164519
4.42    0.164314
4.44    0.16411
4.46    0.163907
4.48    0.163703
4.5    0.1635
4.52    0.163297
4.54    0.163094
4.56    0.162891
4.58    0.162688
4.6    0.162486
4.62    0.162284
4.64    0.162082
4.66    0.16188
4.68    0.161678
4.7    0.161476
4.72    0.161275
4.74    0.161073
4.76    0.160872
4.78    0.160671
4.8    0.16047
4.82    0.160269
4.84    0.160068
4.86    0.159867
4.88    0.159666
4.9    0.159465
4.92    0.159264
4.94    0.159063
4.96    0.158863
4.98    0.158662
