-5    0.600626
-4.98    0.601407
-4.96    0.602188
-4.94    0.602969
-4.92    0.60375
-4.9    0.604531
-4.88    0.605312
-4.86    0.606093
-4.84    0.606874
-4.82    0.607655
-4.8    0.608436
-4.78    0.609217
-4.76    0.609998
-4.74    0.610779
-4.72    0.611559
-4.7    0.61234
-4.68    0.61312
-4.66    0.613901
-4.64    0.614681
-4.62    0.61546
-4.6    0.61624
-4.58    0.61702
-4.56    0.617799
-4.54    0.618578
-4.52    0.619357
-4.5    0.620135
-4.48    0.620913
-4.46    0.621691
-4.44    0.622469
-4.42    0.623246
-4.4    0.624023
-4.38    0.6248
-4.36    0.625576
-4.34    0.626352
-4.32    0.627128
-4.3    0.627903
-4.28    0.628678
-4.26    0.629452
-4.24    0.630226
-4.22    0.631
-4.2    0.631773
-4.18    0.632545
-4.16    0.633317
-4.14    0.634089
-4.12    0.63486
-4.1    0.63563
-4.08    0.6364
-4.06    0.637169
-4.04    0.637938
-4.02    0.638707
-4    0.639474
-3.98    0.640241
-3.96    0.641008
-3.94    0.641773
-3.92    0.642539
-3.9    0.643303
-3.88    0.644067
-3.86    0.64483
-3.84    0.645592
-3.82    0.646354
-3.8    0.647115
-3.78    0.647875
-3.76    0.648635
-3.74    0.649394
-3.72    0.650152
-3.7    0.650909
-3.68    0.651666
-3.66    0.652421
-3.64    0.653176
-3.62    0.65393
-3.6    0.654683
-3.58    0.655436
-3.56    0.656187
-3.54    0.656938
-3.52    0.657687
-3.5    0.658436
-3.48    0.659184
-3.46    0.659931
-3.44    0.660677
-3.42    0.661422
-3.4    0.662166
-3.38    0.66291
-3.36    0.663652
-3.34    0.664393
-3.32    0.665133
-3.3    0.665873
-3.28    0.666611
-3.26    0.667348
-3.24    0.668085
-3.22    0.66882
-3.2    0.669554
-3.18    0.670287
-3.16    0.671019
-3.14    0.67175
-3.12    0.67248
-3.1    0.673208
-3.08    0.673936
-3.06    0.674663
-3.04    0.675388
-3.02    0.676112
-3    0.676835
-2.98    0.677557
-2.96    0.678278
-2.94    0.678998
-2.92    0.679716
-2.9    0.680434
-2.88    0.68115
-2.86    0.681865
-2.84    0.682578
-2.82    0.683291
-2.8    0.684002
-2.78    0.684712
-2.76    0.685421
-2.74    0.686129
-2.72    0.686835
-2.7    0.68754
-2.68    0.688244
-2.66    0.688946
-2.64    0.689648
-2.62    0.690348
-2.6    0.691046
-2.58    0.691744
-2.56    0.69244
-2.54    0.693135
-2.52    0.693828
-2.5    0.69452
-2.48    0.695211
-2.46    0.6959
-2.44    0.696589
-2.42    0.697275
-2.4    0.697961
-2.38    0.698645
-2.36    0.699328
-2.34    0.700009
-2.32    0.700689
-2.3    0.701368
-2.28    0.702046
-2.26    0.702722
-2.24    0.703396
-2.22    0.704069
-2.2    0.704741
-2.18    0.705412
-2.16    0.706081
-2.14    0.706749
-2.12    0.707415
-2.1    0.70808
-2.08    0.708743
-2.06    0.709406
-2.04    0.710066
-2.02    0.710726
-2    0.711384
-1.98    0.71204
-1.96    0.712695
-1.94    0.713349
-1.92    0.714001
-1.9    0.714652
-1.88    0.715302
-1.86    0.71595
-1.84    0.716597
-1.82    0.717242
-1.8    0.717886
-1.78    0.718529
-1.76    0.71917
-1.74    0.719809
-1.72    0.720448
-1.7    0.721085
-1.68    0.72172
-1.66    0.722355
-1.64    0.722987
-1.62    0.723619
-1.6    0.724249
-1.58    0.724877
-1.56    0.725505
-1.54    0.72613
-1.52    0.726755
-1.5    0.727378
-1.48    0.728
-1.46    0.72862
-1.44    0.729239
-1.42    0.729857
-1.4    0.730474
-1.38    0.731089
-1.36    0.731702
-1.34    0.732315
-1.32    0.732926
-1.3    0.733536
-1.28    0.734144
-1.26    0.734751
-1.24    0.735357
-1.22    0.735962
-1.2    0.736565
-1.18    0.737167
-1.16    0.737768
-1.14    0.738368
-1.12    0.738966
-1.1    0.739563
-1.08    0.740159
-1.06    0.740754
-1.04    0.741347
-1.02    0.74194
-1    0.742531
-0.98    0.743121
-0.96    0.743709
-0.94    0.744297
-0.92    0.744884
-0.9    0.745469
-0.88    0.746053
-0.86    0.746636
-0.84    0.747219
-0.82    0.7478
-0.8    0.74838
-0.78    0.748959
-0.76    0.749536
-0.74    0.750113
-0.72    0.750689
-0.7    0.751264
-0.68    0.751838
-0.66    0.752411
-0.64    0.752983
-0.62    0.753555
-0.6    0.754125
-0.58    0.754694
-0.56    0.755263
-0.54    0.755831
-0.52    0.756397
-0.5    0.756963
-0.48    0.757529
-0.46    0.758093
-0.44    0.758657
-0.42    0.75922
-0.4    0.759782
-0.38    0.760344
-0.36    0.760905
-0.34    0.761465
-0.32    0.762025
-0.3    0.762584
-0.28    0.763143
-0.26    0.763701
-0.24    0.764258
-0.22    0.764815
-0.2    0.765372
-0.18    0.765928
-0.16    0.766483
-0.14    0.767039
-0.12    0.767593
-0.1    0.768148
-0.08    0.768702
-0.06    0.769256
-0.04    0.769809
-0.02    0.770362
-1.80342e-14    0.770915
0.02    0.771468
0.04    0.772021
0.06    0.772573
0.08    0.773125
0.1    0.773678
0.12    0.77423
0.14    0.774782
0.16    0.775334
0.18    0.775886
0.2    0.776438
0.22    0.77699
0.24    0.777543
0.26    0.778095
0.28    0.778648
0.3    0.7792
0.32    0.779753
0.34    0.780306
0.36    0.78086
0.38    0.781413
0.4    0.781967
0.42    0.782522
0.44    0.783076
0.46    0.783631
0.48    0.784187
0.5    0.784743
0.52    0.785299
0.54    0.785856
0.56    0.786414
0.58    0.786971
0.6    0.78753
0.62    0.788089
0.64    0.788649
0.66    0.789209
0.68    0.78977
0.7    0.790332
0.72    0.790894
0.74    0.791457
0.76    0.792021
0.78    0.792585
0.8    0.79315
0.82    0.793716
0.84    0.794283
0.86    0.794851
0.88    0.795419
0.9    0.795988
0.92    0.796558
0.94    0.797129
0.96    0.797701
0.98    0.798274
1    0.798847
1.02    0.799422
1.04    0.799997
1.06    0.800573
1.08    0.80115
1.1    0.801728
1.12    0.802306
1.14    0.802886
1.16    0.803466
1.18    0.804048
1.2    0.80463
1.22    0.805213
1.24    0.805796
1.26    0.806381
1.28    0.806966
1.3    0.807552
1.32    0.808139
1.34    0.808726
1.36    0.809314
1.38    0.809903
1.4    0.810492
1.42    0.811082
1.44    0.811673
1.46    0.812264
1.48    0.812855
1.5    0.813447
1.52    0.814039
1.54    0.814632
1.56    0.815225
1.58    0.815818
1.6    0.816412
1.62    0.817005
1.64    0.817599
1.66    0.818193
1.68    0.818786
1.7    0.81938
1.72    0.819973
1.74    0.820567
1.76    0.82116
1.78    0.821753
1.8    0.822345
1.82    0.822937
1.84    0.823528
1.86    0.824119
1.88    0.824709
1.9    0.825298
1.92    0.825887
1.94    0.826475
1.96    0.827061
1.98    0.827647
2    0.828231
2.02    0.828815
2.04    0.829397
2.06    0.829977
2.08    0.830557
2.1    0.831134
2.12    0.83171
2.14    0.832285
2.16    0.832857
2.18    0.833428
2.2    0.833997
2.22    0.834564
2.24    0.835128
2.26    0.835691
2.28    0.836251
2.3    0.836809
2.32    0.837365
2.34    0.837918
2.36    0.838469
2.38    0.839017
2.4    0.839562
2.42    0.840105
2.44    0.840644
2.46    0.841181
2.48    0.841715
2.5    0.842246
2.52    0.842774
2.54    0.843298
2.56    0.84382
2.58    0.844338
2.6    0.844852
2.62    0.845364
2.64    0.845872
2.66    0.846376
2.68    0.846877
2.7    0.847375
2.72    0.847868
2.74    0.848358
2.76    0.848845
2.78    0.849327
2.8    0.849806
2.82    0.850281
2.84    0.850753
2.86    0.85122
2.88    0.851683
2.9    0.852143
2.92    0.852599
2.94    0.85305
2.96    0.853498
2.98    0.853942
3    0.854381
3.02    0.854817
3.04    0.855249
3.06    0.855676
3.08    0.8561
3.1    0.85652
3.12    0.856935
3.14    0.857347
3.16    0.857754
3.18    0.858158
3.2    0.858557
3.22    0.858952
3.24    0.859344
3.26    0.859731
3.28    0.860115
3.3    0.860494
3.32    0.86087
3.34    0.861241
3.36    0.861609
3.38    0.861973
3.4    0.862333
3.42    0.862689
3.44    0.863041
3.46    0.86339
3.48    0.863734
3.5    0.864075
3.52    0.864413
3.54    0.864746
3.56    0.865076
3.58    0.865402
3.6    0.865725
3.62    0.866044
3.64    0.86636
3.66    0.866672
3.68    0.86698
3.7    0.867285
3.72    0.867587
3.74    0.867885
3.76    0.86818
3.78    0.868472
3.8    0.868761
3.82    0.869046
3.84    0.869328
3.86    0.869607
3.88    0.869883
3.9    0.870155
3.92    0.870425
3.94    0.870691
3.96    0.870955
3.98    0.871216
4    0.871474
4.02    0.871729
4.04    0.871981
4.06    0.87223
4.08    0.872477
4.1    0.872721
4.12    0.872962
4.14    0.8732
4.16    0.873436
4.18    0.87367
4.2    0.873901
4.22    0.874129
4.24    0.874355
4.26    0.874578
4.28    0.874799
4.3    0.875018
4.32    0.875234
4.34    0.875448
4.36    0.87566
4.38    0.87587
4.4    0.876077
4.42    0.876282
4.44    0.876485
4.46    0.876686
4.48    0.876885
4.5    0.877082
4.52    0.877277
4.54    0.87747
4.56    0.877661
4.58    0.877849
4.6    0.878037
4.62    0.878222
4.64    0.878405
4.66    0.878587
4.68    0.878766
4.7    0.878944
4.72    0.87912
4.74    0.879295
4.76    0.879468
4.78    0.879639
4.8    0.879809
4.82    0.879977
4.84    0.880143
4.86    0.880308
4.88    0.880471
4.9    0.880633
4.92    0.880793
4.94    0.880952
4.96    0.881109
4.98    0.881265
