-5    0.998736
-4.98    0.998736
-4.96    0.998736
-4.94    0.998736
-4.92    0.998736
-4.9    0.998736
-4.88    0.998736
-4.86    0.998736
-4.84    0.998736
-4.82    0.998736
-4.8    0.998736
-4.78    0.998736
-4.76    0.998736
-4.74    0.998736
-4.72    0.998736
-4.7    0.998736
-4.68    0.998736
-4.66    0.998736
-4.64    0.998736
-4.62    0.998736
-4.6    0.998736
-4.58    0.998736
-4.56    0.998736
-4.54    0.998736
-4.52    0.998736
-4.5    0.998736
-4.48    0.998736
-4.46    0.998736
-4.44    0.998736
-4.42    0.998736
-4.4    0.998736
-4.38    0.998736
-4.36    0.998736
-4.34    0.998736
-4.32    0.998736
-4.3    0.998736
-4.28    0.998736
-4.26    0.998736
-4.24    0.998736
-4.22    0.998736
-4.2    0.998736
-4.18    0.998736
-4.16    0.998736
-4.14    0.998736
-4.12    0.998736
-4.1    0.998736
-4.08    0.998736
-4.06    0.998736
-4.04    0.998736
-4.02    0.998736
-4    0.998736
-3.98    0.998736
-3.96    0.998736
-3.94    0.998736
-3.92    0.998736
-3.9    0.998736
-3.88    0.998736
-3.86    0.998736
-3.84    0.998736
-3.82    0.998736
-3.8    0.998736
-3.78    0.998736
-3.76    0.998736
-3.74    0.998736
-3.72    0.998736
-3.7    0.998736
-3.68    0.998736
-3.66    0.998736
-3.64    0.998736
-3.62    0.998736
-3.6    0.998736
-3.58    0.998736
-3.56    0.998736
-3.54    0.998736
-3.52    0.998736
-3.5    0.998736
-3.48    0.998736
-3.46    0.998736
-3.44    0.998736
-3.42    0.998736
-3.4    0.998736
-3.38    0.998736
-3.36    0.998736
-3.34    0.998736
-3.32    0.998736
-3.3    0.998736
-3.28    0.998736
-3.26    0.998736
-3.24    0.998736
-3.22    0.998736
-3.2    0.998736
-3.18    0.998736
-3.16    0.998736
-3.14    0.998736
-3.12    0.998736
-3.1    0.998736
-3.08    0.998736
-3.06    0.998736
-3.04    0.998736
-3.02    0.998736
-3    0.998736
-2.98    0.998736
-2.96    0.998736
-2.94    0.998736
-2.92    0.998736
-2.9    0.998736
-2.88    0.998736
-2.86    0.998736
-2.84    0.998736
-2.82    0.998736
-2.8    0.998736
-2.78    0.998736
-2.76    0.998736
-2.74    0.998736
-2.72    0.998736
-2.7    0.998736
-2.68    0.998736
-2.66    0.998736
-2.64    0.998736
-2.62    0.998736
-2.6    0.998736
-2.58    0.998736
-2.56    0.998736
-2.54    0.998736
-2.52    0.998736
-2.5    0.998736
-2.48    0.998736
-2.46    0.998736
-2.44    0.998736
-2.42    0.998736
-2.4    0.998736
-2.38    0.998736
-2.36    0.998736
-2.34    0.998736
-2.32    0.998736
-2.3    0.998736
-2.28    0.998736
-2.26    0.998736
-2.24    0.998736
-2.22    0.998736
-2.2    0.998736
-2.18    0.998736
-2.16    0.998736
-2.14    0.998736
-2.12    0.998736
-2.1    0.998736
-2.08    0.998736
-2.06    0.998736
-2.04    0.998736
-2.02    0.998736
-2    0.998736
-1.98    0.998736
-1.96    0.998736
-1.94    0.998736
-1.92    0.998736
-1.9    0.998736
-1.88    0.998736
-1.86    0.998736
-1.84    0.998736
-1.82    0.998736
-1.8    0.998736
-1.78    0.998736
-1.76    0.998736
-1.74    0.998736
-1.72    0.998736
-1.7    0.998736
-1.68    0.998736
-1.66    0.998736
-1.64    0.998736
-1.62    0.998736
-1.6    0.998736
-1.58    0.998736
-1.56    0.998736
-1.54    0.998736
-1.52    0.998736
-1.5    0.998736
-1.48    0.998736
-1.46    0.998736
-1.44    0.998736
-1.42    0.998736
-1.4    0.998736
-1.38    0.998736
-1.36    0.998736
-1.34    0.998736
-1.32    0.998736
-1.3    0.998736
-1.28    0.998736
-1.26    0.998736
-1.24    0.998736
-1.22    0.998736
-1.2    0.998736
-1.18    0.998736
-1.16    0.998736
-1.14    0.998736
-1.12    0.998736
-1.1    0.998736
-1.08    0.998736
-1.06    0.998736
-1.04    0.998736
-1.02    0.998736
-1    0.998736
-0.98    0.998736
-0.96    0.998736
-0.94    0.998736
-0.92    0.998736
-0.9    0.998736
-0.88    0.998736
-0.86    0.998736
-0.84    0.998736
-0.82    0.998735
-0.8    0.998735
-0.78    0.998735
-0.76    0.998735
-0.74    0.998735
-0.72    0.998735
-0.7    0.998735
-0.68    0.998735
-0.66    0.998735
-0.64    0.998735
-0.62    0.998735
-0.6    0.998734
-0.58    0.998734
-0.56    0.998734
-0.54    0.998734
-0.52    0.998734
-0.5    0.998734
-0.48    0.998733
-0.46    0.998733
-0.44    0.998733
-0.42    0.998733
-0.4    0.998732
-0.38    0.998732
-0.36    0.998732
-0.34    0.998732
-0.32    0.998731
-0.3    0.998731
-0.28    0.998731
-0.26    0.99873
-0.24    0.99873
-0.22    0.998729
-0.2    0.998729
-0.18    0.998728
-0.16    0.998728
-0.14    0.998727
-0.12    0.998727
-0.1    0.998726
-0.08    0.998725
-0.06    0.998725
-0.04    0.998724
-0.02    0.998723
-1.80342e-14    0.998722
0.02    0.998721
0.04    0.99872
0.06    0.998719
0.08    0.998718
0.1    0.998717
0.12    0.998716
0.14    0.998714
0.16    0.998713
0.18    0.998711
0.2    0.99871
0.22    0.998708
0.24    0.998706
0.26    0.998704
0.28    0.998702
0.3    0.9987
0.32    0.998698
0.34    0.998695
0.36    0.998692
0.38    0.99869
0.4    0.998687
0.42    0.998683
0.44    0.99868
0.46    0.998676
0.48    0.998672
0.5    0.998668
0.52    0.998664
0.54    0.998659
0.56    0.998654
0.58    0.998649
0.6    0.998643
0.62    0.998637
0.64    0.998631
0.66    0.998624
0.68    0.998617
0.7    0.998609
0.72    0.998601
0.74    0.998592
0.76    0.998582
0.78    0.998572
0.8    0.998561
0.82    0.99855
0.84    0.998537
0.86    0.998524
0.88    0.99851
0.9    0.998495
0.92    0.998479
0.94    0.998461
0.96    0.998443
0.98    0.998423
1    0.998401
1.02    0.998378
1.04    0.998353
1.06    0.998327
1.08    0.998298
1.1    0.998267
1.12    0.998234
1.14    0.998198
1.16    0.998159
1.18    0.998118
1.2    0.998073
1.22    0.998024
1.24    0.997971
1.26    0.997913
1.28    0.997851
1.3    0.997783
1.32    0.99771
1.34    0.997629
1.36    0.997542
1.38    0.997446
1.4    0.997341
1.42    0.997226
1.44    0.997101
1.46    0.996962
1.48    0.99681
1.5    0.996643
1.52    0.996457
1.54    0.996253
1.56    0.996026
1.58    0.995774
1.6    0.995494
1.62    0.995182
1.64    0.994834
1.66    0.994444
1.68    0.994009
1.7    0.99352
1.72    0.99297
1.74    0.992351
1.76    0.991654
1.78    0.990865
1.8    0.989974
1.82    0.988963
1.84    0.987817
1.86    0.986515
1.88    0.985035
1.9    0.983351
1.92    0.981433
1.94    0.979248
1.96    0.976757
1.98    0.973919
2    0.970686
2.02    0.967005
2.04    0.962818
2.06    0.958062
2.08    0.952667
2.1    0.946561
2.12    0.939668
2.14    0.931908
2.16    0.923202
2.18    0.913472
2.2    0.902644
2.22    0.890653
2.24    0.877443
2.26    0.862973
2.28    0.847221
2.3    0.830186
2.32    0.811891
2.34    0.792386
2.36    0.771747
2.38    0.750078
2.4    0.727507
2.42    0.704184
2.44    0.680275
2.46    0.655959
2.48    0.631419
2.5    0.606841
2.52    0.582401
2.54    0.558267
2.56    0.534592
2.58    0.511507
2.6    0.489128
2.62    0.467547
2.64    0.446835
2.66    0.427045
2.68    0.408209
2.7    0.390345
2.72    0.373456
2.74    0.357532
2.76    0.342554
2.78    0.328495
2.8    0.315322
2.82    0.302997
2.84    0.29148
2.86    0.280729
2.88    0.270702
2.9    0.261356
2.92    0.252649
2.94    0.24454
2.96    0.23699
2.98    0.229961
3    0.223418
3.02    0.217327
3.04    0.211657
3.06    0.206376
3.08    0.201459
3.1    0.196878
3.12    0.19261
3.14    0.188632
3.16    0.184923
3.18    0.181464
3.2    0.178238
3.22    0.175227
3.24    0.172416
3.26    0.169792
3.28    0.167341
3.3    0.16505
3.32    0.162909
3.34    0.160907
3.36    0.159035
3.38    0.157284
3.4    0.155645
3.42    0.154111
3.44    0.152674
3.46    0.151329
3.48    0.150069
3.5    0.148888
3.52    0.147782
3.54    0.146745
3.56    0.145772
3.58    0.14486
3.6    0.144005
3.62    0.143202
3.64    0.14245
3.66    0.141743
3.68    0.14108
3.7    0.140457
3.72    0.139873
3.74    0.139324
3.76    0.138809
3.78    0.138325
3.8    0.137871
3.82    0.137444
3.84    0.137043
3.86    0.136666
3.88    0.136312
3.9    0.135979
3.92    0.135667
3.94    0.135373
3.96    0.135097
3.98    0.134837
4    0.134593
4.02    0.134364
4.04    0.134148
4.06    0.133945
4.08    0.133755
4.1    0.133576
4.12    0.133407
4.14    0.133249
4.16    0.1331
4.18    0.13296
4.2    0.132828
4.22    0.132705
4.24    0.132588
4.26    0.132479
4.28    0.132376
4.3    0.132279
4.32    0.132188
4.34    0.132103
4.36    0.132022
4.38    0.131947
4.4    0.131876
4.42    0.131809
4.44    0.131746
4.46    0.131687
4.48    0.131631
4.5    0.131579
4.52    0.13153
4.54    0.131484
4.56    0.13144
4.58    0.1314
4.6    0.131361
4.62    0.131325
4.64    0.131292
4.66    0.13126
4.68    0.13123
4.7    0.131202
4.72    0.131176
4.74    0.131151
4.76    0.131128
4.78    0.131106
4.8    0.131085
4.82    0.131066
4.84    0.131048
4.86    0.131031
4.88    0.131015
4.9    0.131
4.92    0.130986
4.94    0.130973
4.96    0.130961
4.98    0.13095
