-5    0.0342157
-4.98    0.0342208
-4.96    0.034226
-4.94    0.0342314
-4.92    0.0342371
-4.9    0.034243
-4.88    0.0342491
-4.86    0.0342555
-4.84    0.0342621
-4.82    0.034269
-4.8    0.0342762
-4.78    0.0342837
-4.76    0.0342914
-4.74    0.0342995
-4.72    0.0343079
-4.7    0.0343166
-4.68    0.0343257
-4.66    0.0343352
-4.64    0.034345
-4.62    0.0343552
-4.6    0.0343658
-4.58    0.0343768
-4.56    0.0343883
-4.54    0.0344002
-4.52    0.0344126
-4.5    0.0344255
-4.48    0.0344389
-4.46    0.0344529
-4.44    0.0344673
-4.42    0.0344824
-4.4    0.034498
-4.38    0.0345143
-4.36    0.0345312
-4.34    0.0345487
-4.32    0.0345669
-4.3    0.0345859
-4.28    0.0346056
-4.26    0.034626
-4.24    0.0346473
-4.22    0.0346694
-4.2    0.0346923
-4.18    0.0347162
-4.16    0.0347409
-4.14    0.0347666
-4.12    0.0347934
-4.1    0.0348211
-4.08    0.0348499
-4.06    0.0348799
-4.04    0.034911
-4.02    0.0349433
-4    0.0349768
-3.98    0.0350117
-3.96    0.0350479
-3.94    0.0350855
-3.92    0.0351245
-3.9    0.035165
-3.88    0.0352071
-3.86    0.0352508
-3.84    0.0352962
-3.82    0.0353433
-3.8    0.0353922
-3.78    0.035443
-3.76    0.0354958
-3.74    0.0355505
-3.72    0.0356074
-3.7    0.0356664
-3.68    0.0357277
-3.66    0.0357913
-3.64    0.0358574
-3.62    0.035926
-3.6    0.0359971
-3.58    0.036071
-3.56    0.0361477
-3.54    0.0362274
-3.52    0.03631
-3.5    0.0363958
-3.48    0.0364849
-3.46    0.0365773
-3.44    0.0366733
-3.42    0.0367729
-3.4    0.0368763
-3.38    0.0369836
-3.36    0.0370949
-3.34    0.0372105
-3.32    0.0373305
-3.3    0.037455
-3.28    0.0375842
-3.26    0.0377184
-3.24    0.0378576
-3.22    0.038002
-3.2    0.038152
-3.18    0.0383076
-3.16    0.038469
-3.14    0.0386366
-3.12    0.0388105
-3.1    0.038991
-3.08    0.0391783
-3.06    0.0393727
-3.04    0.0395744
-3.02    0.0397837
-3    0.0400009
-2.98    0.0402263
-2.96    0.0404602
-2.94    0.0407029
-2.92    0.0409547
-2.9    0.041216
-2.88    0.0414872
-2.86    0.0417686
-2.84    0.0420605
-2.82    0.0423635
-2.8    0.0426778
-2.78    0.0430039
-2.76    0.0433423
-2.74    0.0436934
-2.72    0.0440576
-2.7    0.0444355
-2.68    0.0448275
-2.66    0.0452342
-2.64    0.0456562
-2.62    0.0460939
-2.6    0.0465479
-2.58    0.0470189
-2.56    0.0475074
-2.54    0.0480141
-2.52    0.0485397
-2.5    0.0490848
-2.48    0.0496501
-2.46    0.0502363
-2.44    0.0508443
-2.42    0.0514747
-2.4    0.0521284
-2.38    0.0528062
-2.36    0.0535089
-2.34    0.0542374
-2.32    0.0549927
-2.3    0.0557755
-2.28    0.056587
-2.26    0.0574281
-2.24    0.0582997
-2.22    0.059203
-2.2    0.0601391
-2.18    0.061109
-2.16    0.062114
-2.14    0.0631551
-2.12    0.0642337
-2.1    0.065351
-2.08    0.0665083
-2.06    0.0677069
-2.04    0.0689483
-2.02    0.0702339
-2    0.0715652
-1.98    0.0729437
-1.96    0.074371
-1.94    0.0758487
-1.92    0.0773786
-1.9    0.0789623
-1.88    0.0806018
-1.86    0.0822989
-1.84    0.0840555
-1.82    0.0858736
-1.8    0.0877553
-1.78    0.0897027
-1.76    0.091718
-1.74    0.0938034
-1.72    0.0959614
-1.7    0.0981942
-1.68    0.100504
-1.66    0.102894
-1.64    0.105366
-1.62    0.107923
-1.6    0.110568
-1.58    0.113302
-1.56    0.116129
-1.54    0.119052
-1.52    0.122072
-1.5    0.125193
-1.48    0.128417
-1.46    0.131746
-1.44    0.135182
-1.42    0.138728
-1.4    0.142387
-1.38    0.146158
-1.36    0.150045
-1.34    0.154048
-1.32    0.158169
-1.3    0.162408
-1.28    0.166766
-1.26    0.171243
-1.24    0.175839
-1.22    0.180552
-1.2    0.185381
-1.18    0.190326
-1.16    0.195383
-1.14    0.20055
-1.12    0.205824
-1.1    0.2112
-1.08    0.216675
-1.06    0.222244
-1.04    0.227901
-1.02    0.23364
-1    0.239455
-0.98    0.245338
-0.96    0.251283
-0.94    0.257282
-0.92    0.263325
-0.9    0.269406
-0.88    0.275514
-0.86    0.28164
-0.84    0.287775
-0.82    0.29391
-0.8    0.300035
-0.78    0.30614
-0.76    0.312215
-0.74    0.31825
-0.72    0.324237
-0.7    0.330165
-0.68    0.336025
-0.66    0.341808
-0.64    0.347505
-0.62    0.353108
-0.6    0.358609
-0.58    0.363999
-0.56    0.369272
-0.54    0.37442
-0.52    0.379437
-0.5    0.384316
-0.48    0.389052
-0.46    0.393639
-0.44    0.398072
-0.42    0.402347
-0.4    0.406459
-0.38    0.410406
-0.36    0.414183
-0.34    0.417787
-0.32    0.421216
-0.3    0.424468
-0.28    0.42754
-0.26    0.430431
-0.24    0.43314
-0.22    0.435665
-0.2    0.438006
-0.18    0.440162
-0.16    0.442133
-0.14    0.443918
-0.12    0.445518
-0.1    0.446932
-0.08    0.448162
-0.06    0.449207
-0.04    0.450068
-0.02    0.450746
-1.80342e-14    0.451242
0.02    0.451557
0.04    0.451692
0.06    0.451648
0.08    0.451426
0.1    0.451029
0.12    0.450457
0.14    0.449712
0.16    0.448795
0.18    0.447709
0.2    0.446455
0.22    0.445036
0.24    0.443452
0.26    0.441706
0.28    0.439801
0.3    0.437738
0.32    0.43552
0.34    0.433149
0.36    0.430627
0.38    0.427958
0.4    0.425143
0.42    0.422186
0.44    0.41909
0.46    0.415856
0.48    0.412489
0.5    0.40899
0.52    0.405364
0.54    0.401614
0.56    0.397743
0.58    0.393754
0.6    0.389651
0.62    0.385437
0.64    0.381116
0.66    0.376693
0.68    0.372169
0.7    0.367551
0.72    0.362841
0.74    0.358043
0.76    0.353162
0.78    0.348201
0.8    0.343166
0.82    0.338059
0.84    0.332887
0.86    0.327652
0.88    0.322359
0.9    0.317013
0.92    0.311619
0.94    0.30618
0.96    0.300702
0.98    0.295188
1    0.289644
1.02    0.284075
1.04    0.278484
1.06    0.272877
1.08    0.267258
1.1    0.261631
1.12    0.256003
1.14    0.250376
1.16    0.244756
1.18    0.239148
1.2    0.233555
1.22    0.227983
1.24    0.222435
1.26    0.216916
1.28    0.211431
1.3    0.205984
1.32    0.200579
1.34    0.195219
1.36    0.189909
1.38    0.184653
1.4    0.179454
1.42    0.174316
1.44    0.169243
1.46    0.164237
1.48    0.159302
1.5    0.154441
1.52    0.149656
1.54    0.14495
1.56    0.140327
1.58    0.135787
1.6    0.131333
1.62    0.126967
1.64    0.12269
1.66    0.118505
1.68    0.114412
1.7    0.110413
1.72    0.106508
1.74    0.102698
1.76    0.0989845
1.78    0.0953666
1.8    0.0918449
1.82    0.0884196
1.84    0.0850902
1.86    0.0818567
1.88    0.0787183
1.9    0.0756745
1.92    0.0727245
1.94    0.0698673
1.96    0.0671019
1.98    0.0644271
2    0.0618416
2.02    0.059344
2.04    0.0569327
2.06    0.0546063
2.08    0.052363
2.1    0.0502012
2.12    0.048119
2.14    0.0461145
2.16    0.044186
2.18    0.0423315
2.2    0.040549
2.22    0.0388365
2.24    0.0371922
2.26    0.0356139
2.28    0.0340997
2.3    0.0326475
2.32    0.0312555
2.34    0.0299216
2.36    0.0286438
2.38    0.0274202
2.4    0.026249
2.42    0.0251282
2.44    0.0240559
2.46    0.0230304
2.48    0.02205
2.5    0.0211127
2.52    0.020217
2.54    0.0193612
2.56    0.0185437
2.58    0.017763
2.6    0.0170174
2.62    0.0163055
2.64    0.015626
2.66    0.0149774
2.68    0.0143583
2.7    0.0137676
2.72    0.0132039
2.74    0.012666
2.76    0.0121528
2.78    0.0116633
2.8    0.0111962
2.82    0.0107506
2.84    0.0103255
2.86    0.00992003
2.88    0.00953317
2.9    0.00916409
2.92    0.00881197
2.94    0.00847601
2.96    0.00815545
2.98    0.00784957
3    0.00755766
3.02    0.00727907
3.04    0.00701316
3.06    0.00675934
3.08    0.00651701
3.1    0.00628564
3.12    0.0060647
3.14    0.00585369
3.16    0.00565213
3.18    0.00545958
3.2    0.0052756
3.22    0.00509979
3.24    0.00493174
3.26    0.00477109
3.28    0.00461749
3.3    0.0044706
3.32    0.0043301
3.34    0.00419569
3.36    0.00406707
3.38    0.00394398
3.4    0.00382615
3.42    0.00371332
3.44    0.00360528
3.46    0.00350179
3.48    0.00340263
3.5    0.00330761
3.52    0.00321653
3.54    0.00312922
3.56    0.00304549
3.58    0.00296517
3.6    0.00288812
3.62    0.00281419
3.64    0.00274322
3.66    0.00267509
3.68    0.00260967
3.7    0.00254683
3.72    0.00248647
3.74    0.00242846
3.76    0.0023727
3.78    0.0023191
3.8    0.00226755
3.82    0.00221797
3.84    0.00217028
3.86    0.00212438
3.88    0.0020802
3.9    0.00203768
3.92    0.00199672
3.94    0.00195728
3.96    0.00191929
3.98    0.00188267
4    0.00184738
4.02    0.00181337
4.04    0.00178057
4.06    0.00174893
4.08    0.00171842
4.1    0.00168898
4.12    0.00166057
4.14    0.00163314
4.16    0.00160667
4.18    0.0015811
4.2    0.00155641
4.22    0.00153255
4.24    0.00150951
4.26    0.00148723
4.28    0.0014657
4.3    0.00144489
4.32    0.00142476
4.34    0.0014053
4.36    0.00138647
4.38    0.00136825
4.4    0.00135062
4.42    0.00133356
4.44    0.00131705
4.46    0.00130106
4.48    0.00128558
4.5    0.00127058
4.52    0.00125606
4.54    0.00124199
4.56    0.00122835
4.58    0.00121514
4.6    0.00120233
4.62    0.00118991
4.64    0.00117788
4.66    0.0011662
4.68    0.00115488
4.7    0.0011439
4.72    0.00113325
4.74    0.00112291
4.76    0.00111288
4.78    0.00110314
4.8    0.0010937
4.82    0.00108452
4.84    0.00107562
4.86    0.00106697
4.88    0.00105857
4.9    0.00105042
4.92    0.0010425
4.94    0.0010348
4.96    0.00102732
4.98    0.00102006
