-5    0.000334869
-4.98    0.000336011
-4.96    0.000337189
-4.94    0.000338403
-4.92    0.000339655
-4.9    0.000340945
-4.88    0.000342276
-4.86    0.000343649
-4.84    0.000345065
-4.82    0.000346525
-4.8    0.000348032
-4.78    0.000349586
-4.76    0.000351189
-4.74    0.000352844
-4.72    0.000354552
-4.7    0.000356314
-4.68    0.000358134
-4.66    0.000360012
-4.64    0.000361951
-4.62    0.000363954
-4.6    0.000366022
-4.58    0.000368159
-4.56    0.000370366
-4.54    0.000372647
-4.52    0.000375004
-4.5    0.00037744
-4.48    0.000379958
-4.46    0.000382562
-4.44    0.000385255
-4.42    0.00038804
-4.4    0.000390922
-4.38    0.000393904
-4.36    0.00039699
-4.34    0.000400185
-4.32    0.000403494
-4.3    0.000406921
-4.28    0.000410472
-4.26    0.000414152
-4.24    0.000417966
-4.22    0.000421922
-4.2    0.000426025
-4.18    0.000430282
-4.16    0.000434701
-4.14    0.000439289
-4.12    0.000444055
-4.1    0.000449007
-4.08    0.000454155
-4.06    0.000459509
-4.04    0.00046508
-4.02    0.000470878
-4    0.000476917
-3.98    0.000483208
-3.96    0.000489767
-3.94    0.000496609
-3.92    0.000503748
-3.9    0.000511204
-3.88    0.000518994
-3.86    0.000527138
-3.84    0.000535658
-3.82    0.000544577
-3.8    0.00055392
-3.78    0.000563714
-3.76    0.000573989
-3.74    0.000584774
-3.72    0.000596105
-3.7    0.000608016
-3.68    0.000620548
-3.66    0.000633742
-3.64    0.000647643
-3.62    0.0006623
-3.6    0.000677765
-3.58    0.000694093
-3.56    0.000711344
-3.54    0.000729582
-3.52    0.000748874
-3.5    0.000769293
-3.48    0.000790913
-3.46    0.000813817
-3.44    0.000838088
-3.42    0.000863815
-3.4    0.000891092
-3.38    0.000920014
-3.36    0.000950682
-3.34    0.000983199
-3.32    0.00101767
-3.3    0.00105421
-3.28    0.00109291
-3.26    0.0011339
-3.24    0.00117728
-3.22    0.00122317
-3.2    0.00127168
-3.18    0.00132292
-3.16    0.00137699
-3.14    0.00143401
-3.12    0.00149408
-3.1    0.00155731
-3.08    0.00162381
-3.06    0.00169369
-3.04    0.00176704
-3.02    0.001844
-3    0.00192465
-2.98    0.00200913
-2.96    0.00209756
-2.94    0.00219007
-2.92    0.00228679
-2.9    0.00238787
-2.88    0.00249348
-2.86    0.00260378
-2.84    0.00271895
-2.82    0.00283919
-2.8    0.00296472
-2.78    0.00309575
-2.76    0.00323253
-2.74    0.00337532
-2.72    0.0035244
-2.7    0.00368005
-2.68    0.00384258
-2.66    0.00401232
-2.64    0.00418961
-2.62    0.00437482
-2.6    0.00456832
-2.58    0.0047705
-2.56    0.00498178
-2.54    0.00520259
-2.52    0.00543336
-2.5    0.00567457
-2.48    0.00592669
-2.46    0.00619021
-2.44    0.00646564
-2.42    0.00675351
-2.4    0.00705435
-2.38    0.00736871
-2.36    0.00769715
-2.34    0.00804026
-2.32    0.00839861
-2.3    0.00877281
-2.28    0.00916346
-2.26    0.00957117
-2.24    0.00999657
-2.22    0.0104403
-2.2    0.0109029
-2.18    0.0113851
-2.16    0.0118875
-2.14    0.0124107
-2.12    0.0129554
-2.1    0.0135221
-2.08    0.0141115
-2.06    0.0147242
-2.04    0.0153607
-2.02    0.0160216
-2    0.0167075
-1.98    0.0174189
-1.96    0.0181563
-1.94    0.0189201
-1.92    0.0197109
-1.9    0.020529
-1.88    0.0213747
-1.86    0.0222485
-1.84    0.0231507
-1.82    0.0240814
-1.8    0.0250409
-1.78    0.0260293
-1.76    0.0270468
-1.74    0.0280935
-1.72    0.0291691
-1.7    0.0302739
-1.68    0.0314075
-1.66    0.0325699
-1.64    0.0337608
-1.62    0.0349798
-1.6    0.0362267
-1.58    0.037501
-1.56    0.0388021
-1.54    0.0401296
-1.52    0.0414828
-1.5    0.042861
-1.48    0.0442635
-1.46    0.0456894
-1.44    0.047138
-1.42    0.0486082
-1.4    0.0500992
-1.38    0.0516098
-1.36    0.053139
-1.34    0.0546857
-1.32    0.0562487
-1.3    0.0578268
-1.28    0.0594188
-1.26    0.0610232
-1.24    0.062639
-1.22    0.0642646
-1.2    0.0658987
-1.18    0.0675399
-1.16    0.0691869
-1.14    0.0708382
-1.12    0.0724923
-1.1    0.0741478
-1.08    0.0758033
-1.06    0.0774573
-1.04    0.0791083
-1.02    0.080755
-1    0.0823959
-0.98    0.0840295
-0.96    0.0856546
-0.94    0.0872695
-0.92    0.0888731
-0.9    0.090464
-0.88    0.0920408
-0.86    0.0936022
-0.84    0.0951469
-0.82    0.0966737
-0.8    0.0981814
-0.78    0.0996688
-0.76    0.101135
-0.74    0.102578
-0.72    0.103998
-0.7    0.105393
-0.68    0.106762
-0.66    0.108104
-0.64    0.109419
-0.62    0.110705
-0.6    0.111962
-0.58    0.113188
-0.56    0.114382
-0.54    0.115545
-0.52    0.116674
-0.5    0.11777
-0.48    0.118831
-0.46    0.119856
-0.44    0.120845
-0.42    0.121798
-0.4    0.122712
-0.38    0.123588
-0.36    0.124424
-0.34    0.125221
-0.32    0.125977
-0.3    0.126693
-0.28    0.127367
-0.26    0.127998
-0.24    0.128587
-0.22    0.129134
-0.2    0.129636
-0.18    0.130095
-0.16    0.13051
-0.14    0.13088
-0.12    0.131205
-0.1    0.131484
-0.08    0.131718
-0.06    0.131906
-0.04    0.132048
-0.02    0.132143
-1.80342e-14    0.132191
0.02    0.132192
0.04    0.132146
0.06    0.132052
0.08    0.13191
0.1    0.131721
0.12    0.131483
0.14    0.131198
0.16    0.130864
0.18    0.130482
0.2    0.130052
0.22    0.129573
0.24    0.129046
0.26    0.128472
0.28    0.127849
0.3    0.127179
0.32    0.126461
0.34    0.125696
0.36    0.124884
0.38    0.124026
0.4    0.123122
0.42    0.122172
0.44    0.121178
0.46    0.12014
0.48    0.119059
0.5    0.117936
0.52    0.116771
0.54    0.115565
0.56    0.114321
0.58    0.113038
0.6    0.111719
0.62    0.110364
0.64    0.108976
0.66    0.107555
0.68    0.106103
0.7    0.104623
0.72    0.103116
0.74    0.101583
0.76    0.100028
0.78    0.0984515
0.8    0.0968563
0.82    0.0952446
0.84    0.0936185
0.86    0.0919806
0.88    0.090333
0.9    0.0886783
0.92    0.0870188
0.94    0.0853569
0.96    0.0836949
0.98    0.0820352
1    0.08038
1.02    0.0787315
1.04    0.0770918
1.06    0.0754627
1.08    0.0738461
1.1    0.0722436
1.12    0.0706566
1.14    0.0690865
1.16    0.0675341
1.18    0.0660004
1.2    0.064486
1.22    0.0629912
1.24    0.0615162
1.26    0.0600611
1.28    0.0586256
1.3    0.0572095
1.32    0.0558125
1.34    0.0544339
1.36    0.0530735
1.38    0.0517307
1.4    0.0504052
1.42    0.0490965
1.44    0.0478047
1.46    0.0465295
1.48    0.045271
1.5    0.0440296
1.52    0.0428056
1.54    0.0415994
1.56    0.0404117
1.58    0.0392431
1.6    0.0380946
1.62    0.0369667
1.64    0.0358604
1.66    0.0347764
1.68    0.0337155
1.7    0.0326784
1.72    0.0316656
1.74    0.0306777
1.76    0.0297151
1.78    0.0287781
1.8    0.027867
1.82    0.0269818
1.84    0.0261227
1.86    0.0252894
1.88    0.024482
1.9    0.0237
1.92    0.0229432
1.94    0.0222111
1.96    0.0215035
1.98    0.0208197
2    0.0201592
2.02    0.0195215
2.04    0.0189058
2.06    0.0183118
2.08    0.0177385
2.1    0.0171855
2.12    0.0166521
2.14    0.0161376
2.16    0.0156413
2.18    0.0151625
2.2    0.0147008
2.22    0.0142553
2.24    0.0138254
2.26    0.0134106
2.28    0.0130103
2.3    0.0126238
2.32    0.0122507
2.34    0.0118903
2.36    0.0115421
2.38    0.0112056
2.4    0.0108803
2.42    0.0105658
2.44    0.0102616
2.46    0.00996716
2.48    0.0096822
2.5    0.00940626
2.52    0.00913896
2.54    0.00887994
2.56    0.00862884
2.58    0.00838532
2.6    0.00814908
2.62    0.00791981
2.64    0.00769721
2.66    0.00748101
2.68    0.00727096
2.7    0.00706681
2.72    0.00686831
2.74    0.00667526
2.76    0.00648743
2.78    0.00630463
2.8    0.00612666
2.82    0.00595335
2.84    0.00578454
2.86    0.00562005
2.88    0.00545974
2.9    0.00530346
2.92    0.00515109
2.94    0.00500248
2.96    0.00485753
2.98    0.00471611
3    0.00457812
3.02    0.00444347
3.04    0.00431204
3.06    0.00418376
3.08    0.00405854
3.1    0.00393629
3.12    0.00381695
3.14    0.00370044
3.16    0.00358669
3.18    0.00347564
3.2    0.00336723
3.22    0.00326139
3.24    0.00315809
3.26    0.00305725
3.28    0.00295884
3.3    0.00286281
3.32    0.00276911
3.34    0.0026777
3.36    0.00258854
3.38    0.00250159
3.4    0.00241681
3.42    0.00233416
3.44    0.00225361
3.46    0.00217512
3.48    0.00209867
3.5    0.00202421
3.52    0.00195172
3.54    0.00188117
3.56    0.00181252
3.58    0.00174574
3.6    0.00168081
3.62    0.00161769
3.64    0.00155636
3.66    0.00149678
3.68    0.00143894
3.7    0.00138279
3.72    0.00132831
3.74    0.00127548
3.76    0.00122425
3.78    0.00117462
3.8    0.00112654
3.82    0.00107998
3.84    0.00103493
3.86    0.000991341
3.88    0.000949197
3.9    0.000908465
3.92    0.000869116
3.94    0.000831121
3.96    0.000794451
3.98    0.000759077
4    0.000724969
4.02    0.000692098
4.04    0.000660435
4.06    0.000629951
4.08    0.000600617
4.1    0.000572403
4.12    0.000545281
4.14    0.000519221
4.16    0.000494195
4.18    0.000470175
4.2    0.000447131
4.22    0.000425035
4.24    0.00040386
4.26    0.000383577
4.28    0.00036416
4.3    0.000345581
4.32    0.000327813
4.34    0.000310829
4.36    0.000294604
4.38    0.000279111
4.4    0.000264326
4.42    0.000250223
4.44    0.000236778
4.46    0.000223966
4.48    0.000211765
4.5    0.00020015
4.52    0.000189101
4.54    0.000178593
4.56    0.000168607
4.58    0.00015912
4.6    0.000150112
4.62    0.000141564
4.64    0.000133456
4.66    0.000125768
4.68    0.000118484
4.7    0.000111584
4.72    0.000105051
4.74    9.887e-05
4.76    9.30234e-05
4.78    8.74961e-05
4.8    8.22728e-05
4.82    7.73391e-05
4.84    7.26811e-05
4.86    6.82851e-05
4.88    6.41382e-05
4.9    6.0228e-05
4.92    5.65424e-05
4.94    5.307e-05
4.96    4.97997e-05
4.98    4.67209e-05
