-5    0.438752
-4.98    0.438267
-4.96    0.437776
-4.94    0.437277
-4.92    0.436771
-4.9    0.436258
-4.88    0.435738
-4.86    0.43521
-4.84    0.434675
-4.82    0.434132
-4.8    0.433582
-4.78    0.433025
-4.76    0.432459
-4.74    0.431886
-4.72    0.431305
-4.7    0.430716
-4.68    0.430119
-4.66    0.429514
-4.64    0.428901
-4.62    0.42828
-4.6    0.427651
-4.58    0.427013
-4.56    0.426366
-4.54    0.425712
-4.52    0.425048
-4.5    0.424376
-4.48    0.423695
-4.46    0.423006
-4.44    0.422307
-4.42    0.4216
-4.4    0.420884
-4.38    0.420158
-4.36    0.419424
-4.34    0.41868
-4.32    0.417927
-4.3    0.417164
-4.28    0.416393
-4.26    0.415611
-4.24    0.41482
-4.22    0.414019
-4.2    0.413208
-4.18    0.412388
-4.16    0.411557
-4.14    0.410717
-4.12    0.409866
-4.1    0.409005
-4.08    0.408134
-4.06    0.407252
-4.04    0.406359
-4.02    0.405456
-4    0.404543
-3.98    0.403618
-3.96    0.402682
-3.94    0.401736
-3.92    0.400778
-3.9    0.399808
-3.88    0.398828
-3.86    0.397835
-3.84    0.396831
-3.82    0.395815
-3.8    0.394787
-3.78    0.393746
-3.76    0.392694
-3.74    0.391628
-3.72    0.39055
-3.7    0.38946
-3.68    0.388356
-3.66    0.387239
-3.64    0.386108
-3.62    0.384964
-3.6    0.383806
-3.58    0.382635
-3.56    0.381448
-3.54    0.380248
-3.52    0.379032
-3.5    0.377802
-3.48    0.376556
-3.46    0.375295
-3.44    0.374019
-3.42    0.372726
-3.4    0.371417
-3.38    0.370091
-3.36    0.368749
-3.34    0.367389
-3.32    0.366012
-3.3    0.364617
-3.28    0.363204
-3.26    0.361773
-3.24    0.360322
-3.22    0.358853
-3.2    0.357364
-3.18    0.355855
-3.16    0.354326
-3.14    0.352776
-3.12    0.351205
-3.1    0.349613
-3.08    0.347998
-3.06    0.346362
-3.04    0.344703
-3.02    0.343021
-3    0.341315
-2.98    0.339586
-2.96    0.337832
-2.94    0.336053
-2.92    0.334249
-2.9    0.33242
-2.88    0.330564
-2.86    0.328683
-2.84    0.326774
-2.82    0.324838
-2.8    0.322874
-2.78    0.320882
-2.76    0.318862
-2.74    0.316813
-2.72    0.314735
-2.7    0.312628
-2.68    0.31049
-2.66    0.308322
-2.64    0.306125
-2.62    0.303896
-2.6    0.301636
-2.58    0.299346
-2.56    0.297024
-2.54    0.294671
-2.52    0.292286
-2.5    0.28987
-2.48    0.287422
-2.46    0.284943
-2.44    0.282433
-2.42    0.279891
-2.4    0.277318
-2.38    0.274715
-2.36    0.272081
-2.34    0.269417
-2.32    0.266723
-2.3    0.264
-2.28    0.261248
-2.26    0.258469
-2.24    0.255662
-2.22    0.25283
-2.2    0.249971
-2.18    0.247088
-2.16    0.244182
-2.14    0.241253
-2.12    0.238304
-2.1    0.235334
-2.08    0.232347
-2.06    0.229342
-2.04    0.226322
-2.02    0.223288
-2    0.220243
-1.98    0.217187
-1.96    0.214122
-1.94    0.211052
-1.92    0.207977
-1.9    0.204899
-1.88    0.201822
-1.86    0.198746
-1.84    0.195675
-1.82    0.19261
-1.8    0.189554
-1.78    0.186508
-1.76    0.183477
-1.74    0.18046
-1.72    0.177462
-1.7    0.174485
-1.68    0.17153
-1.66    0.1686
-1.64    0.165697
-1.62    0.162824
-1.6    0.159983
-1.58    0.157176
-1.56    0.154404
-1.54    0.151671
-1.52    0.148977
-1.5    0.146326
-1.48    0.143718
-1.46    0.141155
-1.44    0.138639
-1.42    0.136172
-1.4    0.133754
-1.38    0.131388
-1.36    0.129074
-1.34    0.126813
-1.32    0.124606
-1.3    0.122454
-1.28    0.120358
-1.26    0.118319
-1.24    0.116337
-1.22    0.114412
-1.2    0.112545
-1.18    0.110735
-1.16    0.108984
-1.14    0.107291
-1.12    0.105655
-1.1    0.104077
-1.08    0.102557
-1.06    0.101094
-1.04    0.099687
-1.02    0.0983364
-1    0.0970414
-0.98    0.0958012
-0.96    0.0946152
-0.94    0.0934825
-0.92    0.0924024
-0.9    0.0913738
-0.88    0.090396
-0.86    0.0894678
-0.84    0.0885882
-0.82    0.0877562
-0.8    0.0869706
-0.78    0.0862302
-0.76    0.0855339
-0.74    0.0848804
-0.72    0.0842683
-0.7    0.0836965
-0.68    0.0831635
-0.66    0.082668
-0.64    0.0822086
-0.62    0.0817837
-0.6    0.0813921
-0.58    0.0810321
-0.56    0.0807023
-0.54    0.0804011
-0.52    0.080127
-0.5    0.0798782
-0.48    0.0796534
-0.46    0.0794507
-0.44    0.0792685
-0.42    0.0791052
-0.4    0.0789591
-0.38    0.0788285
-0.36    0.0787116
-0.34    0.0786068
-0.32    0.0785123
-0.3    0.0784263
-0.28    0.0783472
-0.26    0.0782732
-0.24    0.0782027
-0.22    0.0781338
-0.2    0.078065
-0.18    0.0779945
-0.16    0.0779207
-0.14    0.0778419
-0.12    0.0777567
-0.1    0.0776634
-0.08    0.0775606
-0.06    0.0774468
-0.04    0.0773206
-0.02    0.0771806
-1.80342e-14    0.0770256
0.02    0.0768544
0.04    0.0766657
0.06    0.0764585
0.08    0.0762319
0.1    0.0759848
0.12    0.0757164
0.14    0.075426
0.16    0.0751129
0.18    0.0747765
0.2    0.0744163
0.22    0.0740319
0.24    0.073623
0.26    0.0731894
0.28    0.0727309
0.3    0.0722475
0.32    0.0717394
0.34    0.0712065
0.36    0.0706492
0.38    0.0700678
0.4    0.0694627
0.42    0.0688345
0.44    0.0681836
0.46    0.0675107
0.48    0.0668166
0.5    0.0661021
0.52    0.065368
0.54    0.0646152
0.56    0.0638447
0.58    0.0630576
0.6    0.0622549
0.62    0.0614378
0.64    0.0606073
0.66    0.0597647
0.68    0.0589112
0.7    0.058048
0.72    0.0571763
0.74    0.0562973
0.76    0.0554124
0.78    0.0545228
0.8    0.0536296
0.82    0.0527342
0.84    0.0518377
0.86    0.0509412
0.88    0.050046
0.9    0.0491532
0.92    0.0482638
0.94    0.0473788
0.96    0.0464994
0.98    0.0456264
1    0.0447607
1.02    0.0439033
1.04    0.0430548
1.06    0.0422161
1.08    0.0413879
1.1    0.0405708
1.12    0.0397654
1.14    0.0389723
1.16    0.0381919
1.18    0.0374247
1.2    0.036671
1.22    0.0359312
1.24    0.0352056
1.26    0.0344944
1.28    0.0337977
1.3    0.0331158
1.32    0.0324487
1.34    0.0317965
1.36    0.0311592
1.38    0.0305368
1.4    0.0299293
1.42    0.0293365
1.44    0.0287584
1.46    0.0281948
1.48    0.0276456
1.5    0.0271107
1.52    0.0265897
1.54    0.0260825
1.56    0.0255888
1.58    0.0251085
1.6    0.0246412
1.62    0.0241867
1.64    0.0237448
1.66    0.023315
1.68    0.0228972
1.7    0.0224911
1.72    0.0220963
1.74    0.0217126
1.76    0.0213397
1.78    0.0209772
1.8    0.0206249
1.82    0.0202824
1.84    0.0199496
1.86    0.0196261
1.88    0.0193116
1.9    0.0190058
1.92    0.0187085
1.94    0.0184194
1.96    0.0181382
1.98    0.0178647
2    0.0175986
2.02    0.0173397
2.04    0.0170877
2.06    0.0168425
2.08    0.0166037
2.1    0.0163711
2.12    0.0161447
2.14    0.015924
2.16    0.015709
2.18    0.0154995
2.2    0.0152952
2.22    0.0150959
2.24    0.0149016
2.26    0.014712
2.28    0.014527
2.3    0.0143464
2.32    0.01417
2.34    0.0139978
2.36    0.0138295
2.38    0.0136651
2.4    0.0135044
2.42    0.0133472
2.44    0.0131935
2.46    0.0130432
2.48    0.0128961
2.5    0.0127521
2.52    0.0126112
2.54    0.0124732
2.56    0.012338
2.58    0.0122055
2.6    0.0120757
2.62    0.0119485
2.64    0.0118238
2.66    0.0117014
2.68    0.0115814
2.7    0.0114637
2.72    0.0113482
2.74    0.0112348
2.76    0.0111235
2.78    0.0110142
2.8    0.0109068
2.82    0.0108014
2.84    0.0106978
2.86    0.0105959
2.88    0.0104959
2.9    0.0103975
2.92    0.0103008
2.94    0.0102056
2.96    0.0101121
2.98    0.0100201
3    0.00992954
3.02    0.00984046
3.04    0.0097528
3.06    0.00966652
3.08    0.00958158
3.1    0.00949797
3.12    0.00941564
3.14    0.00933458
3.16    0.00925474
3.18    0.00917611
3.2    0.00909865
3.22    0.00902235
3.24    0.00894717
3.26    0.0088731
3.28    0.00880011
3.3    0.00872818
3.32    0.00865729
3.34    0.00858742
3.36    0.00851855
3.38    0.00845066
3.4    0.00838372
3.42    0.00831774
3.44    0.00825268
3.46    0.00818853
3.48    0.00812527
3.5    0.00806289
3.52    0.00800138
3.54    0.00794071
3.56    0.00788088
3.58    0.00782186
3.6    0.00776366
3.62    0.00770624
3.64    0.00764961
3.66    0.00759374
3.68    0.00753863
3.7    0.00748426
3.72    0.00743063
3.74    0.00737771
3.76    0.00732551
3.78    0.007274
3.8    0.00722318
3.82    0.00717304
3.84    0.00712357
3.86    0.00707476
3.88    0.0070266
3.9    0.00697907
3.92    0.00693218
3.94    0.00688591
3.96    0.00684024
3.98    0.00679519
4    0.00675073
4.02    0.00670685
4.04    0.00666356
4.06    0.00662083
4.08    0.00657867
4.1    0.00653706
4.12    0.006496
4.14    0.00645548
4.16    0.00641549
4.18    0.00637603
4.2    0.00633709
4.22    0.00629865
4.24    0.00626073
4.26    0.0062233
4.28    0.00618636
4.3    0.0061499
4.32    0.00611392
4.34    0.00607842
4.36    0.00604338
4.38    0.0060088
4.4    0.00597467
4.42    0.00594099
4.44    0.00590775
4.46    0.00587494
4.48    0.00584257
4.5    0.00581062
4.52    0.00577908
4.54    0.00574796
4.56    0.00571725
4.58    0.00568694
4.6    0.00565703
4.62    0.0056275
4.64    0.00559837
4.66    0.00556961
4.68    0.00554123
4.7    0.00551322
4.72    0.00548558
4.74    0.0054583
4.76    0.00543138
4.78    0.0054048
4.8    0.00537858
4.82    0.0053527
4.84    0.00532716
4.86    0.00530195
4.88    0.00527706
4.9    0.00525251
4.92    0.00522828
4.94    0.00520436
4.96    0.00518075
4.98    0.00515745
