-5    3.51449e-10
-4.98    3.52535e-10
-4.96    3.53683e-10
-4.94    3.54899e-10
-4.92    3.56186e-10
-4.9    3.57548e-10
-4.88    3.5899e-10
-4.86    3.60517e-10
-4.84    3.62134e-10
-4.82    3.63847e-10
-4.8    3.65662e-10
-4.78    3.67585e-10
-4.76    3.69623e-10
-4.74    3.71784e-10
-4.72    3.74075e-10
-4.7    3.76504e-10
-4.68    3.79082e-10
-4.66    3.81817e-10
-4.64    3.8472e-10
-4.62    3.87802e-10
-4.6    3.91075e-10
-4.58    3.94552e-10
-4.56    3.98247e-10
-4.54    4.02175e-10
-4.52    4.06353e-10
-4.5    4.10797e-10
-4.48    4.15526e-10
-4.46    4.20562e-10
-4.44    4.25925e-10
-4.42    4.31641e-10
-4.4    4.37734e-10
-4.38    4.44234e-10
-4.36    4.5117e-10
-4.34    4.58576e-10
-4.32    4.66489e-10
-4.3    4.74946e-10
-4.28    4.83992e-10
-4.26    4.93674e-10
-4.24    5.04042e-10
-4.22    5.15152e-10
-4.2    5.27067e-10
-4.18    5.39852e-10
-4.16    5.53581e-10
-4.14    5.68335e-10
-4.12    5.84203e-10
-4.1    6.01281e-10
-4.08    6.19677e-10
-4.06    6.39509e-10
-4.04    6.60905e-10
-4.02    6.84009e-10
-4    7.08979e-10
-3.98    7.35987e-10
-3.96    7.65225e-10
-3.94    7.96904e-10
-3.92    8.31258e-10
-3.9    8.68542e-10
-3.88    9.09041e-10
-3.86    9.53068e-10
-3.84    1.00097e-09
-3.82    1.05312e-09
-3.8    1.10994e-09
-3.78    1.1719e-09
-3.76    1.23949e-09
-3.74    1.31328e-09
-3.72    1.39387e-09
-3.7    1.48193e-09
-3.68    1.57819e-09
-3.66    1.68342e-09
-3.64    1.79851e-09
-3.62    1.92436e-09
-3.6    2.062e-09
-3.58    2.21248e-09
-3.56    2.37697e-09
-3.54    2.5567e-09
-3.52    2.75295e-09
-3.5    2.9671e-09
-3.48    3.20058e-09
-3.46    3.45486e-09
-3.44    3.73149e-09
-3.42    4.03203e-09
-3.4    4.35805e-09
-3.38    4.71112e-09
-3.36    5.09282e-09
-3.34    5.50465e-09
-3.32    5.94806e-09
-3.3    6.42441e-09
-3.28    6.93493e-09
-3.26    7.4807e-09
-3.24    8.06266e-09
-3.22    8.68151e-09
-3.2    9.33775e-09
-3.18    1.00316e-08
-3.16    1.07632e-08
-3.14    1.1532e-08
-3.12    1.23377e-08
-3.1    1.31793e-08
-3.08    1.40558e-08
-3.06    1.49656e-08
-3.04    1.59071e-08
-3.02    1.68785e-08
-3    1.78775e-08
-2.98    1.89017e-08
-2.96    1.99487e-08
-2.94    2.10157e-08
-2.92    2.21e-08
-2.9    2.31986e-08
-2.88    2.43086e-08
-2.86    2.54271e-08
-2.84    2.65512e-08
-2.82    2.76778e-08
-2.8    2.88043e-08
-2.78    2.99277e-08
-2.76    3.10456e-08
-2.74    3.21555e-08
-2.72    3.32548e-08
-2.7    3.43416e-08
-2.68    3.54136e-08
-2.66    3.64692e-08
-2.64    3.75065e-08
-2.62    3.8524e-08
-2.6    3.95206e-08
-2.58    4.04948e-08
-2.56    4.14459e-08
-2.54    4.23729e-08
-2.52    4.32751e-08
-2.5    4.41521e-08
-2.48    4.50033e-08
-2.46    4.58286e-08
-2.44    4.66278e-08
-2.42    4.74009e-08
-2.4    4.81478e-08
-2.38    4.88688e-08
-2.36    4.95641e-08
-2.34    5.0234e-08
-2.32    5.08788e-08
-2.3    5.1499e-08
-2.28    5.2095e-08
-2.26    5.26673e-08
-2.24    5.32166e-08
-2.22    5.37434e-08
-2.2    5.42482e-08
-2.18    5.47317e-08
-2.16    5.51946e-08
-2.14    5.56374e-08
-2.12    5.60608e-08
-2.1    5.64656e-08
-2.08    5.68522e-08
-2.06    5.72214e-08
-2.04    5.75738e-08
-2.02    5.791e-08
-2    5.82306e-08
-1.98    5.85364e-08
-1.96    5.88278e-08
-1.94    5.91054e-08
-1.92    5.93698e-08
-1.9    5.96216e-08
-1.88    5.98614e-08
-1.86    6.00895e-08
-1.84    6.03066e-08
-1.82    6.05131e-08
-1.8    6.07094e-08
-1.78    6.08962e-08
-1.76    6.10737e-08
-1.74    6.12424e-08
-1.72    6.14028e-08
-1.7    6.15552e-08
-1.68    6.16999e-08
-1.66    6.18374e-08
-1.64    6.1968e-08
-1.62    6.2092e-08
-1.6    6.22097e-08
-1.58    6.23215e-08
-1.56    6.24276e-08
-1.54    6.25283e-08
-1.52    6.26239e-08
-1.5    6.27146e-08
-1.48    6.28006e-08
-1.46    6.28823e-08
-1.44    6.29597e-08
-1.42    6.30332e-08
-1.4    6.31029e-08
-1.38    6.3169e-08
-1.36    6.32318e-08
-1.34    6.32912e-08
-1.32    6.33476e-08
-1.3    6.34011e-08
-1.28    6.34518e-08
-1.26    6.34999e-08
-1.24    6.35455e-08
-1.22    6.35887e-08
-1.2    6.36297e-08
-1.18    6.36685e-08
-1.16    6.37054e-08
-1.14    6.37403e-08
-1.12    6.37733e-08
-1.1    6.38047e-08
-1.08    6.38344e-08
-1.06    6.38626e-08
-1.04    6.38893e-08
-1.02    6.39146e-08
-1    6.39386e-08
-0.98    6.39613e-08
-0.96    6.39829e-08
-0.94    6.40033e-08
-0.92    6.40226e-08
-0.9    6.4041e-08
-0.88    6.40583e-08
-0.86    6.40748e-08
-0.84    6.40904e-08
-0.82    6.41052e-08
-0.8    6.41192e-08
-0.78    6.41324e-08
-0.76    6.4145e-08
-0.74    6.41569e-08
-0.72    6.41682e-08
-0.7    6.41789e-08
-0.68    6.4189e-08
-0.66    6.41986e-08
-0.64    6.42077e-08
-0.62    6.42164e-08
-0.6    6.42245e-08
-0.58    6.42323e-08
-0.56    6.42396e-08
-0.54    6.42465e-08
-0.52    6.42531e-08
-0.5    6.42593e-08
-0.48    6.42653e-08
-0.46    6.42708e-08
-0.44    6.42761e-08
-0.42    6.42812e-08
-0.4    6.42859e-08
-0.38    6.42904e-08
-0.36    6.42947e-08
-0.34    6.42987e-08
-0.32    6.43026e-08
-0.3    6.43062e-08
-0.28    6.43096e-08
-0.26    6.43129e-08
-0.24    6.4316e-08
-0.22    6.43189e-08
-0.2    6.43217e-08
-0.18    6.43243e-08
-0.16    6.43268e-08
-0.14    6.43292e-08
-0.12    6.43314e-08
-0.1    6.43335e-08
-0.08    6.43355e-08
-0.06    6.43374e-08
-0.04    6.43392e-08
-0.02    6.43409e-08
-1.80342e-14    6.43425e-08
0.02    6.4344e-08
0.04    6.43455e-08
0.06    6.43469e-08
0.08    6.43482e-08
0.1    6.43494e-08
0.12    6.43505e-08
0.14    6.43517e-08
0.16    6.43527e-08
0.18    6.43537e-08
0.2    6.43546e-08
0.22    6.43555e-08
0.24    6.43564e-08
0.26    6.43572e-08
0.28    6.43579e-08
0.3    6.43586e-08
0.32    6.43593e-08
0.34    6.43599e-08
0.36    6.43606e-08
0.38    6.43611e-08
0.4    6.43617e-08
0.42    6.43622e-08
0.44    6.43627e-08
0.46    6.43632e-08
0.48    6.43636e-08
0.5    6.4364e-08
0.52    6.43644e-08
0.54    6.43648e-08
0.56    6.43651e-08
0.58    6.43655e-08
0.6    6.43658e-08
0.62    6.43661e-08
0.64    6.43664e-08
0.66    6.43666e-08
0.68    6.43669e-08
0.7    6.43671e-08
0.72    6.43674e-08
0.74    6.43676e-08
0.76    6.43678e-08
0.78    6.4368e-08
0.8    6.43682e-08
0.82    6.43684e-08
0.84    6.43685e-08
0.86    6.43687e-08
0.88    6.43688e-08
0.9    6.4369e-08
0.92    6.43691e-08
0.94    6.43692e-08
0.96    6.43693e-08
0.98    6.43695e-08
1    6.43696e-08
1.02    6.43697e-08
1.04    6.43698e-08
1.06    6.43699e-08
1.08    6.43699e-08
1.1    6.437e-08
1.12    6.43701e-08
1.14    6.43702e-08
1.16    6.43702e-08
1.18    6.43703e-08
1.2    6.43704e-08
1.22    6.43704e-08
1.24    6.43705e-08
1.26    6.43705e-08
1.28    6.43706e-08
1.3    6.43706e-08
1.32    6.43707e-08
1.34    6.43707e-08
1.36    6.43708e-08
1.38    6.43708e-08
1.4    6.43708e-08
1.42    6.43709e-08
1.44    6.43709e-08
1.46    6.43709e-08
1.48    6.4371e-08
1.5    6.4371e-08
1.52    6.4371e-08
1.54    6.43711e-08
1.56    6.43711e-08
1.58    6.43711e-08
1.6    6.43711e-08
1.62    6.43711e-08
1.64    6.43712e-08
1.66    6.43712e-08
1.68    6.43712e-08
1.7    6.43712e-08
1.72    6.43712e-08
1.74    6.43712e-08
1.76    6.43713e-08
1.78    6.43713e-08
1.8    6.43713e-08
1.82    6.43713e-08
1.84    6.43713e-08
1.86    6.43713e-08
1.88    6.43713e-08
1.9    6.43713e-08
1.92    6.43713e-08
1.94    6.43713e-08
1.96    6.43714e-08
1.98    6.43714e-08
2    6.43714e-08
2.02    6.43714e-08
2.04    6.43714e-08
2.06    6.43714e-08
2.08    6.43714e-08
2.1    6.43714e-08
2.12    6.43714e-08
2.14    6.43714e-08
2.16    6.43714e-08
2.18    6.43714e-08
2.2    6.43714e-08
2.22    6.43714e-08
2.24    6.43714e-08
2.26    6.43714e-08
2.28    6.43714e-08
2.3    6.43714e-08
2.32    6.43714e-08
2.34    6.43714e-08
2.36    6.43715e-08
2.38    6.43715e-08
2.4    6.43715e-08
2.42    6.43715e-08
2.44    6.43715e-08
2.46    6.43715e-08
2.48    6.43715e-08
2.5    6.43715e-08
2.52    6.43715e-08
2.54    6.43715e-08
2.56    6.43715e-08
2.58    6.43715e-08
2.6    6.43715e-08
2.62    6.43715e-08
2.64    6.43715e-08
2.66    6.43715e-08
2.68    6.43715e-08
2.7    6.43715e-08
2.72    6.43715e-08
2.74    6.43715e-08
2.76    6.43715e-08
2.78    6.43715e-08
2.8    6.43715e-08
2.82    6.43715e-08
2.84    6.43715e-08
2.86    6.43715e-08
2.88    6.43715e-08
2.9    6.43715e-08
2.92    6.43715e-08
2.94    6.43715e-08
2.96    6.43715e-08
2.98    6.43715e-08
3    6.43715e-08
3.02    6.43715e-08
3.04    6.43715e-08
3.06    6.43715e-08
3.08    6.43715e-08
3.1    6.43715e-08
3.12    6.43715e-08
3.14    6.43715e-08
3.16    6.43715e-08
3.18    6.43715e-08
3.2    6.43715e-08
3.22    6.43715e-08
3.24    6.43715e-08
3.26    6.43715e-08
3.28    6.43715e-08
3.3    6.43715e-08
3.32    6.43715e-08
3.34    6.43715e-08
3.36    6.43715e-08
3.38    6.43715e-08
3.4    6.43715e-08
3.42    6.43715e-08
3.44    6.43715e-08
3.46    6.43715e-08
3.48    6.43715e-08
3.5    6.43715e-08
3.52    6.43715e-08
3.54    6.43715e-08
3.56    6.43715e-08
3.58    6.43715e-08
3.6    6.43715e-08
3.62    6.43715e-08
3.64    6.43715e-08
3.66    6.43715e-08
3.68    6.43715e-08
3.7    6.43715e-08
3.72    6.43715e-08
3.74    6.43715e-08
3.76    6.43715e-08
3.78    6.43715e-08
3.8    6.43715e-08
3.82    6.43715e-08
3.84    6.43715e-08
3.86    6.43715e-08
3.88    6.43715e-08
3.9    6.43715e-08
3.92    6.43715e-08
3.94    6.43715e-08
3.96    6.43715e-08
3.98    6.43715e-08
4    6.43715e-08
4.02    6.43715e-08
4.04    6.43715e-08
4.06    6.43715e-08
4.08    6.43715e-08
4.1    6.43715e-08
4.12    6.43715e-08
4.14    6.43715e-08
4.16    6.43715e-08
4.18    6.43715e-08
4.2    6.43715e-08
4.22    6.43715e-08
4.24    6.43715e-08
4.26    6.43715e-08
4.28    6.43715e-08
4.3    6.43715e-08
4.32    6.43715e-08
4.34    6.43715e-08
4.36    6.43715e-08
4.38    6.43715e-08
4.4    6.43715e-08
4.42    6.43715e-08
4.44    6.43715e-08
4.46    6.43715e-08
4.48    6.43715e-08
4.5    6.43715e-08
4.52    6.43715e-08
4.54    6.43715e-08
4.56    6.43715e-08
4.58    6.43715e-08
4.6    6.43715e-08
4.62    6.43715e-08
4.64    6.43715e-08
4.66    6.43715e-08
4.68    6.43715e-08
4.7    6.43715e-08
4.72    6.43715e-08
4.74    6.43715e-08
4.76    6.43715e-08
4.78    6.43715e-08
4.8    6.43715e-08
4.82    6.43715e-08
4.84    6.43715e-08
4.86    6.43715e-08
4.88    6.43715e-08
4.9    6.43715e-08
4.92    6.43715e-08
4.94    6.43715e-08
4.96    6.43715e-08
4.98    6.43715e-08
