-2    1.79887e-53
-1.984    1.79887e-53
-1.968    1.79887e-53
-1.952    1.79887e-53
-1.936    1.79887e-53
-1.92    1.79887e-53
-1.904    1.79887e-53
-1.888    1.79887e-53
-1.872    1.79888e-53
-1.856    1.79888e-53
-1.84    1.79888e-53
-1.824    1.79888e-53
-1.808    1.79889e-53
-1.792    1.7989e-53
-1.776    1.7989e-53
-1.76    1.79892e-53
-1.744    1.79893e-53
-1.728    1.79895e-53
-1.712    1.79898e-53
-1.696    1.79901e-53
-1.68    1.79906e-53
-1.664    1.79912e-53
-1.648    1.7992e-53
-1.632    1.79931e-53
-1.616    1.79945e-53
-1.6    1.79964e-53
-1.584    1.7999e-53
-1.568    1.80023e-53
-1.552    1.80068e-53
-1.536    1.80127e-53
-1.52    1.80206e-53
-1.504    1.80311e-53
-1.488    1.80452e-53
-1.472    1.80638e-53
-1.456    1.80887e-53
-1.44    1.81219e-53
-1.424    1.81662e-53
-1.408    1.82255e-53
-1.392    1.83048e-53
-1.376    1.84111e-53
-1.36    1.85539e-53
-1.344    1.87463e-53
-1.328    1.90061e-53
-1.312    1.93586e-53
-1.296    1.98397e-53
-1.28    2.05009e-53
-1.264    2.14186e-53
-1.248    2.2709e-53
-1.232    2.45544e-53
-1.216    2.72544e-53
-1.2    3.13256e-53
-1.184    3.77154e-53
-1.168    4.82929e-53
-1.152    6.70826e-53
-1.136    1.03722e-52
-1.12    1.84489e-52
-1.104    3.93481e-52
-1.088    1.059e-51
-1.072    3.8222e-51
-1.056    1.98302e-50
-1.04    1.59329e-49
-1.024    2.13266e-48
-1.008    5.05873e-47
-0.992    2.21032e-45
-0.976    1.78611e-43
-0.96    2.56858e-41
-0.944    6.05621e-39
-0.928    2.0792e-36
-0.912    9.01563e-34
-0.896    4.24905e-31
-0.88    1.88525e-28
-0.864    6.93474e-26
-0.848    1.90336e-23
-0.832    3.58789e-21
-0.816    4.36357e-19
-0.8    3.27482e-17
-0.784    1.47557e-15
-0.768    3.955e-14
-0.752    6.37264e-13
-0.736    6.3599e-12
-0.72    4.11526e-11
-0.704    1.82537e-10
-0.688    5.88861e-10
-0.672    1.46299e-09
-0.656    2.94771e-09
-0.64    5.03526e-09
-0.624    7.56496e-09
-0.608    1.02962e-08
-0.592    1.29948e-08
-0.576    1.54865e-08
-0.56    1.76724e-08
-0.544    1.9517e-08
-0.528    2.10292e-08
-0.512    2.2242e-08
-0.496    2.31992e-08
-0.48    2.39454e-08
-0.464    2.45219e-08
-0.448    2.49645e-08
-0.432    2.53026e-08
-0.416    2.55599e-08
-0.4    2.57552e-08
-0.384    2.59033e-08
-0.368    2.60153e-08
-0.352    2.61001e-08
-0.336    2.61641e-08
-0.32    2.62125e-08
-0.304    2.62491e-08
-0.288    2.62767e-08
-0.272    2.62976e-08
-0.256    2.63134e-08
-0.24    2.63253e-08
-0.224    2.63343e-08
-0.208    2.63411e-08
-0.192    2.63463e-08
-0.176    2.63502e-08
-0.16    2.63532e-08
-0.144    2.63554e-08
-0.128    2.63571e-08
-0.112    2.63584e-08
-0.096    2.63593e-08
-0.08    2.63601e-08
-0.064    2.63606e-08
-0.048    2.63611e-08
-0.032    2.63614e-08
-0.016    2.63616e-08
1.66533e-15    2.63618e-08
0.016    2.6362e-08
0.032    2.63621e-08
0.048    2.63621e-08
0.064    2.63622e-08
0.08    2.63623e-08
0.096    2.63623e-08
0.112    2.63623e-08
0.128    2.63623e-08
0.144    2.63624e-08
0.16    2.63624e-08
0.176    2.63624e-08
0.192    2.63624e-08
0.208    2.63624e-08
0.224    2.63624e-08
0.24    2.63624e-08
0.256    2.63624e-08
0.272    2.63624e-08
0.288    2.63624e-08
0.304    2.63624e-08
0.32    2.63624e-08
0.336    2.63624e-08
0.352    2.63624e-08
0.368    2.63624e-08
0.384    2.63624e-08
0.4    2.63624e-08
0.416    2.63624e-08
0.432    2.63624e-08
0.448    2.63624e-08
0.464    2.63624e-08
0.48    2.63624e-08
0.496    2.63624e-08
0.512    2.63624e-08
0.528    2.63624e-08
0.544    2.63624e-08
0.56    2.63624e-08
0.576    2.63624e-08
0.592    2.63624e-08
0.608    2.63624e-08
0.624    2.63624e-08
0.64    2.63624e-08
0.656    2.63624e-08
0.672    2.63624e-08
0.688    2.63624e-08
0.704    2.63624e-08
0.72    2.63624e-08
0.736    2.63624e-08
0.752    2.63624e-08
0.768    2.63624e-08
0.784    2.63624e-08
0.8    2.63624e-08
0.816    2.63624e-08
0.832    2.63624e-08
0.848    2.63624e-08
0.864    2.63624e-08
0.88    2.63624e-08
0.896    2.63624e-08
0.912    2.63624e-08
0.928    2.63624e-08
0.944    2.63624e-08
0.96    2.63624e-08
0.976    2.63624e-08
0.992    2.63624e-08
1.008    2.63624e-08
1.024    2.63624e-08
1.04    2.63624e-08
1.056    2.63624e-08
1.072    2.63624e-08
1.088    2.63624e-08
1.104    2.63624e-08
1.12    2.63624e-08
1.136    2.63624e-08
1.152    2.63624e-08
1.168    2.63624e-08
1.184    2.63624e-08
1.2    2.63624e-08
1.216    2.63624e-08
1.232    2.63624e-08
1.248    2.63624e-08
1.264    2.63624e-08
1.28    2.63624e-08
1.296    2.63624e-08
1.312    2.63624e-08
1.328    2.63624e-08
1.344    2.63624e-08
1.36    2.63624e-08
1.376    2.63624e-08
1.392    2.63624e-08
1.408    2.63624e-08
1.424    2.63624e-08
1.44    2.63624e-08
1.456    2.63624e-08
1.472    2.63624e-08
1.488    2.63624e-08
1.504    2.63624e-08
1.52    2.63624e-08
1.536    2.63624e-08
1.552    2.63624e-08
1.568    2.63624e-08
1.584    2.63624e-08
1.6    2.63624e-08
1.616    2.63624e-08
1.632    2.63624e-08
1.648    2.63624e-08
1.664    2.63624e-08
1.68    2.63624e-08
1.696    2.63624e-08
1.712    2.63624e-08
1.728    2.63624e-08
1.744    2.63624e-08
1.76    2.63624e-08
1.776    2.63624e-08
1.792    2.63624e-08
1.808    2.63624e-08
1.824    2.63624e-08
1.84    2.63624e-08
1.856    2.63624e-08
1.872    2.63624e-08
1.888    2.63624e-08
1.904    2.63624e-08
1.92    2.63624e-08
1.936    2.63624e-08
1.952    2.63624e-08
1.968    2.63624e-08
1.984    2.63624e-08
