-5    0.295172
-4.98    0.295092
-4.96    0.295012
-4.94    0.294933
-4.92    0.294855
-4.9    0.294776
-4.88    0.294699
-4.86    0.294622
-4.84    0.294545
-4.82    0.29447
-4.8    0.294394
-4.78    0.29432
-4.76    0.294246
-4.74    0.294173
-4.72    0.2941
-4.7    0.294028
-4.68    0.293957
-4.66    0.293886
-4.64    0.293817
-4.62    0.293748
-4.6    0.29368
-4.58    0.293613
-4.56    0.293546
-4.54    0.293481
-4.52    0.293416
-4.5    0.293352
-4.48    0.29329
-4.46    0.293228
-4.44    0.293167
-4.42    0.293107
-4.4    0.293049
-4.38    0.292991
-4.36    0.292934
-4.34    0.292879
-4.32    0.292825
-4.3    0.292772
-4.28    0.29272
-4.26    0.292669
-4.24    0.29262
-4.22    0.292572
-4.2    0.292525
-4.18    0.292479
-4.16    0.292435
-4.14    0.292393
-4.12    0.292352
-4.1    0.292312
-4.08    0.292274
-4.06    0.292237
-4.04    0.292202
-4.02    0.292168
-4    0.292137
-3.98    0.292106
-3.96    0.292078
-3.94    0.292051
-3.92    0.292026
-3.9    0.292003
-3.88    0.291981
-3.86    0.291962
-3.84    0.291944
-3.82    0.291929
-3.8    0.291915
-3.78    0.291903
-3.76    0.291894
-3.74    0.291886
-3.72    0.29188
-3.7    0.291877
-3.68    0.291876
-3.66    0.291877
-3.64    0.29188
-3.62    0.291885
-3.6    0.291893
-3.58    0.291903
-3.56    0.291916
-3.54    0.29193
-3.52    0.291948
-3.5    0.291967
-3.48    0.29199
-3.46    0.292014
-3.44    0.292041
-3.42    0.292071
-3.4    0.292104
-3.38    0.292138
-3.36    0.292176
-3.34    0.292216
-3.32    0.292259
-3.3    0.292305
-3.28    0.292353
-3.26    0.292404
-3.24    0.292457
-3.22    0.292514
-3.2    0.292573
-3.18    0.292635
-3.16    0.2927
-3.14    0.292767
-3.12    0.292837
-3.1    0.29291
-3.08    0.292986
-3.06    0.293064
-3.04    0.293146
-3.02    0.29323
-3    0.293316
-2.98    0.293405
-2.96    0.293497
-2.94    0.293592
-2.92    0.293689
-2.9    0.293789
-2.88    0.293891
-2.86    0.293996
-2.84    0.294103
-2.82    0.294213
-2.8    0.294325
-2.78    0.294439
-2.76    0.294556
-2.74    0.294674
-2.72    0.294795
-2.7    0.294918
-2.68    0.295043
-2.66    0.295169
-2.64    0.295297
-2.62    0.295427
-2.6    0.295559
-2.58    0.295692
-2.56    0.295826
-2.54    0.295962
-2.52    0.296098
-2.5    0.296236
-2.48    0.296374
-2.46    0.296514
-2.44    0.296654
-2.42    0.296794
-2.4    0.296935
-2.38    0.297076
-2.36    0.297217
-2.34    0.297357
-2.32    0.297498
-2.3    0.297638
-2.28    0.297778
-2.26    0.297917
-2.24    0.298055
-2.22    0.298192
-2.2    0.298328
-2.18    0.298463
-2.16    0.298596
-2.14    0.298727
-2.12    0.298857
-2.1    0.298984
-2.08    0.29911
-2.06    0.299233
-2.04    0.299354
-2.02    0.299472
-2    0.299588
-1.98    0.2997
-1.96    0.29981
-1.94    0.299917
-1.92    0.30002
-1.9    0.30012
-1.88    0.300216
-1.86    0.300308
-1.84    0.300397
-1.82    0.300481
-1.8    0.300562
-1.78    0.300638
-1.76    0.300709
-1.74    0.300776
-1.72    0.300837
-1.7    0.300894
-1.68    0.300945
-1.66    0.300991
-1.64    0.30103
-1.62    0.301063
-1.6    0.30109
-1.58    0.301109
-1.56    0.301121
-1.54    0.301125
-1.52    0.30112
-1.5    0.301105
-1.48    0.301081
-1.46    0.301046
-1.44    0.301
-1.42    0.300941
-1.4    0.300868
-1.38    0.30078
-1.36    0.300677
-1.34    0.300555
-1.32    0.300415
-1.3    0.300254
-1.28    0.300071
-1.26    0.299863
-1.24    0.299628
-1.22    0.299365
-1.2    0.299071
-1.18    0.298743
-1.16    0.298378
-1.14    0.297974
-1.12    0.297528
-1.1    0.297036
-1.08    0.296494
-1.06    0.295901
-1.04    0.29525
-1.02    0.29454
-1    0.293766
-0.98    0.292924
-0.96    0.29201
-0.94    0.291019
-0.92    0.289948
-0.9    0.288793
-0.88    0.287549
-0.86    0.286212
-0.84    0.284779
-0.82    0.283245
-0.8    0.281607
-0.78    0.279861
-0.76    0.278005
-0.74    0.276036
-0.72    0.273951
-0.7    0.271749
-0.68    0.269428
-0.66    0.266987
-0.64    0.264427
-0.62    0.261747
-0.6    0.258948
-0.58    0.256034
-0.56    0.253005
-0.54    0.249865
-0.52    0.24662
-0.5    0.243272
-0.48    0.239829
-0.46    0.236295
-0.44    0.23268
-0.42    0.22899
-0.4    0.225233
-0.38    0.221419
-0.36    0.217557
-0.34    0.213656
-0.32    0.209728
-0.3    0.205781
-0.28    0.201826
-0.26    0.197875
-0.24    0.193936
-0.22    0.19002
-0.2    0.186136
-0.18    0.182295
-0.16    0.178504
-0.14    0.174772
-0.12    0.171106
-0.1    0.167514
-0.08    0.164003
-0.06    0.160576
-0.04    0.15724
-0.02    0.153999
-1.80342e-14    0.150855
0.02    0.147813
0.04    0.144873
0.06    0.142037
0.08    0.139306
0.1    0.13668
0.12    0.134158
0.14    0.13174
0.16    0.129425
0.18    0.12721
0.2    0.125094
0.22    0.123074
0.24    0.121147
0.26    0.119311
0.28    0.117563
0.3    0.115898
0.32    0.114315
0.34    0.112808
0.36    0.111376
0.38    0.110014
0.4    0.108718
0.42    0.107486
0.44    0.106313
0.46    0.105197
0.48    0.104133
0.5    0.103118
0.52    0.10215
0.54    0.101224
0.56    0.100338
0.58    0.0994886
0.6    0.0986735
0.62    0.0978896
0.64    0.0971345
0.66    0.0964056
0.68    0.0957007
0.7    0.0950176
0.72    0.0943543
0.74    0.093709
0.76    0.0930797
0.78    0.0924651
0.8    0.0918635
0.82    0.0912737
0.84    0.0906944
0.86    0.0901247
0.88    0.0895634
0.9    0.0890099
0.92    0.0884633
0.94    0.0879231
0.96    0.0873887
0.98    0.0868598
1    0.0863359
1.02    0.085817
1.04    0.0853027
1.06    0.084793
1.08    0.0842879
1.1    0.0837873
1.12    0.0832914
1.14    0.0828003
1.16    0.0823142
1.18    0.0818331
1.2    0.0813573
1.22    0.0808872
1.24    0.0804228
1.26    0.0799645
1.28    0.0795125
1.3    0.0790672
1.32    0.0786287
1.34    0.0781974
1.36    0.0777735
1.38    0.0773572
1.4    0.0769488
1.42    0.0765485
1.44    0.0761564
1.46    0.0757729
1.48    0.075398
1.5    0.0750319
1.52    0.0746746
1.54    0.0743264
1.56    0.0739873
1.58    0.0736573
1.6    0.0733366
1.62    0.073025
1.64    0.0727226
1.66    0.0724295
1.68    0.0721454
1.7    0.0718705
1.72    0.0716046
1.74    0.0713476
1.76    0.0710994
1.78    0.07086
1.8    0.0706291
1.82    0.0704067
1.84    0.0701926
1.86    0.0699866
1.88    0.0697885
1.9    0.0695982
1.92    0.0694156
1.94    0.0692403
1.96    0.0690723
1.98    0.0689112
2    0.068757
2.02    0.0686094
2.04    0.0684683
2.06    0.0683333
2.08    0.0682043
2.1    0.0680811
2.12    0.0679635
2.14    0.0678513
2.16    0.0677443
2.18    0.0676423
2.2    0.067545
2.22    0.0674524
2.24    0.0673642
2.26    0.0672802
2.28    0.0672002
2.3    0.0671241
2.32    0.0670517
2.34    0.0669828
2.36    0.0669173
2.38    0.0668549
2.4    0.0667956
2.42    0.0667392
2.44    0.0666855
2.46    0.0666344
2.48    0.0665858
2.5    0.0665395
2.52    0.0664953
2.54    0.0664533
2.56    0.0664132
2.58    0.0663749
2.6    0.0663383
2.62    0.0663034
2.64    0.0662699
2.66    0.0662379
2.68    0.0662072
2.7    0.0661777
2.72    0.0661494
2.74    0.0661221
2.76    0.0660959
2.78    0.0660705
2.8    0.0660459
2.82    0.0660222
2.84    0.0659991
2.86    0.0659766
2.88    0.0659548
2.9    0.0659334
2.92    0.0659126
2.94    0.0658921
2.96    0.0658721
2.98    0.0658523
3    0.0658329
3.02    0.0658136
3.04    0.0657946
3.06    0.0657758
3.08    0.0657571
3.1    0.0657385
3.12    0.0657199
3.14    0.0657015
3.16    0.065683
3.18    0.0656645
3.2    0.065646
3.22    0.0656275
3.24    0.0656089
3.26    0.0655902
3.28    0.0655713
3.3    0.0655524
3.32    0.0655333
3.34    0.0655141
3.36    0.0654947
3.38    0.0654751
3.4    0.0654554
3.42    0.0654354
3.44    0.0654153
3.46    0.0653949
3.48    0.0653743
3.5    0.0653535
3.52    0.0653325
3.54    0.0653112
3.56    0.0652897
3.58    0.0652679
3.6    0.0652459
3.62    0.0652236
3.64    0.0652011
3.66    0.0651783
3.68    0.0651552
3.7    0.0651319
3.72    0.0651084
3.74    0.0650846
3.76    0.0650605
3.78    0.0650362
3.8    0.0650116
3.82    0.0649867
3.84    0.0649616
3.86    0.0649362
3.88    0.0649106
3.9    0.0648848
3.92    0.0648586
3.94    0.0648323
3.96    0.0648057
3.98    0.0647788
4    0.0647517
4.02    0.0647244
4.04    0.0646969
4.06    0.0646691
4.08    0.0646411
4.1    0.0646129
4.12    0.0645844
4.14    0.0645557
4.16    0.0645269
4.18    0.0644978
4.2    0.0644685
4.22    0.064439
4.24    0.0644093
4.26    0.0643794
4.28    0.0643493
4.3    0.064319
4.32    0.0642886
4.34    0.0642579
4.36    0.0642271
4.38    0.0641961
4.4    0.0641649
4.42    0.0641336
4.44    0.0641021
4.46    0.0640705
4.48    0.0640387
4.5    0.0640067
4.52    0.0639746
4.54    0.0639423
4.56    0.0639099
4.58    0.0638774
4.6    0.0638447
4.62    0.0638119
4.64    0.063779
4.66    0.0637459
4.68    0.0637127
4.7    0.0636794
4.72    0.063646
4.74    0.0636125
4.76    0.0635788
4.78    0.0635451
4.8    0.0635112
4.82    0.0634773
4.84    0.0634432
4.86    0.063409
4.88    0.0633748
4.9    0.0633405
4.92    0.063306
4.94    0.0632715
4.96    0.0632369
4.98    0.0632022
