-5    0.820036
-4.98    0.820036
-4.96    0.820036
-4.94    0.820036
-4.92    0.820036
-4.9    0.820036
-4.88    0.820036
-4.86    0.820036
-4.84    0.820036
-4.82    0.820036
-4.8    0.820036
-4.78    0.820036
-4.76    0.820037
-4.74    0.820037
-4.72    0.820037
-4.7    0.820037
-4.68    0.820037
-4.66    0.820037
-4.64    0.820037
-4.62    0.820037
-4.6    0.820037
-4.58    0.820037
-4.56    0.820037
-4.54    0.820037
-4.52    0.820037
-4.5    0.820037
-4.48    0.820037
-4.46    0.820037
-4.44    0.820037
-4.42    0.820037
-4.4    0.820037
-4.38    0.820037
-4.36    0.820037
-4.34    0.820037
-4.32    0.820037
-4.3    0.820037
-4.28    0.820037
-4.26    0.820037
-4.24    0.820037
-4.22    0.820037
-4.2    0.820037
-4.18    0.820037
-4.16    0.820037
-4.14    0.820037
-4.12    0.820037
-4.1    0.820037
-4.08    0.820037
-4.06    0.820037
-4.04    0.820037
-4.02    0.820037
-4    0.820037
-3.98    0.820037
-3.96    0.820037
-3.94    0.820037
-3.92    0.820037
-3.9    0.820037
-3.88    0.820037
-3.86    0.820037
-3.84    0.820037
-3.82    0.820037
-3.8    0.820037
-3.78    0.820037
-3.76    0.820037
-3.74    0.820037
-3.72    0.820037
-3.7    0.820037
-3.68    0.820037
-3.66    0.820037
-3.64    0.820038
-3.62    0.820038
-3.6    0.820038
-3.58    0.820038
-3.56    0.820038
-3.54    0.820038
-3.52    0.820038
-3.5    0.820038
-3.48    0.820038
-3.46    0.820038
-3.44    0.820038
-3.42    0.820038
-3.4    0.820038
-3.38    0.820039
-3.36    0.820039
-3.34    0.820039
-3.32    0.820039
-3.3    0.820039
-3.28    0.820039
-3.26    0.820039
-3.24    0.82004
-3.22    0.82004
-3.2    0.82004
-3.18    0.82004
-3.16    0.82004
-3.14    0.82004
-3.12    0.820041
-3.1    0.820041
-3.08    0.820041
-3.06    0.820041
-3.04    0.820042
-3.02    0.820042
-3    0.820042
-2.98    0.820043
-2.96    0.820043
-2.94    0.820043
-2.92    0.820044
-2.9    0.820044
-2.88    0.820044
-2.86    0.820045
-2.84    0.820045
-2.82    0.820046
-2.8    0.820046
-2.78    0.820047
-2.76    0.820047
-2.74    0.820048
-2.72    0.820049
-2.7    0.820049
-2.68    0.82005
-2.66    0.820051
-2.64    0.820051
-2.62    0.820052
-2.6    0.820053
-2.58    0.820054
-2.56    0.820055
-2.54    0.820056
-2.52    0.820057
-2.5    0.820058
-2.48    0.820059
-2.46    0.82006
-2.44    0.820062
-2.42    0.820063
-2.4    0.820065
-2.38    0.820066
-2.36    0.820068
-2.34    0.820069
-2.32    0.820071
-2.3    0.820073
-2.28    0.820075
-2.26    0.820077
-2.24    0.820079
-2.22    0.820082
-2.2    0.820084
-2.18    0.820087
-2.16    0.820089
-2.14    0.820092
-2.12    0.820095
-2.1    0.820098
-2.08    0.820102
-2.06    0.820105
-2.04    0.820109
-2.02    0.820113
-2    0.820117
-1.98    0.820121
-1.96    0.820126
-1.94    0.820131
-1.92    0.820136
-1.9    0.820141
-1.88    0.820147
-1.86    0.820153
-1.84    0.820159
-1.82    0.820166
-1.8    0.820173
-1.78    0.82018
-1.76    0.820188
-1.74    0.820196
-1.72    0.820205
-1.7    0.820214
-1.68    0.820223
-1.66    0.820234
-1.64    0.820244
-1.62    0.820255
-1.6    0.820267
-1.58    0.82028
-1.56    0.820293
-1.54    0.820307
-1.52    0.820321
-1.5    0.820336
-1.48    0.820353
-1.46    0.82037
-1.44    0.820388
-1.42    0.820406
-1.4    0.820426
-1.38    0.820447
-1.36    0.82047
-1.34    0.820493
-1.32    0.820517
-1.3    0.820543
-1.28    0.820571
-1.26    0.820599
-1.24    0.82063
-1.22    0.820661
-1.2    0.820695
-1.18    0.82073
-1.16    0.820768
-1.14    0.820807
-1.12    0.820848
-1.1    0.820892
-1.08    0.820938
-1.06    0.820986
-1.04    0.821037
-1.02    0.82109
-1    0.821147
-0.98    0.821206
-0.96    0.821269
-0.94    0.821335
-0.92    0.821404
-0.9    0.821477
-0.88    0.821554
-0.86    0.821635
-0.84    0.82172
-0.82    0.82181
-0.8    0.821904
-0.78    0.822003
-0.76    0.822108
-0.74    0.822217
-0.72    0.822333
-0.7    0.822454
-0.68    0.822582
-0.66    0.822717
-0.64    0.822858
-0.62    0.823007
-0.6    0.823163
-0.58    0.823327
-0.56    0.8235
-0.54    0.823681
-0.52    0.823872
-0.5    0.824072
-0.48    0.824282
-0.46    0.824503
-0.44    0.824735
-0.42    0.824978
-0.4    0.825233
-0.38    0.825501
-0.36    0.825782
-0.34    0.826076
-0.32    0.826385
-0.3    0.826709
-0.28    0.827048
-0.26    0.827403
-0.24    0.827775
-0.22    0.828164
-0.2    0.828571
-0.18    0.828997
-0.16    0.829443
-0.14    0.829908
-0.12    0.830394
-0.1    0.830902
-0.08    0.831432
-0.06    0.831985
-0.04    0.832562
-0.02    0.833162
-1.80342e-14    0.833788
0.02    0.83444
0.04    0.835118
0.06    0.835822
0.08    0.836554
0.1    0.837315
0.12    0.838103
0.14    0.838921
0.16    0.839769
0.18    0.840646
0.2    0.841553
0.22    0.842491
0.24    0.843459
0.26    0.844458
0.28    0.845487
0.3    0.846547
0.32    0.847637
0.34    0.848758
0.36    0.849908
0.38    0.851087
0.4    0.852294
0.42    0.85353
0.44    0.854792
0.46    0.85608
0.48    0.857393
0.5    0.85873
0.52    0.860089
0.54    0.861468
0.56    0.862867
0.58    0.864283
0.6    0.865716
0.62    0.867162
0.64    0.86862
0.66    0.870088
0.68    0.871564
0.7    0.873046
0.72    0.874531
0.74    0.876018
0.76    0.877504
0.78    0.878987
0.8    0.880465
0.82    0.881936
0.84    0.883397
0.86    0.884847
0.88    0.886283
0.9    0.887704
0.92    0.889108
0.94    0.890493
0.96    0.891858
0.98    0.8932
1    0.894519
1.02    0.895813
1.04    0.897081
1.06    0.898322
1.08    0.899536
1.1    0.90072
1.12    0.901875
1.14    0.903001
1.16    0.904096
1.18    0.90516
1.2    0.906193
1.22    0.907195
1.24    0.908166
1.26    0.909107
1.28    0.910016
1.3    0.910895
1.32    0.911744
1.34    0.912563
1.36    0.913352
1.38    0.914112
1.4    0.914844
1.42    0.915548
1.44    0.916225
1.46    0.916875
1.48    0.9175
1.5    0.918099
1.52    0.918674
1.54    0.919224
1.56    0.919752
1.58    0.920257
1.6    0.920741
1.62    0.921204
1.64    0.921646
1.66    0.922069
1.68    0.922474
1.7    0.92286
1.72    0.923228
1.74    0.92358
1.76    0.923916
1.78    0.924237
1.8    0.924542
1.82    0.924834
1.84    0.925112
1.86    0.925377
1.88    0.925629
1.9    0.925869
1.92    0.926098
1.94    0.926316
1.96    0.926524
1.98    0.926721
2    0.926909
2.02    0.927088
2.04    0.927258
2.06    0.92742
2.08    0.927574
2.1    0.92772
2.12    0.92786
2.14    0.927992
2.16    0.928118
2.18    0.928238
2.2    0.928351
2.22    0.92846
2.24    0.928562
2.26    0.92866
2.28    0.928753
2.3    0.928841
2.32    0.928924
2.34    0.929004
2.36    0.929079
2.38    0.929151
2.4    0.929219
2.42    0.929284
2.44    0.929346
2.46    0.929404
2.48    0.929459
2.5    0.929512
2.52    0.929562
2.54    0.929609
2.56    0.929654
2.58    0.929697
2.6    0.929738
2.62    0.929776
2.64    0.929813
2.66    0.929848
2.68    0.929881
2.7    0.929912
2.72    0.929942
2.74    0.92997
2.76    0.929997
2.78    0.930022
2.8    0.930046
2.82    0.930069
2.84    0.930091
2.86    0.930111
2.88    0.930131
2.9    0.930149
2.92    0.930167
2.94    0.930184
2.96    0.9302
2.98    0.930215
3    0.930229
3.02    0.930242
3.04    0.930255
3.06    0.930267
3.08    0.930279
3.1    0.93029
3.12    0.9303
3.14    0.93031
3.16    0.93032
3.18    0.930329
3.2    0.930337
3.22    0.930345
3.24    0.930353
3.26    0.93036
3.28    0.930367
3.3    0.930373
3.32    0.930379
3.34    0.930385
3.36    0.930391
3.38    0.930396
3.4    0.930401
3.42    0.930406
3.44    0.93041
3.46    0.930415
3.48    0.930419
3.5    0.930423
3.52    0.930426
3.54    0.93043
3.56    0.930433
3.58    0.930436
3.6    0.930439
3.62    0.930442
3.64    0.930444
3.66    0.930447
3.68    0.930449
3.7    0.930452
3.72    0.930454
3.74    0.930456
3.76    0.930458
3.78    0.93046
3.8    0.930461
3.82    0.930463
3.84    0.930465
3.86    0.930466
3.88    0.930468
3.9    0.930469
3.92    0.93047
3.94    0.930471
3.96    0.930472
3.98    0.930474
4    0.930475
4.02    0.930476
4.04    0.930477
4.06    0.930477
4.08    0.930478
4.1    0.930479
4.12    0.93048
4.14    0.93048
4.16    0.930481
4.18    0.930482
4.2    0.930482
4.22    0.930483
4.24    0.930484
4.26    0.930484
4.28    0.930485
4.3    0.930485
4.32    0.930485
4.34    0.930486
4.36    0.930486
4.38    0.930487
4.4    0.930487
4.42    0.930487
4.44    0.930488
4.46    0.930488
4.48    0.930488
4.5    0.930489
4.52    0.930489
4.54    0.930489
4.56    0.930489
4.58    0.93049
4.6    0.93049
4.62    0.93049
4.64    0.93049
4.66    0.93049
4.68    0.930491
4.7    0.930491
4.72    0.930491
4.74    0.930491
4.76    0.930491
4.78    0.930491
4.8    0.930491
4.82    0.930491
4.84    0.930492
4.86    0.930492
4.88    0.930492
4.9    0.930492
4.92    0.930492
4.94    0.930492
4.96    0.930492
4.98    0.930492
