-5    0.000134738
-4.98    0.000135082
-4.96    0.000135435
-4.94    0.000135798
-4.92    0.000136172
-4.9    0.000136556
-4.88    0.000136951
-4.86    0.000137357
-4.84    0.000137775
-4.82    0.000138205
-4.8    0.000138648
-4.78    0.000139103
-4.76    0.000139571
-4.74    0.000140053
-4.72    0.000140548
-4.7    0.000141058
-4.68    0.000141583
-4.66    0.000142123
-4.64    0.000142679
-4.62    0.000143251
-4.6    0.000143839
-4.58    0.000144445
-4.56    0.000145069
-4.54    0.000145711
-4.52    0.000146372
-4.5    0.000147053
-4.48    0.000147754
-4.46    0.000148475
-4.44    0.000149218
-4.42    0.000149983
-4.4    0.000150772
-4.38    0.000151583
-4.36    0.00015242
-4.34    0.000153281
-4.32    0.000154169
-4.3    0.000155083
-4.28    0.000156025
-4.26    0.000156996
-4.24    0.000157997
-4.22    0.000159028
-4.2    0.000160091
-4.18    0.000161187
-4.16    0.000162317
-4.14    0.000163482
-4.12    0.000164683
-4.1    0.000165922
-4.08    0.000167199
-4.06    0.000168517
-4.04    0.000169877
-4.02    0.000171279
-4    0.000172726
-3.98    0.000174219
-3.96    0.00017576
-3.94    0.00017735
-3.92    0.000178992
-3.9    0.000180687
-3.88    0.000182437
-3.86    0.000184244
-3.84    0.00018611
-3.82    0.000188037
-3.8    0.000190028
-3.78    0.000192084
-3.76    0.00019421
-3.74    0.000196406
-3.72    0.000198675
-3.7    0.000201021
-3.68    0.000203446
-3.66    0.000205954
-3.64    0.000208546
-3.62    0.000211228
-3.6    0.000214001
-3.58    0.000216871
-3.56    0.000219839
-3.54    0.000222911
-3.52    0.00022609
-3.5    0.00022938
-3.48    0.000232786
-3.46    0.000236313
-3.44    0.000239965
-3.42    0.000243747
-3.4    0.000247665
-3.38    0.000251724
-3.36    0.000255929
-3.34    0.000260287
-3.32    0.000264803
-3.3    0.000269485
-3.28    0.000274339
-3.26    0.000279371
-3.24    0.00028459
-3.22    0.000290003
-3.2    0.000295618
-3.18    0.000301444
-3.16    0.000307488
-3.14    0.000313761
-3.12    0.000320271
-3.1    0.00032703
-3.08    0.000334046
-3.06    0.000341331
-3.04    0.000348896
-3.02    0.000356753
-3    0.000364913
-2.98    0.000373391
-2.96    0.000382199
-2.94    0.000391351
-2.92    0.000400861
-2.9    0.000410745
-2.88    0.000421018
-2.86    0.000431696
-2.84    0.000442797
-2.82    0.000454338
-2.8    0.000466337
-2.78    0.000478813
-2.76    0.000491787
-2.74    0.000505279
-2.72    0.00051931
-2.7    0.000533903
-2.68    0.000549079
-2.66    0.000564864
-2.64    0.000581282
-2.62    0.000598359
-2.6    0.00061612
-2.58    0.000634593
-2.56    0.000653807
-2.54    0.00067379
-2.52    0.000694573
-2.5    0.000716186
-2.48    0.000738662
-2.46    0.000762033
-2.44    0.000786333
-2.42    0.000811596
-2.4    0.000837859
-2.38    0.000865157
-2.36    0.000893528
-2.34    0.00092301
-2.32    0.000953641
-2.3    0.000985462
-2.28    0.00101851
-2.26    0.00105283
-2.24    0.00108847
-2.22    0.00112546
-2.2    0.00116384
-2.18    0.00120367
-2.16    0.00124498
-2.14    0.00128782
-2.12    0.00133222
-2.1    0.00137825
-2.08    0.00142593
-2.06    0.00147532
-2.04    0.00152645
-2.02    0.00157937
-2    0.00163413
-1.98    0.00169075
-1.96    0.00174929
-1.94    0.00180979
-1.92    0.00187228
-1.9    0.0019368
-1.88    0.00200338
-1.86    0.00207207
-1.84    0.00214289
-1.82    0.00221587
-1.8    0.00229105
-1.78    0.00236844
-1.76    0.00244807
-1.74    0.00252996
-1.72    0.00261413
-1.7    0.00270059
-1.68    0.00278935
-1.66    0.00288042
-1.64    0.00297381
-1.62    0.00306951
-1.6    0.00316752
-1.58    0.00326783
-1.56    0.00337043
-1.54    0.00347529
-1.52    0.00358241
-1.5    0.00369175
-1.48    0.00380329
-1.46    0.00391697
-1.44    0.00403278
-1.42    0.00415065
-1.4    0.00427055
-1.38    0.0043924
-1.36    0.00451617
-1.34    0.00464176
-1.32    0.00476913
-1.3    0.00489819
-1.28    0.00502886
-1.26    0.00516106
-1.24    0.00529469
-1.22    0.00542967
-1.2    0.0055659
-1.18    0.00570327
-1.16    0.00584167
-1.14    0.005981
-1.12    0.00612114
-1.1    0.00626198
-1.08    0.00640339
-1.06    0.00654525
-1.04    0.00668744
-1.02    0.00682981
-1    0.00697225
-0.98    0.00711462
-0.96    0.00725678
-0.94    0.0073986
-0.92    0.00753994
-0.9    0.00768066
-0.88    0.00782061
-0.86    0.00795967
-0.84    0.00809768
-0.82    0.00823451
-0.8    0.00837002
-0.78    0.00850407
-0.76    0.00863652
-0.74    0.00876724
-0.72    0.00889609
-0.7    0.00902293
-0.68    0.00914763
-0.66    0.00927006
-0.64    0.0093901
-0.62    0.00950762
-0.6    0.0096225
-0.58    0.00973461
-0.56    0.00984384
-0.54    0.00995008
-0.52    0.0100532
-0.5    0.0101532
-0.48    0.0102498
-0.46    0.010343
-0.44    0.0104327
-0.42    0.0105188
-0.4    0.0106012
-0.38    0.0106799
-0.36    0.0107547
-0.34    0.0108256
-0.32    0.0108925
-0.3    0.0109554
-0.28    0.0110141
-0.26    0.0110687
-0.24    0.0111191
-0.22    0.0111652
-0.2    0.0112069
-0.18    0.0112444
-0.16    0.0112775
-0.14    0.0113061
-0.12    0.0113304
-0.1    0.0113501
-0.08    0.0113655
-0.06    0.0113763
-0.04    0.0113827
-0.02    0.0113846
-1.80342e-14    0.011382
0.02    0.011375
0.04    0.0113635
0.06    0.0113476
0.08    0.0113273
0.1    0.0113026
0.12    0.0112735
0.14    0.0112401
0.16    0.0112025
0.18    0.0111606
0.2    0.0111145
0.22    0.0110643
0.24    0.0110099
0.26    0.0109516
0.28    0.0108893
0.3    0.0108231
0.32    0.0107531
0.34    0.0106794
0.36    0.0106019
0.38    0.0105209
0.4    0.0104364
0.42    0.0103484
0.44    0.0102571
0.46    0.0101626
0.48    0.0100649
0.5    0.0099642
0.52    0.00986054
0.54    0.00975403
0.56    0.0096448
0.58    0.00953294
0.6    0.00941857
0.62    0.0093018
0.64    0.00918274
0.66    0.00906151
0.68    0.00893823
0.7    0.00881301
0.72    0.00868599
0.74    0.00855727
0.76    0.00842698
0.78    0.00829525
0.8    0.0081622
0.82    0.00802795
0.84    0.00789263
0.86    0.00775635
0.88    0.00761926
0.9    0.00748146
0.92    0.00734309
0.94    0.00720426
0.96    0.0070651
0.98    0.00692572
1    0.00678626
1.02    0.00664681
1.04    0.00650751
1.06    0.00636846
1.08    0.00622978
1.1    0.00609158
1.12    0.00595396
1.14    0.00581703
1.16    0.00568089
1.18    0.00554565
1.2    0.00541139
1.22    0.00527821
1.24    0.00514621
1.26    0.00501547
1.28    0.00488606
1.3    0.00475808
1.32    0.0046316
1.34    0.00450669
1.36    0.00438342
1.38    0.00426185
1.4    0.00414204
1.42    0.00402406
1.44    0.00390794
1.46    0.00379375
1.48    0.00368152
1.5    0.00357131
1.52    0.00346313
1.54    0.00335703
1.56    0.00325303
1.58    0.00315116
1.6    0.00305143
1.62    0.00295387
1.64    0.0028585
1.66    0.0027653
1.68    0.00267431
1.7    0.0025855
1.72    0.0024989
1.74    0.00241448
1.76    0.00233225
1.78    0.00225219
1.8    0.00217429
1.82    0.00209854
1.84    0.00202492
1.86    0.0019534
1.88    0.00188396
1.9    0.00181659
1.92    0.00175124
1.94    0.00168789
1.96    0.00162652
1.98    0.00156709
2    0.00150956
2.02    0.0014539
2.04    0.00140007
2.06    0.00134805
2.08    0.00129778
2.1    0.00124923
2.12    0.00120236
2.14    0.00115713
2.16    0.00111351
2.18    0.00107144
2.2    0.0010309
2.22    0.000991831
2.24    0.000954202
2.26    0.000917969
2.28    0.000883093
2.3    0.000849533
2.32    0.000817249
2.34    0.000786202
2.36    0.000756351
2.38    0.00072766
2.4    0.00070009
2.42    0.000673603
2.44    0.000648162
2.46    0.000623732
2.48    0.000600278
2.5    0.000577763
2.52    0.000556156
2.54    0.000535422
2.56    0.00051553
2.58    0.000496449
2.6    0.000478147
2.62    0.000460594
2.64    0.000443763
2.66    0.000427626
2.68    0.000412154
2.7    0.000397322
2.72    0.000383104
2.74    0.000369476
2.76    0.000356414
2.78    0.000343894
2.8    0.000331895
2.82    0.000320396
2.84    0.000309374
2.86    0.000298812
2.88    0.000288689
2.9    0.000278987
2.92    0.000269689
2.94    0.000260776
2.96    0.000252234
2.98    0.000244046
3    0.000236196
3.02    0.000228672
3.04    0.000221458
3.06    0.000214541
3.08    0.000207908
3.1    0.000201548
3.12    0.000195449
3.14    0.000189598
3.16    0.000183986
3.18    0.000178602
3.2    0.000173437
3.22    0.00016848
3.24    0.000163723
3.26    0.000159157
3.28    0.000154775
3.3    0.000150567
3.32    0.000146527
3.34    0.000142647
3.36    0.00013892
3.38    0.00013534
3.4    0.000131901
3.42    0.000128596
3.44    0.000125421
3.46    0.000122368
3.48    0.000119433
3.5    0.000116612
3.52    0.000113899
3.54    0.00011129
3.56    0.00010878
3.58    0.000106365
3.6    0.000104042
3.62    0.000101806
3.64    9.9654e-05
3.66    9.75825e-05
3.68    9.55881e-05
3.7    9.36677e-05
3.72    9.18183e-05
3.74    9.00371e-05
3.76    8.83212e-05
3.78    8.66681e-05
3.8    8.50752e-05
3.82    8.35403e-05
3.84    8.20609e-05
3.86    8.06349e-05
3.88    7.92603e-05
3.9    7.7935e-05
3.92    7.66572e-05
3.94    7.5425e-05
3.96    7.42368e-05
3.98    7.30907e-05
4    7.19853e-05
4.02    7.09191e-05
4.04    6.98906e-05
4.06    6.88984e-05
4.08    6.79412e-05
4.1    6.70177e-05
4.12    6.61268e-05
4.14    6.52672e-05
4.16    6.44379e-05
4.18    6.36379e-05
4.2    6.2866e-05
4.22    6.21214e-05
4.24    6.14031e-05
4.26    6.07102e-05
4.28    6.0042e-05
4.3    5.93975e-05
4.32    5.87761e-05
4.34    5.81769e-05
4.36    5.75993e-05
4.38    5.70427e-05
4.4    5.65063e-05
4.42    5.59895e-05
4.44    5.54918e-05
4.46    5.50127e-05
4.48    5.45515e-05
4.5    5.41077e-05
4.52    5.36809e-05
4.54    5.32707e-05
4.56    5.28764e-05
4.58    5.24979e-05
4.6    5.21345e-05
4.62    5.1786e-05
4.64    5.1452e-05
4.66    5.11321e-05
4.68    5.08261e-05
4.7    5.05335e-05
4.72    5.02541e-05
4.74    4.99877e-05
4.76    4.97339e-05
4.78    4.94924e-05
4.8    4.92632e-05
4.82    4.90458e-05
4.84    4.88402e-05
4.86    4.86461e-05
4.88    4.84634e-05
4.9    4.82918e-05
4.92    4.81312e-05
4.94    4.79815e-05
4.96    4.78424e-05
4.98    4.7714e-05
