-5    0.781999
-4.98    0.781629
-4.96    0.78126
-4.94    0.780892
-4.92    0.780525
-4.9    0.780159
-4.88    0.779794
-4.86    0.779429
-4.84    0.779065
-4.82    0.778703
-4.8    0.778341
-4.78    0.77798
-4.76    0.77762
-4.74    0.777261
-4.72    0.776903
-4.7    0.776546
-4.68    0.776189
-4.66    0.775834
-4.64    0.77548
-4.62    0.775127
-4.6    0.774774
-4.58    0.774423
-4.56    0.774073
-4.54    0.773724
-4.52    0.773376
-4.5    0.773029
-4.48    0.772683
-4.46    0.772338
-4.44    0.771994
-4.42    0.771651
-4.4    0.77131
-4.38    0.770969
-4.36    0.77063
-4.34    0.770292
-4.32    0.769955
-4.3    0.769619
-4.28    0.769285
-4.26    0.768951
-4.24    0.768619
-4.22    0.768288
-4.2    0.767959
-4.18    0.767631
-4.16    0.767304
-4.14    0.766978
-4.12    0.766654
-4.1    0.766331
-4.08    0.76601
-4.06    0.76569
-4.04    0.765371
-4.02    0.765055
-4    0.764739
-3.98    0.764425
-3.96    0.764113
-3.94    0.763802
-3.92    0.763493
-3.9    0.763186
-3.88    0.76288
-3.86    0.762576
-3.84    0.762274
-3.82    0.761974
-3.8    0.761676
-3.78    0.76138
-3.76    0.761086
-3.74    0.760794
-3.72    0.760504
-3.7    0.760216
-3.68    0.75993
-3.66    0.759647
-3.64    0.759366
-3.62    0.759088
-3.6    0.758812
-3.58    0.758539
-3.56    0.758269
-3.54    0.758002
-3.52    0.757737
-3.5    0.757476
-3.48    0.757217
-3.46    0.756962
-3.44    0.756711
-3.42    0.756463
-3.4    0.756218
-3.38    0.755978
-3.36    0.755741
-3.34    0.755509
-3.32    0.755281
-3.3    0.755057
-3.28    0.754838
-3.26    0.754624
-3.24    0.754415
-3.22    0.754211
-3.2    0.754012
-3.18    0.75382
-3.16    0.753633
-3.14    0.753453
-3.12    0.753279
-3.1    0.753112
-3.08    0.752952
-3.06    0.7528
-3.04    0.752655
-3.02    0.752518
-3    0.75239
-2.98    0.752271
-2.96    0.752162
-2.94    0.752061
-2.92    0.751972
-2.9    0.751892
-2.88    0.751824
-2.86    0.751768
-2.84    0.751723
-2.82    0.751691
-2.8    0.751673
-2.78    0.751669
-2.76    0.751679
-2.74    0.751704
-2.72    0.751745
-2.7    0.751803
-2.68    0.751878
-2.66    0.751971
-2.64    0.752084
-2.62    0.752216
-2.6    0.752368
-2.58    0.752543
-2.56    0.752739
-2.54    0.75296
-2.52    0.753204
-2.5    0.753475
-2.48    0.753771
-2.46    0.754096
-2.44    0.75445
-2.42    0.754833
-2.4    0.755248
-2.38    0.755695
-2.36    0.756176
-2.34    0.756692
-2.32    0.757245
-2.3    0.757835
-2.28    0.758465
-2.26    0.759135
-2.24    0.759847
-2.22    0.760602
-2.2    0.761402
-2.18    0.762249
-2.16    0.763143
-2.14    0.764087
-2.12    0.765081
-2.1    0.766127
-2.08    0.767227
-2.06    0.768382
-2.04    0.769593
-2.02    0.770861
-2    0.772188
-1.98    0.773575
-1.96    0.775023
-1.94    0.776533
-1.92    0.778106
-1.9    0.779743
-1.88    0.781443
-1.86    0.783209
-1.84    0.78504
-1.82    0.786936
-1.8    0.788898
-1.78    0.790925
-1.76    0.793017
-1.74    0.795173
-1.72    0.797393
-1.7    0.799676
-1.68    0.80202
-1.66    0.804424
-1.64    0.806886
-1.62    0.809404
-1.6    0.811976
-1.58    0.814599
-1.56    0.817271
-1.54    0.819988
-1.52    0.822748
-1.5    0.825546
-1.48    0.828379
-1.46    0.831243
-1.44    0.834133
-1.42    0.837046
-1.4    0.839977
-1.38    0.842921
-1.36    0.845873
-1.34    0.848829
-1.32    0.851784
-1.3    0.854733
-1.28    0.857671
-1.26    0.860593
-1.24    0.863495
-1.22    0.866372
-1.2    0.869219
-1.18    0.872032
-1.16    0.874807
-1.14    0.87754
-1.12    0.880228
-1.1    0.882866
-1.08    0.885451
-1.06    0.887982
-1.04    0.890454
-1.02    0.892866
-1    0.895216
-0.98    0.897502
-0.96    0.899721
-0.94    0.901874
-0.92    0.903959
-0.9    0.905975
-0.88    0.907923
-0.86    0.909801
-0.84    0.91161
-0.82    0.91335
-0.8    0.915021
-0.78    0.916624
-0.76    0.918161
-0.74    0.919631
-0.72    0.921036
-0.7    0.922376
-0.68    0.923655
-0.66    0.924871
-0.64    0.926028
-0.62    0.927126
-0.6    0.928167
-0.58    0.929152
-0.56    0.930084
-0.54    0.930964
-0.52    0.931793
-0.5    0.932573
-0.48    0.933305
-0.46    0.933992
-0.44    0.934635
-0.42    0.935236
-0.4    0.935795
-0.38    0.936316
-0.36    0.936799
-0.34    0.937245
-0.32    0.937657
-0.3    0.938036
-0.28    0.938383
-0.26    0.9387
-0.24    0.938988
-0.22    0.939248
-0.2    0.939483
-0.18    0.939692
-0.16    0.939878
-0.14    0.940041
-0.12    0.940184
-0.1    0.940306
-0.08    0.940409
-0.06    0.940495
-0.04    0.940564
-0.02    0.940617
-1.80342e-14    0.940656
0.02    0.94068
0.04    0.940692
0.06    0.940691
0.08    0.94068
0.1    0.940657
0.12    0.940625
0.14    0.940583
0.16    0.940532
0.18    0.940473
0.2    0.940406
0.22    0.940331
0.24    0.940249
0.26    0.940159
0.28    0.940063
0.3    0.93996
0.32    0.93985
0.34    0.939733
0.36    0.939609
0.38    0.939478
0.4    0.939339
0.42    0.939193
0.44    0.93904
0.46    0.938878
0.48    0.938708
0.5    0.938529
0.52    0.938342
0.54    0.938145
0.56    0.937938
0.58    0.937721
0.6    0.937493
0.62    0.937255
0.64    0.937006
0.66    0.936745
0.68    0.936473
0.7    0.936189
0.72    0.935893
0.74    0.935584
0.76    0.935263
0.78    0.93493
0.8    0.934584
0.82    0.934226
0.84    0.933855
0.86    0.933472
0.88    0.933077
0.9    0.932669
0.92    0.932249
0.94    0.931818
0.96    0.931376
0.98    0.930922
1    0.930457
1.02    0.929983
1.04    0.929498
1.06    0.929003
1.08    0.928499
1.1    0.927986
1.12    0.927465
1.14    0.926937
1.16    0.926401
1.18    0.925858
1.2    0.925308
1.22    0.924753
1.24    0.924193
1.26    0.923628
1.28    0.923058
1.3    0.922485
1.32    0.921908
1.34    0.921329
1.36    0.920747
1.38    0.920164
1.4    0.91958
1.42    0.918994
1.44    0.918409
1.46    0.917823
1.48    0.917238
1.5    0.916654
1.52    0.916071
1.54    0.91549
1.56    0.914911
1.58    0.914335
1.6    0.913761
1.62    0.913191
1.64    0.912624
1.66    0.912062
1.68    0.911503
1.7    0.910949
1.72    0.910399
1.74    0.909854
1.76    0.909315
1.78    0.90878
1.8    0.908252
1.82    0.907729
1.84    0.907211
1.86    0.9067
1.88    0.906196
1.9    0.905697
1.92    0.905205
1.94    0.90472
1.96    0.904241
1.98    0.903769
2    0.903304
2.02    0.902846
2.04    0.902394
2.06    0.90195
2.08    0.901513
2.1    0.901083
2.12    0.900659
2.14    0.900243
2.16    0.899834
2.18    0.899432
2.2    0.899037
2.22    0.898649
2.24    0.898268
2.26    0.897894
2.28    0.897527
2.3    0.897167
2.32    0.896813
2.34    0.896467
2.36    0.896127
2.38    0.895794
2.4    0.895467
2.42    0.895147
2.44    0.894833
2.46    0.894526
2.48    0.894224
2.5    0.89393
2.52    0.893641
2.54    0.893358
2.56    0.893081
2.58    0.892811
2.6    0.892546
2.62    0.892286
2.64    0.892033
2.66    0.891784
2.68    0.891541
2.7    0.891304
2.72    0.891072
2.74    0.890845
2.76    0.890623
2.78    0.890406
2.8    0.890194
2.82    0.889986
2.84    0.889784
2.86    0.889586
2.88    0.889392
2.9    0.889203
2.92    0.889018
2.94    0.888838
2.96    0.888661
2.98    0.888489
3    0.888321
3.02    0.888157
3.04    0.887996
3.06    0.887839
3.08    0.887686
3.1    0.887537
3.12    0.887391
3.14    0.887248
3.16    0.887109
3.18    0.886973
3.2    0.886841
3.22    0.886711
3.24    0.886585
3.26    0.886461
3.28    0.88634
3.3    0.886223
3.32    0.886108
3.34    0.885996
3.36    0.885886
3.38    0.885779
3.4    0.885675
3.42    0.885573
3.44    0.885473
3.46    0.885376
3.48    0.885281
3.5    0.885189
3.52    0.885098
3.54    0.88501
3.56    0.884924
3.58    0.88484
3.6    0.884757
3.62    0.884677
3.64    0.884599
3.66    0.884522
3.68    0.884448
3.7    0.884375
3.72    0.884303
3.74    0.884234
3.76    0.884166
3.78    0.8841
3.8    0.884035
3.82    0.883971
3.84    0.88391
3.86    0.883849
3.88    0.88379
3.9    0.883733
3.92    0.883676
3.94    0.883621
3.96    0.883567
3.98    0.883515
4    0.883464
4.02    0.883413
4.04    0.883364
4.06    0.883316
4.08    0.88327
4.1    0.883224
4.12    0.883179
4.14    0.883135
4.16    0.883093
4.18    0.883051
4.2    0.88301
4.22    0.88297
4.24    0.882931
4.26    0.882892
4.28    0.882855
4.3    0.882818
4.32    0.882783
4.34    0.882748
4.36    0.882713
4.38    0.88268
4.4    0.882647
4.42    0.882615
4.44    0.882583
4.46    0.882553
4.48    0.882522
4.5    0.882493
4.52    0.882464
4.54    0.882436
4.56    0.882408
4.58    0.882381
4.6    0.882354
4.62    0.882328
4.64    0.882303
4.66    0.882278
4.68    0.882253
4.7    0.882229
4.72    0.882206
4.74    0.882183
4.76    0.88216
4.78    0.882138
4.8    0.882116
4.82    0.882095
4.84    0.882074
4.86    0.882054
4.88    0.882034
4.9    0.882014
4.92    0.881995
4.94    0.881976
4.96    0.881957
4.98    0.881939
