-5    0.00220904
-4.98    0.00220931
-4.96    0.00220959
-4.94    0.00220991
-4.92    0.00221024
-4.9    0.00221061
-4.88    0.00221101
-4.86    0.00221144
-4.84    0.00221191
-4.82    0.00221242
-4.8    0.00221297
-4.78    0.00221357
-4.76    0.00221422
-4.74    0.00221492
-4.72    0.00221568
-4.7    0.00221651
-4.68    0.00221741
-4.66    0.00221839
-4.64    0.00221944
-4.62    0.00222059
-4.6    0.00222184
-4.58    0.00222319
-4.56    0.00222466
-4.54    0.00222625
-4.52    0.00222797
-4.5    0.00222985
-4.48    0.00223188
-4.46    0.00223409
-4.44    0.00223649
-4.42    0.00223909
-4.4    0.00224191
-4.38    0.00224497
-4.36    0.0022483
-4.34    0.00225191
-4.32    0.00225583
-4.3    0.00226009
-4.28    0.00226471
-4.26    0.00226974
-4.24    0.00227519
-4.22    0.00228111
-4.2    0.00228755
-4.18    0.00229454
-4.16    0.00230214
-4.14    0.0023104
-4.12    0.00231938
-4.1    0.00232915
-4.08    0.00233976
-4.06    0.00235131
-4.04    0.00236388
-4.02    0.00237755
-4    0.00239243
-3.98    0.00240863
-3.96    0.00242628
-3.94    0.0024455
-3.92    0.00246646
-3.9    0.0024893
-3.88    0.00251422
-3.86    0.00254141
-3.84    0.0025711
-3.82    0.00260352
-3.8    0.00263895
-3.78    0.00267769
-3.76    0.00272008
-3.74    0.00276649
-3.72    0.00281733
-3.7    0.00287307
-3.68    0.00293424
-3.66    0.0030014
-3.64    0.00307521
-3.62    0.00315641
-3.6    0.00324581
-3.58    0.00334434
-3.56    0.00345306
-3.54    0.00357312
-3.52    0.00370588
-3.5    0.00385283
-3.48    0.00401567
-3.46    0.00419634
-3.44    0.00439703
-3.42    0.00462021
-3.4    0.00486869
-3.38    0.00514565
-3.36    0.00545471
-3.34    0.00579994
-3.32    0.00618593
-3.3    0.0066179
-3.28    0.00710166
-3.26    0.00764378
-3.24    0.00825158
-3.22    0.00893319
-3.2    0.00969762
-3.18    0.0105548
-3.16    0.0115156
-3.14    0.0125916
-3.12    0.0137957
-3.1    0.015141
-3.08    0.0166418
-3.06    0.0183124
-3.04    0.0201677
-3.02    0.0222223
-3    0.0244904
-2.98    0.0269855
-2.96    0.0297195
-2.94    0.0327027
-2.92    0.0359429
-2.9    0.0394453
-2.88    0.0432117
-2.86    0.0472403
-2.84    0.0515254
-2.82    0.0560572
-2.8    0.0608221
-2.78    0.0658023
-2.76    0.0709765
-2.74    0.0763203
-2.72    0.0818066
-2.7    0.0874061
-2.68    0.0930885
-2.66    0.0988227
-2.64    0.104577
-2.62    0.110322
-2.6    0.116029
-2.58    0.121669
-2.56    0.127218
-2.54    0.132653
-2.52    0.137954
-2.5    0.143104
-2.48    0.148089
-2.46    0.152897
-2.44    0.157519
-2.42    0.161949
-2.4    0.166182
-2.38    0.170216
-2.36    0.174051
-2.34    0.177688
-2.32    0.18113
-2.3    0.184382
-2.28    0.187447
-2.26    0.190332
-2.24    0.193043
-2.22    0.195586
-2.2    0.197969
-2.18    0.200199
-2.16    0.202284
-2.14    0.20423
-2.12    0.206046
-2.1    0.207738
-2.08    0.209313
-2.06    0.210779
-2.04    0.212142
-2.02    0.213408
-2    0.214584
-1.98    0.215675
-1.96    0.216688
-1.94    0.217626
-1.92    0.218496
-1.9    0.219301
-1.88    0.220048
-1.86    0.220738
-1.84    0.221377
-1.82    0.221968
-1.8    0.222515
-1.78    0.223021
-1.76    0.223488
-1.74    0.22392
-1.72    0.224319
-1.7    0.224688
-1.68    0.225029
-1.66    0.225343
-1.64    0.225634
-1.62    0.225902
-1.6    0.22615
-1.58    0.226379
-1.56    0.22659
-1.54    0.226784
-1.52    0.226964
-1.5    0.22713
-1.48    0.227283
-1.46    0.227424
-1.44    0.227555
-1.42    0.227675
-1.4    0.227786
-1.38    0.227888
-1.36    0.227982
-1.34    0.228069
-1.32    0.22815
-1.3    0.228224
-1.28    0.228292
-1.26    0.228355
-1.24    0.228413
-1.22    0.228466
-1.2    0.228516
-1.18    0.228561
-1.16    0.228603
-1.14    0.228642
-1.12    0.228678
-1.1    0.228711
-1.08    0.228741
-1.06    0.228769
-1.04    0.228795
-1.02    0.228819
-1    0.228841
-0.98    0.228861
-0.96    0.228879
-0.94    0.228897
-0.92    0.228913
-0.9    0.228927
-0.88    0.228941
-0.86    0.228953
-0.84    0.228965
-0.82    0.228975
-0.8    0.228985
-0.78    0.228994
-0.76    0.229002
-0.74    0.22901
-0.72    0.229017
-0.7    0.229023
-0.68    0.229029
-0.66    0.229035
-0.64    0.22904
-0.62    0.229045
-0.6    0.229049
-0.58    0.229053
-0.56    0.229057
-0.54    0.22906
-0.52    0.229063
-0.5    0.229066
-0.48    0.229069
-0.46    0.229071
-0.44    0.229073
-0.42    0.229075
-0.4    0.229077
-0.38    0.229079
-0.36    0.229081
-0.34    0.229082
-0.32    0.229084
-0.3    0.229085
-0.28    0.229086
-0.26    0.229087
-0.24    0.229088
-0.22    0.229089
-0.2    0.22909
-0.18    0.229091
-0.16    0.229091
-0.14    0.229092
-0.12    0.229093
-0.1    0.229093
-0.08    0.229094
-0.06    0.229094
-0.04    0.229095
-0.02    0.229095
-1.80342e-14    0.229095
0.02    0.229096
0.04    0.229096
0.06    0.229096
0.08    0.229097
0.1    0.229097
0.12    0.229097
0.14    0.229097
0.16    0.229098
0.18    0.229098
0.2    0.229098
0.22    0.229098
0.24    0.229098
0.26    0.229098
0.28    0.229098
0.3    0.229099
0.32    0.229099
0.34    0.229099
0.36    0.229099
0.38    0.229099
0.4    0.229099
0.42    0.229099
0.44    0.229099
0.46    0.229099
0.48    0.229099
0.5    0.229099
0.52    0.229099
0.54    0.229099
0.56    0.229099
0.58    0.229099
0.6    0.2291
0.62    0.2291
0.64    0.2291
0.66    0.2291
0.68    0.2291
0.7    0.2291
0.72    0.2291
0.74    0.2291
0.76    0.2291
0.78    0.2291
0.8    0.2291
0.82    0.2291
0.84    0.2291
0.86    0.2291
0.88    0.2291
0.9    0.2291
0.92    0.2291
0.94    0.2291
0.96    0.2291
0.98    0.2291
1    0.2291
1.02    0.2291
1.04    0.2291
1.06    0.2291
1.08    0.2291
1.1    0.2291
1.12    0.2291
1.14    0.2291
1.16    0.2291
1.18    0.2291
1.2    0.2291
1.22    0.2291
1.24    0.2291
1.26    0.2291
1.28    0.2291
1.3    0.2291
1.32    0.2291
1.34    0.2291
1.36    0.2291
1.38    0.2291
1.4    0.2291
1.42    0.2291
1.44    0.2291
1.46    0.2291
1.48    0.2291
1.5    0.2291
1.52    0.2291
1.54    0.2291
1.56    0.2291
1.58    0.2291
1.6    0.2291
1.62    0.2291
1.64    0.2291
1.66    0.2291
1.68    0.2291
1.7    0.2291
1.72    0.2291
1.74    0.2291
1.76    0.2291
1.78    0.2291
1.8    0.2291
1.82    0.2291
1.84    0.2291
1.86    0.2291
1.88    0.2291
1.9    0.2291
1.92    0.2291
1.94    0.2291
1.96    0.2291
1.98    0.2291
2    0.2291
2.02    0.2291
2.04    0.2291
2.06    0.2291
2.08    0.2291
2.1    0.2291
2.12    0.2291
2.14    0.2291
2.16    0.2291
2.18    0.2291
2.2    0.2291
2.22    0.2291
2.24    0.2291
2.26    0.2291
2.28    0.2291
2.3    0.2291
2.32    0.2291
2.34    0.2291
2.36    0.2291
2.38    0.2291
2.4    0.2291
2.42    0.2291
2.44    0.2291
2.46    0.2291
2.48    0.2291
2.5    0.2291
2.52    0.2291
2.54    0.2291
2.56    0.2291
2.58    0.2291
2.6    0.2291
2.62    0.2291
2.64    0.2291
2.66    0.2291
2.68    0.2291
2.7    0.2291
2.72    0.2291
2.74    0.2291
2.76    0.2291
2.78    0.2291
2.8    0.2291
2.82    0.2291
2.84    0.2291
2.86    0.2291
2.88    0.2291
2.9    0.2291
2.92    0.2291
2.94    0.2291
2.96    0.2291
2.98    0.2291
3    0.2291
3.02    0.2291
3.04    0.2291
3.06    0.2291
3.08    0.2291
3.1    0.2291
3.12    0.2291
3.14    0.2291
3.16    0.2291
3.18    0.2291
3.2    0.2291
3.22    0.2291
3.24    0.2291
3.26    0.2291
3.28    0.2291
3.3    0.2291
3.32    0.2291
3.34    0.2291
3.36    0.2291
3.38    0.2291
3.4    0.2291
3.42    0.2291
3.44    0.2291
3.46    0.2291
3.48    0.2291
3.5    0.2291
3.52    0.2291
3.54    0.2291
3.56    0.2291
3.58    0.2291
3.6    0.2291
3.62    0.2291
3.64    0.2291
3.66    0.2291
3.68    0.2291
3.7    0.2291
3.72    0.2291
3.74    0.2291
3.76    0.2291
3.78    0.2291
3.8    0.2291
3.82    0.2291
3.84    0.2291
3.86    0.2291
3.88    0.2291
3.9    0.2291
3.92    0.2291
3.94    0.2291
3.96    0.2291
3.98    0.2291
4    0.2291
4.02    0.2291
4.04    0.2291
4.06    0.2291
4.08    0.2291
4.1    0.2291
4.12    0.2291
4.14    0.2291
4.16    0.2291
4.18    0.2291
4.2    0.2291
4.22    0.2291
4.24    0.2291
4.26    0.2291
4.28    0.2291
4.3    0.2291
4.32    0.2291
4.34    0.2291
4.36    0.2291
4.38    0.2291
4.4    0.2291
4.42    0.2291
4.44    0.2291
4.46    0.2291
4.48    0.2291
4.5    0.2291
4.52    0.2291
4.54    0.2291
4.56    0.2291
4.58    0.2291
4.6    0.2291
4.62    0.2291
4.64    0.2291
4.66    0.2291
4.68    0.2291
4.7    0.2291
4.72    0.2291
4.74    0.2291
4.76    0.2291
4.78    0.2291
4.8    0.2291
4.82    0.2291
4.84    0.2291
4.86    0.2291
4.88    0.2291
4.9    0.2291
4.92    0.2291
4.94    0.2291
4.96    0.2291
4.98    0.2291
