-5    0.632307
-4.98    0.63256
-4.96    0.632815
-4.94    0.633072
-4.92    0.633332
-4.9    0.633595
-4.88    0.63386
-4.86    0.634128
-4.84    0.634398
-4.82    0.634671
-4.8    0.634947
-4.78    0.635226
-4.76    0.635507
-4.74    0.635791
-4.72    0.636077
-4.7    0.636366
-4.68    0.636658
-4.66    0.636953
-4.64    0.637251
-4.62    0.637551
-4.6    0.637854
-4.58    0.63816
-4.56    0.638468
-4.54    0.63878
-4.52    0.639094
-4.5    0.639411
-4.48    0.639731
-4.46    0.640053
-4.44    0.640379
-4.42    0.640707
-4.4    0.641038
-4.38    0.641372
-4.36    0.641709
-4.34    0.642049
-4.32    0.642392
-4.3    0.642737
-4.28    0.643086
-4.26    0.643437
-4.24    0.643791
-4.22    0.644148
-4.2    0.644508
-4.18    0.644871
-4.16    0.645236
-4.14    0.645605
-4.12    0.645977
-4.1    0.646351
-4.08    0.646728
-4.06    0.647108
-4.04    0.647491
-4.02    0.647877
-4    0.648266
-3.98    0.648658
-3.96    0.649052
-3.94    0.649449
-3.92    0.649849
-3.9    0.650252
-3.88    0.650658
-3.86    0.651067
-3.84    0.651478
-3.82    0.651893
-3.8    0.65231
-3.78    0.652729
-3.76    0.653152
-3.74    0.653577
-3.72    0.654005
-3.7    0.654436
-3.68    0.654869
-3.66    0.655305
-3.64    0.655744
-3.62    0.656185
-3.6    0.656629
-3.58    0.657076
-3.56    0.657525
-3.54    0.657977
-3.52    0.658431
-3.5    0.658888
-3.48    0.659347
-3.46    0.659809
-3.44    0.660273
-3.42    0.660739
-3.4    0.661208
-3.38    0.661679
-3.36    0.662153
-3.34    0.662629
-3.32    0.663107
-3.3    0.663587
-3.28    0.66407
-3.26    0.664554
-3.24    0.665041
-3.22    0.66553
-3.2    0.666021
-3.18    0.666514
-3.16    0.667009
-3.14    0.667505
-3.12    0.668004
-3.1    0.668505
-3.08    0.669007
-3.06    0.669511
-3.04    0.670017
-3.02    0.670524
-3    0.671033
-2.98    0.671544
-2.96    0.672056
-2.94    0.67257
-2.92    0.673085
-2.9    0.673601
-2.88    0.674119
-2.86    0.674638
-2.84    0.675158
-2.82    0.675679
-2.8    0.676202
-2.78    0.676725
-2.76    0.67725
-2.74    0.677775
-2.72    0.678301
-2.7    0.678828
-2.68    0.679356
-2.66    0.679885
-2.64    0.680414
-2.62    0.680943
-2.6    0.681473
-2.58    0.682004
-2.56    0.682535
-2.54    0.683066
-2.52    0.683597
-2.5    0.684128
-2.48    0.68466
-2.46    0.685191
-2.44    0.685723
-2.42    0.686254
-2.4    0.686785
-2.38    0.687316
-2.36    0.687846
-2.34    0.688376
-2.32    0.688905
-2.3    0.689433
-2.28    0.689961
-2.26    0.690488
-2.24    0.691014
-2.22    0.69154
-2.2    0.692064
-2.18    0.692586
-2.16    0.693108
-2.14    0.693628
-2.12    0.694147
-2.1    0.694664
-2.08    0.695179
-2.06    0.695693
-2.04    0.696205
-2.02    0.696715
-2    0.697223
-1.98    0.697728
-1.96    0.698231
-1.94    0.698732
-1.92    0.699231
-1.9    0.699726
-1.88    0.700219
-1.86    0.700709
-1.84    0.701196
-1.82    0.701679
-1.8    0.70216
-1.78    0.702637
-1.76    0.70311
-1.74    0.70358
-1.72    0.704045
-1.7    0.704507
-1.68    0.704964
-1.66    0.705417
-1.64    0.705865
-1.62    0.706309
-1.6    0.706748
-1.58    0.707182
-1.56    0.70761
-1.54    0.708033
-1.52    0.70845
-1.5    0.708861
-1.48    0.709266
-1.46    0.709665
-1.44    0.710057
-1.42    0.710443
-1.4    0.710821
-1.38    0.711192
-1.36    0.711555
-1.34    0.71191
-1.32    0.712257
-1.3    0.712596
-1.28    0.712926
-1.26    0.713246
-1.24    0.713557
-1.22    0.713858
-1.2    0.714149
-1.18    0.714429
-1.16    0.714698
-1.14    0.714955
-1.12    0.7152
-1.1    0.715433
-1.08    0.715653
-1.06    0.715859
-1.04    0.716051
-1.02    0.716229
-1    0.716391
-0.98    0.716538
-0.96    0.716668
-0.94    0.716781
-0.92    0.716876
-0.9    0.716952
-0.88    0.717009
-0.86    0.717045
-0.84    0.71706
-0.82    0.717053
-0.8    0.717023
-0.78    0.716969
-0.76    0.716889
-0.74    0.716784
-0.72    0.71665
-0.7    0.716488
-0.68    0.716296
-0.66    0.716073
-0.64    0.715817
-0.62    0.715526
-0.6    0.7152
-0.58    0.714835
-0.56    0.714432
-0.54    0.713987
-0.52    0.713499
-0.5    0.712966
-0.48    0.712385
-0.46    0.711755
-0.44    0.711073
-0.42    0.710336
-0.4    0.709543
-0.38    0.70869
-0.36    0.707774
-0.34    0.706793
-0.32    0.705743
-0.3    0.704621
-0.28    0.703423
-0.26    0.702147
-0.24    0.700789
-0.22    0.699343
-0.2    0.697808
-0.18    0.696177
-0.16    0.694447
-0.14    0.692614
-0.12    0.690673
-0.1    0.688618
-0.08    0.686445
-0.06    0.684149
-0.04    0.681724
-0.02    0.679165
-1.80342e-14    0.676467
0.02    0.673623
0.04    0.670628
0.06    0.667477
0.08    0.664163
0.1    0.66068
0.12    0.657023
0.14    0.653186
0.16    0.649163
0.18    0.644949
0.2    0.640539
0.22    0.635926
0.24    0.631108
0.26    0.626079
0.28    0.620836
0.3    0.615376
0.32    0.609695
0.34    0.603792
0.36    0.597665
0.38    0.591316
0.4    0.584743
0.42    0.577949
0.44    0.570937
0.46    0.563711
0.48    0.556275
0.5    0.548637
0.52    0.540804
0.54    0.532785
0.56    0.524591
0.58    0.516233
0.6    0.507724
0.62    0.499078
0.64    0.49031
0.66    0.481436
0.68    0.472473
0.7    0.463439
0.72    0.454351
0.74    0.445227
0.76    0.436087
0.78    0.42695
0.8    0.417832
0.82    0.408753
0.84    0.39973
0.86    0.390781
0.88    0.38192
0.9    0.373163
0.92    0.364524
0.94    0.356017
0.96    0.347652
0.98    0.339441
1    0.331392
1.02    0.323514
1.04    0.315813
1.06    0.308295
1.08    0.300964
1.1    0.293823
1.12    0.286874
1.14    0.280119
1.16    0.273558
1.18    0.267189
1.2    0.261013
1.22    0.255026
1.24    0.249226
1.26    0.243611
1.28    0.238176
1.3    0.232918
1.32    0.227832
1.34    0.222914
1.36    0.21816
1.38    0.213566
1.4    0.209125
1.42    0.204833
1.44    0.200686
1.46    0.196679
1.48    0.192807
1.5    0.189066
1.52    0.18545
1.54    0.181956
1.56    0.178579
1.58    0.175314
1.6    0.172158
1.62    0.169108
1.64    0.166158
1.66    0.163305
1.68    0.160546
1.7    0.157878
1.72    0.155297
1.74    0.152799
1.76    0.150383
1.78    0.148045
1.8    0.145782
1.82    0.143592
1.84    0.141472
1.86    0.13942
1.88    0.137433
1.9    0.13551
1.92    0.133647
1.94    0.131844
1.96    0.130098
1.98    0.128407
2    0.126769
2.02    0.125183
2.04    0.123647
2.06    0.12216
2.08    0.120719
2.1    0.119323
2.12    0.117972
2.14    0.116663
2.16    0.115395
2.18    0.114168
2.2    0.112978
2.22    0.111827
2.24    0.110712
2.26    0.109631
2.28    0.108585
2.3    0.107572
2.32    0.106592
2.34    0.105642
2.36    0.104722
2.38    0.103832
2.4    0.102969
2.42    0.102135
2.44    0.101326
2.46    0.100544
2.48    0.0997865
2.5    0.0990533
2.52    0.0983435
2.54    0.0976566
2.56    0.0969917
2.58    0.0963481
2.6    0.0957253
2.62    0.0951226
2.64    0.0945393
2.66    0.0939748
2.68    0.0934287
2.7    0.0929003
2.72    0.092389
2.74    0.0918943
2.76    0.0914158
2.78    0.0909528
2.8    0.090505
2.82    0.0900718
2.84    0.0896528
2.86    0.0892475
2.88    0.0888556
2.9    0.0884765
2.92    0.0881099
2.94    0.0877554
2.96    0.0874126
2.98    0.0870812
3    0.0867607
3.02    0.0864509
3.04    0.0861513
3.06    0.0858617
3.08    0.0855818
3.1    0.0853111
3.12    0.0850496
3.14    0.0847967
3.16    0.0845524
3.18    0.0843162
3.2    0.084088
3.22    0.0838675
3.24    0.0836544
3.26    0.0834484
3.28    0.0832495
3.3    0.0830572
3.32    0.0828715
3.34    0.0826921
3.36    0.0825188
3.38    0.0823514
3.4    0.0821897
3.42    0.0820336
3.44    0.0818827
3.46    0.0817371
3.48    0.0815964
3.5    0.0814606
3.52    0.0813295
3.54    0.0812029
3.56    0.0810807
3.58    0.0809627
3.6    0.0808488
3.62    0.0807388
3.64    0.0806327
3.66    0.0805303
3.68    0.0804315
3.7    0.0803362
3.72    0.0802442
3.74    0.0801554
3.76    0.0800697
3.78    0.0799871
3.8    0.0799075
3.82    0.0798306
3.84    0.0797565
3.86    0.079685
3.88    0.0796161
3.9    0.0795496
3.92    0.0794856
3.94    0.0794238
3.96    0.0793643
3.98    0.0793069
4    0.0792516
4.02    0.0791984
4.04    0.079147
4.06    0.0790976
4.08    0.0790499
4.1    0.0790041
4.12    0.0789599
4.14    0.0789173
4.16    0.0788764
4.18    0.078837
4.2    0.078799
4.22    0.0787625
4.24    0.0787273
4.26    0.0786935
4.28    0.078661
4.3    0.0786297
4.32    0.0785996
4.34    0.0785707
4.36    0.0785429
4.38    0.0785161
4.4    0.0784904
4.42    0.0784658
4.44    0.078442
4.46    0.0784193
4.48    0.0783974
4.5    0.0783764
4.52    0.0783563
4.54    0.0783369
4.56    0.0783184
4.58    0.0783006
4.6    0.0782835
4.62    0.0782672
4.64    0.0782515
4.66    0.0782365
4.68    0.0782221
4.7    0.0782083
4.72    0.0781952
4.74    0.0781825
4.76    0.0781705
4.78    0.0781589
4.8    0.0781479
4.82    0.0781374
4.84    0.0781273
4.86    0.0781177
4.88    0.0781086
4.9    0.0780998
4.92    0.0780915
4.94    0.0780836
4.96    0.078076
4.98    0.0780689
