-5    5.78116e-05
-4.98    5.81153e-05
-4.96    5.84275e-05
-4.94    5.87485e-05
-4.92    5.90786e-05
-4.9    5.94181e-05
-4.88    5.97673e-05
-4.86    6.01264e-05
-4.84    6.04958e-05
-4.82    6.08758e-05
-4.8    6.12668e-05
-4.78    6.16691e-05
-4.76    6.2083e-05
-4.74    6.25091e-05
-4.72    6.29475e-05
-4.7    6.33989e-05
-4.68    6.38635e-05
-4.66    6.43418e-05
-4.64    6.48343e-05
-4.62    6.53415e-05
-4.6    6.58638e-05
-4.58    6.64017e-05
-4.56    6.69559e-05
-4.54    6.75268e-05
-4.52    6.8115e-05
-4.5    6.87212e-05
-4.48    6.93458e-05
-4.46    6.99897e-05
-4.44    7.06534e-05
-4.42    7.13377e-05
-4.4    7.20432e-05
-4.38    7.27708e-05
-4.36    7.35212e-05
-4.34    7.42952e-05
-4.32    7.50937e-05
-4.3    7.59177e-05
-4.28    7.67679e-05
-4.26    7.76454e-05
-4.24    7.85512e-05
-4.22    7.94863e-05
-4.2    8.04518e-05
-4.18    8.14489e-05
-4.16    8.24787e-05
-4.14    8.35426e-05
-4.12    8.46417e-05
-4.1    8.57774e-05
-4.08    8.69511e-05
-4.06    8.81644e-05
-4.04    8.94187e-05
-4.02    9.07156e-05
-4    9.20568e-05
-3.98    9.34441e-05
-3.96    9.48792e-05
-3.94    9.63642e-05
-3.92    9.79008e-05
-3.9    9.94914e-05
-3.88    0.000101138
-3.86    0.000102843
-3.84    0.000104608
-3.82    0.000106437
-3.8    0.000108331
-3.78    0.000110294
-3.76    0.000112328
-3.74    0.000114436
-3.72    0.000116622
-3.7    0.000118888
-3.68    0.000121239
-3.66    0.000123677
-3.64    0.000126206
-3.62    0.00012883
-3.6    0.000131554
-3.58    0.000134381
-3.56    0.000137316
-3.54    0.000140364
-3.52    0.000143529
-3.5    0.000146817
-3.48    0.000150233
-3.46    0.000153783
-3.44    0.000157472
-3.42    0.000161306
-3.4    0.000165293
-3.38    0.000169439
-3.36    0.00017375
-3.34    0.000178235
-3.32    0.0001829
-3.3    0.000187755
-3.28    0.000192806
-3.26    0.000198064
-3.24    0.000203538
-3.22    0.000209236
-3.2    0.00021517
-3.18    0.000221349
-3.16    0.000227786
-3.14    0.00023449
-3.12    0.000241475
-3.1    0.000248752
-3.08    0.000256336
-3.06    0.000264239
-3.04    0.000272476
-3.02    0.000281061
-3    0.000290011
-2.98    0.000299342
-2.96    0.00030907
-2.94    0.000319213
-2.92    0.00032979
-2.9    0.000340818
-2.88    0.000352319
-2.86    0.000364313
-2.84    0.000376821
-2.82    0.000389865
-2.8    0.000403469
-2.78    0.000417657
-2.76    0.000432453
-2.74    0.000447882
-2.72    0.000463973
-2.7    0.000480752
-2.68    0.000498248
-2.66    0.00051649
-2.64    0.000535509
-2.62    0.000555336
-2.6    0.000576003
-2.58    0.000597545
-2.56    0.000619994
-2.54    0.000643386
-2.52    0.000667758
-2.5    0.000693147
-2.48    0.00071959
-2.46    0.000747126
-2.44    0.000775795
-2.42    0.000805638
-2.4    0.000836696
-2.38    0.000869011
-2.36    0.000902626
-2.34    0.000937585
-2.32    0.00097393
-2.3    0.00101171
-2.28    0.00105096
-2.26    0.00109174
-2.24    0.00113408
-2.22    0.00117804
-2.2    0.00122366
-2.18    0.00127098
-2.16    0.00132006
-2.14    0.00137093
-2.12    0.00142365
-2.1    0.00147825
-2.08    0.00153478
-2.06    0.00159329
-2.04    0.00165381
-2.02    0.00171639
-2    0.00178108
-1.98    0.0018479
-1.96    0.00191689
-1.94    0.00198809
-1.92    0.00206154
-1.9    0.00213727
-1.88    0.0022153
-1.86    0.00229566
-1.84    0.00237838
-1.82    0.00246348
-1.8    0.00255098
-1.78    0.00264089
-1.76    0.00273323
-1.74    0.002828
-1.72    0.00292522
-1.7    0.00302488
-1.68    0.00312698
-1.66    0.00323152
-1.64    0.00333849
-1.62    0.00344788
-1.6    0.00355966
-1.58    0.00367381
-1.56    0.00379031
-1.54    0.00390912
-1.52    0.00403022
-1.5    0.00415355
-1.48    0.00427907
-1.46    0.00440674
-1.44    0.0045365
-1.42    0.00466829
-1.4    0.00480205
-1.38    0.0049377
-1.36    0.00507517
-1.34    0.0052144
-1.32    0.00535528
-1.3    0.00549775
-1.28    0.0056417
-1.26    0.00578704
-1.24    0.00593368
-1.22    0.00608151
-1.2    0.00623043
-1.18    0.00638032
-1.16    0.00653107
-1.14    0.00668257
-1.12    0.00683469
-1.1    0.00698732
-1.08    0.00714033
-1.06    0.0072936
-1.04    0.00744698
-1.02    0.00760036
-1    0.0077536
-0.98    0.00790657
-0.96    0.00805912
-0.94    0.00821113
-0.92    0.00836246
-0.9    0.00851297
-0.88    0.00866251
-0.86    0.00881096
-0.84    0.00895818
-0.82    0.00910402
-0.8    0.00924836
-0.78    0.00939105
-0.76    0.00953196
-0.74    0.00967095
-0.72    0.0098079
-0.7    0.00994268
-0.68    0.0100751
-0.66    0.0102052
-0.64    0.0103327
-0.62    0.0104575
-0.6    0.0105795
-0.58    0.0106985
-0.56    0.0108146
-0.54    0.0109275
-0.52    0.0110372
-0.5    0.0111435
-0.48    0.0112463
-0.46    0.0113456
-0.44    0.0114413
-0.42    0.0115332
-0.4    0.0116213
-0.38    0.0117055
-0.36    0.0117857
-0.34    0.0118618
-0.32    0.0119338
-0.3    0.0120016
-0.28    0.0120652
-0.26    0.0121244
-0.24    0.0121793
-0.22    0.0122297
-0.2    0.0122757
-0.18    0.0123171
-0.16    0.012354
-0.14    0.0123864
-0.12    0.0124141
-0.1    0.0124372
-0.08    0.0124556
-0.06    0.0124694
-0.04    0.0124785
-0.02    0.012483
-1.80342e-14    0.0124827
0.02    0.0124778
0.04    0.0124682
0.06    0.012454
0.08    0.0124352
0.1    0.0124117
0.12    0.0123836
0.14    0.012351
0.16    0.0123139
0.18    0.0122722
0.2    0.0122262
0.22    0.0121757
0.24    0.0121209
0.26    0.0120618
0.28    0.0119985
0.3    0.011931
0.32    0.0118594
0.34    0.0117838
0.36    0.0117043
0.38    0.0116208
0.4    0.0115336
0.42    0.0114427
0.44    0.0113481
0.46    0.01125
0.48    0.0111485
0.5    0.0110437
0.52    0.0109356
0.54    0.0108244
0.56    0.0107102
0.58    0.0105931
0.6    0.0104732
0.62    0.0103506
0.64    0.0102254
0.66    0.0100978
0.68    0.00996787
0.7    0.00983572
0.72    0.00970149
0.74    0.0095653
0.76    0.00942729
0.78    0.00928757
0.8    0.00914627
0.82    0.00900353
0.84    0.00885947
0.86    0.00871423
0.88    0.00856792
0.9    0.00842069
0.92    0.00827266
0.94    0.00812395
0.96    0.0079747
0.98    0.00782504
1    0.00767508
1.02    0.00752496
1.04    0.00737479
1.06    0.0072247
1.08    0.00707481
1.1    0.00692523
1.12    0.00677608
1.14    0.00662747
1.16    0.00647951
1.18    0.00633231
1.2    0.00618598
1.22    0.00604061
1.24    0.0058963
1.26    0.00575316
1.28    0.00561126
1.3    0.0054707
1.32    0.00533156
1.34    0.00519392
1.36    0.00505787
1.38    0.00492346
1.4    0.00479078
1.42    0.00465988
1.44    0.00453083
1.46    0.00440369
1.48    0.0042785
1.5    0.00415532
1.52    0.00403419
1.54    0.00391515
1.56    0.00379824
1.58    0.00368349
1.6    0.00357092
1.62    0.00346058
1.64    0.00335247
1.66    0.00324661
1.68    0.00314301
1.7    0.0030417
1.72    0.00294266
1.74    0.00284591
1.76    0.00275145
1.78    0.00265927
1.8    0.00256937
1.82    0.00248173
1.84    0.00239635
1.86    0.00231322
1.88    0.0022323
1.9    0.00215359
1.92    0.00207706
1.94    0.00200269
1.96    0.00193045
1.98    0.00186032
2    0.00179226
2.02    0.00172625
2.04    0.00166225
2.06    0.00160022
2.08    0.00154015
2.1    0.00148198
2.12    0.00142568
2.14    0.00137121
2.16    0.00131854
2.18    0.00126763
2.2    0.00121843
2.22    0.00117091
2.24    0.00112503
2.26    0.00108074
2.28    0.00103802
2.3    0.000996803
2.32    0.000957068
2.34    0.000918768
2.36    0.000881865
2.38    0.000846318
2.4    0.000812089
2.42    0.000779138
2.44    0.000747428
2.46    0.000716921
2.48    0.000687578
2.5    0.000659364
2.52    0.000632241
2.54    0.000606176
2.56    0.000581132
2.58    0.000557075
2.6    0.000533973
2.62    0.000511792
2.64    0.000490501
2.66    0.000470068
2.68    0.000450462
2.7    0.000431655
2.72    0.000413616
2.74    0.000396319
2.76    0.000379735
2.78    0.000363839
2.8    0.000348603
2.82    0.000334004
2.84    0.000320016
2.86    0.000306617
2.88    0.000293783
2.9    0.000281492
2.92    0.000269723
2.94    0.000258456
2.96    0.00024767
2.98    0.000237345
3    0.000227464
3.02    0.000218009
3.04    0.000208961
3.06    0.000200305
3.08    0.000192023
3.1    0.000184101
3.12    0.000176524
3.14    0.000169276
3.16    0.000162345
3.18    0.000155717
3.2    0.000149378
3.22    0.000143318
3.24    0.000137523
3.26    0.000131982
3.28    0.000126685
3.3    0.000121621
3.32    0.00011678
3.34    0.000112151
3.36    0.000107727
3.38    0.000103497
3.4    9.94537e-05
3.42    9.55885e-05
3.44    9.18935e-05
3.46    8.83613e-05
3.48    8.49846e-05
3.5    8.17564e-05
3.52    7.86703e-05
3.54    7.57198e-05
3.56    7.2899e-05
3.58    7.02018e-05
3.6    6.7623e-05
3.62    6.5157e-05
3.64    6.27989e-05
3.66    6.05438e-05
3.68    5.8387e-05
3.7    5.63241e-05
3.72    5.43509e-05
3.74    5.24633e-05
3.76    5.06575e-05
3.78    4.89296e-05
3.8    4.72763e-05
3.82    4.56941e-05
3.84    4.41799e-05
3.86    4.27304e-05
3.88    4.13429e-05
3.9    4.00145e-05
3.92    3.87425e-05
3.94    3.75244e-05
3.96    3.63577e-05
3.98    3.52401e-05
4    3.41694e-05
4.02    3.31435e-05
4.04    3.21604e-05
4.06    3.12181e-05
4.08    3.03148e-05
4.1    2.94488e-05
4.12    2.86184e-05
4.14    2.7822e-05
4.16    2.7058e-05
4.18    2.63251e-05
4.2    2.56219e-05
4.22    2.4947e-05
4.24    2.42992e-05
4.26    2.36773e-05
4.28    2.30801e-05
4.3    2.25066e-05
4.32    2.19557e-05
4.34    2.14265e-05
4.36    2.0918e-05
4.38    2.04292e-05
4.4    1.99594e-05
4.42    1.95077e-05
4.44    1.90734e-05
4.46    1.86557e-05
4.48    1.82539e-05
4.5    1.78672e-05
4.52    1.74952e-05
4.54    1.71371e-05
4.56    1.67924e-05
4.58    1.64604e-05
4.6    1.61408e-05
4.62    1.58329e-05
4.64    1.55363e-05
4.66    1.52505e-05
4.68    1.49751e-05
4.7    1.47096e-05
4.72    1.44536e-05
4.74    1.42068e-05
4.76    1.39687e-05
4.78    1.37391e-05
4.8    1.35176e-05
4.82    1.33038e-05
4.84    1.30975e-05
4.86    1.28984e-05
4.88    1.27061e-05
4.9    1.25205e-05
4.92    1.23412e-05
4.94    1.2168e-05
4.96    1.20007e-05
4.98    1.18391e-05
