-5    0.411772
-4.98    0.411769
-4.96    0.411766
-4.94    0.411763
-4.92    0.411759
-4.9    0.411756
-4.88    0.411753
-4.86    0.411749
-4.84    0.411746
-4.82    0.411742
-4.8    0.411739
-4.78    0.411735
-4.76    0.411732
-4.74    0.411728
-4.72    0.411724
-4.7    0.41172
-4.68    0.411716
-4.66    0.411713
-4.64    0.411709
-4.62    0.411704
-4.6    0.4117
-4.58    0.411696
-4.56    0.411692
-4.54    0.411688
-4.52    0.411683
-4.5    0.411679
-4.48    0.411674
-4.46    0.41167
-4.44    0.411665
-4.42    0.41166
-4.4    0.411655
-4.38    0.411651
-4.36    0.411646
-4.34    0.411641
-4.32    0.411636
-4.3    0.41163
-4.28    0.411625
-4.26    0.41162
-4.24    0.411614
-4.22    0.411609
-4.2    0.411603
-4.18    0.411598
-4.16    0.411592
-4.14    0.411586
-4.12    0.41158
-4.1    0.411574
-4.08    0.411568
-4.06    0.411562
-4.04    0.411555
-4.02    0.411549
-4    0.411542
-3.98    0.411536
-3.96    0.411529
-3.94    0.411522
-3.92    0.411515
-3.9    0.411508
-3.88    0.411501
-3.86    0.411494
-3.84    0.411487
-3.82    0.411479
-3.8    0.411472
-3.78    0.411464
-3.76    0.411456
-3.74    0.411448
-3.72    0.41144
-3.7    0.411432
-3.68    0.411424
-3.66    0.411415
-3.64    0.411407
-3.62    0.411398
-3.6    0.411389
-3.58    0.41138
-3.56    0.411371
-3.54    0.411362
-3.52    0.411352
-3.5    0.411343
-3.48    0.411333
-3.46    0.411323
-3.44    0.411314
-3.42    0.411303
-3.4    0.411293
-3.38    0.411283
-3.36    0.411272
-3.34    0.411261
-3.32    0.411251
-3.3    0.411239
-3.28    0.411228
-3.26    0.411217
-3.24    0.411205
-3.22    0.411194
-3.2    0.411182
-3.18    0.411169
-3.16    0.411157
-3.14    0.411145
-3.12    0.411132
-3.1    0.411119
-3.08    0.411106
-3.06    0.411093
-3.04    0.411079
-3.02    0.411066
-3    0.411052
-2.98    0.411038
-2.96    0.411024
-2.94    0.411009
-2.92    0.410994
-2.9    0.410979
-2.88    0.410964
-2.86    0.410949
-2.84    0.410933
-2.82    0.410917
-2.8    0.410901
-2.78    0.410885
-2.76    0.410868
-2.74    0.410851
-2.72    0.410834
-2.7    0.410817
-2.68    0.410799
-2.66    0.410781
-2.64    0.410763
-2.62    0.410745
-2.6    0.410726
-2.58    0.410707
-2.56    0.410688
-2.54    0.410668
-2.52    0.410648
-2.5    0.410628
-2.48    0.410607
-2.46    0.410587
-2.44    0.410566
-2.42    0.410544
-2.4    0.410522
-2.38    0.4105
-2.36    0.410478
-2.34    0.410455
-2.32    0.410432
-2.3    0.410409
-2.28    0.410385
-2.26    0.410361
-2.24    0.410336
-2.22    0.410312
-2.2    0.410286
-2.18    0.410261
-2.16    0.410235
-2.14    0.410208
-2.12    0.410182
-2.1    0.410154
-2.08    0.410127
-2.06    0.410099
-2.04    0.410071
-2.02    0.410042
-2    0.410013
-1.98    0.409983
-1.96    0.409953
-1.94    0.409922
-1.92    0.409891
-1.9    0.40986
-1.88    0.409828
-1.86    0.409795
-1.84    0.409763
-1.82    0.409729
-1.8    0.409695
-1.78    0.409661
-1.76    0.409626
-1.74    0.409591
-1.72    0.409555
-1.7    0.409518
-1.68    0.409481
-1.66    0.409444
-1.64    0.409406
-1.62    0.409367
-1.6    0.409328
-1.58    0.409288
-1.56    0.409248
-1.54    0.409207
-1.52    0.409166
-1.5    0.409123
-1.48    0.409081
-1.46    0.409037
-1.44    0.408993
-1.42    0.408949
-1.4    0.408903
-1.38    0.408858
-1.36    0.408811
-1.34    0.408764
-1.32    0.408716
-1.3    0.408667
-1.28    0.408618
-1.26    0.408568
-1.24    0.408517
-1.22    0.408465
-1.2    0.408413
-1.18    0.40836
-1.16    0.408306
-1.14    0.408252
-1.12    0.408196
-1.1    0.40814
-1.08    0.408083
-1.06    0.408026
-1.04    0.407967
-1.02    0.407908
-1    0.407848
-0.98    0.407787
-0.96    0.407725
-0.94    0.407662
-0.92    0.407598
-0.9    0.407534
-0.88    0.407468
-0.86    0.407402
-0.84    0.407334
-0.82    0.407266
-0.8    0.407197
-0.78    0.407127
-0.76    0.407055
-0.74    0.406983
-0.72    0.40691
-0.7    0.406836
-0.68    0.406761
-0.66    0.406684
-0.64    0.406607
-0.62    0.406529
-0.6    0.406449
-0.58    0.406369
-0.56    0.406287
-0.54    0.406204
-0.52    0.40612
-0.5    0.406035
-0.48    0.405949
-0.46    0.405862
-0.44    0.405773
-0.42    0.405683
-0.4    0.405592
-0.38    0.4055
-0.36    0.405407
-0.34    0.405312
-0.32    0.405216
-0.3    0.405119
-0.28    0.40502
-0.26    0.40492
-0.24    0.404819
-0.22    0.404717
-0.2    0.404613
-0.18    0.404508
-0.16    0.404401
-0.14    0.404293
-0.12    0.404184
-0.1    0.404073
-0.08    0.40396
-0.06    0.403847
-0.04    0.403732
-0.02    0.403615
-1.80342e-14    0.403497
0.02    0.403377
0.04    0.403256
0.06    0.403133
0.08    0.403009
0.1    0.402883
0.12    0.402755
0.14    0.402626
0.16    0.402496
0.18    0.402363
0.2    0.402229
0.22    0.402094
0.24    0.401956
0.26    0.401817
0.28    0.401676
0.3    0.401534
0.32    0.40139
0.34    0.401244
0.36    0.401096
0.38    0.400947
0.4    0.400796
0.42    0.400643
0.44    0.400488
0.46    0.400331
0.48    0.400172
0.5    0.400012
0.52    0.39985
0.54    0.399685
0.56    0.399519
0.58    0.399351
0.6    0.399181
0.62    0.39901
0.64    0.398836
0.66    0.39866
0.68    0.398482
0.7    0.398302
0.72    0.398121
0.74    0.397937
0.76    0.397751
0.78    0.397563
0.8    0.397373
0.82    0.397181
0.84    0.396987
0.86    0.396791
0.88    0.396593
0.9    0.396393
0.92    0.396191
0.94    0.395986
0.96    0.39578
0.98    0.395571
1    0.39536
1.02    0.395147
1.04    0.394932
1.06    0.394715
1.08    0.394495
1.1    0.394273
1.12    0.39405
1.14    0.393824
1.16    0.393595
1.18    0.393365
1.2    0.393133
1.22    0.392898
1.24    0.392661
1.26    0.392422
1.28    0.39218
1.3    0.391937
1.32    0.391691
1.34    0.391443
1.36    0.391193
1.38    0.390941
1.4    0.390686
1.42    0.39043
1.44    0.390171
1.46    0.38991
1.48    0.389646
1.5    0.389381
1.52    0.389113
1.54    0.388844
1.56    0.388572
1.58    0.388298
1.6    0.388021
1.62    0.387743
1.64    0.387463
1.66    0.38718
1.68    0.386896
1.7    0.386609
1.72    0.38632
1.74    0.386029
1.76    0.385736
1.78    0.385441
1.8    0.385144
1.82    0.384846
1.84    0.384545
1.86    0.384242
1.88    0.383937
1.9    0.38363
1.92    0.383322
1.94    0.383011
1.96    0.382699
1.98    0.382385
2    0.382069
2.02    0.381751
2.04    0.381431
2.06    0.38111
2.08    0.380787
2.1    0.380462
2.12    0.380136
2.14    0.379808
2.16    0.379479
2.18    0.379148
2.2    0.378815
2.22    0.378481
2.24    0.378145
2.26    0.377808
2.28    0.37747
2.3    0.37713
2.32    0.376789
2.34    0.376446
2.36    0.376103
2.38    0.375758
2.4    0.375412
2.42    0.375065
2.44    0.374716
2.46    0.374367
2.48    0.374017
2.5    0.373665
2.52    0.373313
2.54    0.37296
2.56    0.372605
2.58    0.372251
2.6    0.371895
2.62    0.371539
2.64    0.371181
2.66    0.370824
2.68    0.370465
2.7    0.370107
2.72    0.369747
2.74    0.369387
2.76    0.369027
2.78    0.368667
2.8    0.368306
2.82    0.367945
2.84    0.367583
2.86    0.367222
2.88    0.36686
2.9    0.366498
2.92    0.366137
2.94    0.365775
2.96    0.365413
2.98    0.365051
3    0.36469
3.02    0.364329
3.04    0.363968
3.06    0.363607
3.08    0.363247
3.1    0.362887
3.12    0.362527
3.14    0.362169
3.16    0.36181
3.18    0.361452
3.2    0.361095
3.22    0.360738
3.24    0.360383
3.26    0.360028
3.28    0.359673
3.3    0.35932
3.32    0.358967
3.34    0.358616
3.36    0.358265
3.38    0.357916
3.4    0.357567
3.42    0.35722
3.44    0.356874
3.46    0.356529
3.48    0.356185
3.5    0.355843
3.52    0.355502
3.54    0.355162
3.56    0.354823
3.58    0.354486
3.6    0.354151
3.62    0.353817
3.64    0.353484
3.66    0.353153
3.68    0.352824
3.7    0.352496
3.72    0.35217
3.74    0.351846
3.76    0.351523
3.78    0.351202
3.8    0.350883
3.82    0.350566
3.84    0.35025
3.86    0.349937
3.88    0.349625
3.9    0.349315
3.92    0.349007
3.94    0.348701
3.96    0.348397
3.98    0.348095
4    0.347795
4.02    0.347497
4.04    0.347202
4.06    0.346908
4.08    0.346616
4.1    0.346326
4.12    0.346039
4.14    0.345754
4.16    0.345471
4.18    0.345189
4.2    0.344911
4.22    0.344634
4.24    0.34436
4.26    0.344087
4.28    0.343817
4.3    0.343549
4.32    0.343284
4.34    0.343021
4.36    0.342759
4.38    0.342501
4.4    0.342244
4.42    0.34199
4.44    0.341738
4.46    0.341488
4.48    0.34124
4.5    0.340995
4.52    0.340752
4.54    0.340511
4.56    0.340273
4.58    0.340037
4.6    0.339803
4.62    0.339571
4.64    0.339342
4.66    0.339114
4.68    0.33889
4.7    0.338667
4.72    0.338446
4.74    0.338228
4.76    0.338012
4.78    0.337799
4.8    0.337587
4.82    0.337378
4.84    0.337171
4.86    0.336966
4.88    0.336763
4.9    0.336562
4.92    0.336364
4.94    0.336168
4.96    0.335974
4.98    0.335782
