-5    0.94667
-4.98    0.94646
-4.96    0.946249
-4.94    0.946037
-4.92    0.945826
-4.9    0.945615
-4.88    0.945403
-4.86    0.945191
-4.84    0.94498
-4.82    0.944768
-4.8    0.944557
-4.78    0.944345
-4.76    0.944134
-4.74    0.943923
-4.72    0.943713
-4.7    0.943502
-4.68    0.943292
-4.66    0.943082
-4.64    0.942873
-4.62    0.942665
-4.6    0.942456
-4.58    0.942249
-4.56    0.942042
-4.54    0.941835
-4.52    0.94163
-4.5    0.941425
-4.48    0.941221
-4.46    0.941018
-4.44    0.940815
-4.42    0.940614
-4.4    0.940414
-4.38    0.940215
-4.36    0.940016
-4.34    0.939819
-4.32    0.939624
-4.3    0.939429
-4.28    0.939236
-4.26    0.939044
-4.24    0.938853
-4.22    0.938664
-4.2    0.938477
-4.18    0.938291
-4.16    0.938106
-4.14    0.937923
-4.12    0.937742
-4.1    0.937563
-4.08    0.937385
-4.06    0.937209
-4.04    0.937035
-4.02    0.936863
-4    0.936693
-3.98    0.936525
-3.96    0.936359
-3.94    0.936195
-3.92    0.936033
-3.9    0.935873
-3.88    0.935716
-3.86    0.935561
-3.84    0.935408
-3.82    0.935258
-3.8    0.93511
-3.78    0.934964
-3.76    0.934821
-3.74    0.934681
-3.72    0.934543
-3.7    0.934408
-3.68    0.934276
-3.66    0.934146
-3.64    0.93402
-3.62    0.933896
-3.6    0.933775
-3.58    0.933657
-3.56    0.933542
-3.54    0.93343
-3.52    0.933321
-3.5    0.933216
-3.48    0.933114
-3.46    0.933015
-3.44    0.932919
-3.42    0.932827
-3.4    0.932738
-3.38    0.932652
-3.36    0.932571
-3.34    0.932493
-3.32    0.932418
-3.3    0.932348
-3.28    0.932281
-3.26    0.932218
-3.24    0.932159
-3.22    0.932105
-3.2    0.932054
-3.18    0.932007
-3.16    0.931965
-3.14    0.931928
-3.12    0.931894
-3.1    0.931866
-3.08    0.931841
-3.06    0.931822
-3.04    0.931807
-3.02    0.931798
-3    0.931793
-2.98    0.931794
-2.96    0.9318
-2.94    0.931811
-2.92    0.931828
-2.9    0.93185
-2.88    0.931878
-2.86    0.931912
-2.84    0.931952
-2.82    0.931998
-2.8    0.93205
-2.78    0.932109
-2.76    0.932174
-2.74    0.932246
-2.72    0.932325
-2.7    0.932411
-2.68    0.932505
-2.66    0.932606
-2.64    0.932714
-2.62    0.932831
-2.6    0.932955
-2.58    0.933088
-2.56    0.933229
-2.54    0.933379
-2.52    0.933537
-2.5    0.933705
-2.48    0.933882
-2.46    0.934069
-2.44    0.934266
-2.42    0.934472
-2.4    0.934689
-2.38    0.934917
-2.36    0.935156
-2.34    0.935405
-2.32    0.935666
-2.3    0.935939
-2.28    0.936224
-2.26    0.936521
-2.24    0.93683
-2.22    0.937153
-2.2    0.937488
-2.18    0.937837
-2.16    0.938199
-2.14    0.938576
-2.12    0.938966
-2.1    0.939371
-2.08    0.939791
-2.06    0.940226
-2.04    0.940676
-2.02    0.941141
-2    0.941622
-1.98    0.942119
-1.96    0.942631
-1.94    0.94316
-1.92    0.943705
-1.9    0.944267
-1.88    0.944845
-1.86    0.945439
-1.84    0.94605
-1.82    0.946678
-1.8    0.947322
-1.78    0.947982
-1.76    0.948659
-1.74    0.949351
-1.72    0.950059
-1.7    0.950783
-1.68    0.951522
-1.66    0.952275
-1.64    0.953043
-1.62    0.953824
-1.6    0.954618
-1.58    0.955425
-1.56    0.956243
-1.54    0.957072
-1.52    0.957911
-1.5    0.95876
-1.48    0.959616
-1.46    0.96048
-1.44    0.961349
-1.42    0.962224
-1.4    0.963102
-1.38    0.963982
-1.36    0.964864
-1.34    0.965745
-1.32    0.966626
-1.3    0.967503
-1.28    0.968376
-1.26    0.969243
-1.24    0.970104
-1.22    0.970956
-1.2    0.971799
-1.18    0.972631
-1.16    0.973451
-1.14    0.974258
-1.12    0.975051
-1.1    0.975828
-1.08    0.976589
-1.06    0.977333
-1.04    0.978058
-1.02    0.978766
-1    0.979453
-0.98    0.980121
-0.96    0.980769
-0.94    0.981396
-0.92    0.982002
-0.9    0.982587
-0.88    0.983151
-0.86    0.983693
-0.84    0.984215
-0.82    0.984716
-0.8    0.985196
-0.78    0.985655
-0.76    0.986095
-0.74    0.986515
-0.72    0.986916
-0.7    0.987298
-0.68    0.987662
-0.66    0.988008
-0.64    0.988337
-0.62    0.98865
-0.6    0.988947
-0.58    0.989228
-0.56    0.989494
-0.54    0.989747
-0.52    0.989986
-0.5    0.990212
-0.48    0.990425
-0.46    0.990627
-0.44    0.990817
-0.42    0.990997
-0.4    0.991166
-0.38    0.991326
-0.36    0.991476
-0.34    0.991618
-0.32    0.991751
-0.3    0.991877
-0.28    0.991994
-0.26    0.992105
-0.24    0.992209
-0.22    0.992307
-0.2    0.992399
-0.18    0.992485
-0.16    0.992565
-0.14    0.992641
-0.12    0.992711
-0.1    0.992777
-0.08    0.992839
-0.06    0.992897
-0.04    0.992951
-0.02    0.993001
-1.80342e-14    0.993048
0.02    0.993092
0.04    0.993132
0.06    0.99317
0.08    0.993205
0.1    0.993238
0.12    0.993268
0.14    0.993297
0.16    0.993323
0.18    0.993347
0.2    0.993369
0.22    0.993389
0.24    0.993408
0.26    0.993426
0.28    0.993442
0.3    0.993457
0.32    0.99347
0.34    0.993483
0.36    0.993494
0.38    0.993505
0.4    0.993514
0.42    0.993523
0.44    0.993531
0.46    0.993539
0.48    0.993546
0.5    0.993552
0.52    0.993558
0.54    0.993563
0.56    0.993568
0.58    0.993572
0.6    0.993577
0.62    0.993581
0.64    0.993584
0.66    0.993588
0.68    0.993591
0.7    0.993594
0.72    0.993597
0.74    0.9936
0.76    0.993603
0.78    0.993606
0.8    0.993609
0.82    0.993612
0.84    0.993615
0.86    0.993618
0.88    0.993621
0.9    0.993624
0.92    0.993627
0.94    0.99363
0.96    0.993634
0.98    0.993637
1    0.993641
1.02    0.993644
1.04    0.993648
1.06    0.993652
1.08    0.993656
1.1    0.99366
1.12    0.993665
1.14    0.993669
1.16    0.993674
1.18    0.993678
1.2    0.993683
1.22    0.993688
1.24    0.993693
1.26    0.993699
1.28    0.993704
1.3    0.99371
1.32    0.993715
1.34    0.993721
1.36    0.993727
1.38    0.993733
1.4    0.993739
1.42    0.993745
1.44    0.993751
1.46    0.993757
1.48    0.993764
1.5    0.99377
1.52    0.993776
1.54    0.993783
1.56    0.993789
1.58    0.993796
1.6    0.993802
1.62    0.993809
1.64    0.993815
1.66    0.993822
1.68    0.993828
1.7    0.993835
1.72    0.993841
1.74    0.993848
1.76    0.993854
1.78    0.993861
1.8    0.993867
1.82    0.993873
1.84    0.993879
1.86    0.993886
1.88    0.993892
1.9    0.993898
1.92    0.993904
1.94    0.99391
1.96    0.993916
1.98    0.993922
2    0.993928
2.02    0.993934
2.04    0.99394
2.06    0.993946
2.08    0.993952
2.1    0.993957
2.12    0.993963
2.14    0.993969
2.16    0.993974
2.18    0.99398
2.2    0.993986
2.22    0.993991
2.24    0.993997
2.26    0.994002
2.28    0.994008
2.3    0.994014
2.32    0.994019
2.34    0.994025
2.36    0.99403
2.38    0.994036
2.4    0.994041
2.42    0.994047
2.44    0.994052
2.46    0.994058
2.48    0.994063
2.5    0.994069
2.52    0.994074
2.54    0.99408
2.56    0.994086
2.58    0.994091
2.6    0.994097
2.62    0.994102
2.64    0.994108
2.66    0.994113
2.68    0.994119
2.7    0.994124
2.72    0.99413
2.74    0.994136
2.76    0.994141
2.78    0.994147
2.8    0.994152
2.82    0.994158
2.84    0.994163
2.86    0.994169
2.88    0.994175
2.9    0.99418
2.92    0.994186
2.94    0.994191
2.96    0.994197
2.98    0.994202
3    0.994208
3.02    0.994213
3.04    0.994218
3.06    0.994224
3.08    0.994229
3.1    0.994234
3.12    0.99424
3.14    0.994245
3.16    0.99425
3.18    0.994256
3.2    0.994261
3.22    0.994266
3.24    0.994271
3.26    0.994276
3.28    0.994281
3.3    0.994286
3.32    0.994291
3.34    0.994296
3.36    0.994301
3.38    0.994306
3.4    0.99431
3.42    0.994315
3.44    0.99432
3.46    0.994324
3.48    0.994329
3.5    0.994333
3.52    0.994338
3.54    0.994342
3.56    0.994347
3.58    0.994351
3.6    0.994355
3.62    0.994359
3.64    0.994364
3.66    0.994368
3.68    0.994372
3.7    0.994376
3.72    0.99438
3.74    0.994384
3.76    0.994387
3.78    0.994391
3.8    0.994395
3.82    0.994398
3.84    0.994402
3.86    0.994406
3.88    0.994409
3.9    0.994412
3.92    0.994416
3.94    0.994419
3.96    0.994422
3.98    0.994426
4    0.994429
4.02    0.994432
4.04    0.994435
4.06    0.994438
4.08    0.994441
4.1    0.994444
4.12    0.994447
4.14    0.994449
4.16    0.994452
4.18    0.994455
4.2    0.994457
4.22    0.99446
4.24    0.994463
4.26    0.994465
4.28    0.994468
4.3    0.99447
4.32    0.994472
4.34    0.994475
4.36    0.994477
4.38    0.994479
4.4    0.994481
4.42    0.994484
4.44    0.994486
4.46    0.994488
4.48    0.99449
4.5    0.994492
4.52    0.994494
4.54    0.994496
4.56    0.994497
4.58    0.994499
4.6    0.994501
4.62    0.994503
4.64    0.994504
4.66    0.994506
4.68    0.994508
4.7    0.994509
4.72    0.994511
4.74    0.994513
4.76    0.994514
4.78    0.994516
4.8    0.994517
4.82    0.994518
4.84    0.99452
4.86    0.994521
4.88    0.994523
4.9    0.994524
4.92    0.994525
4.94    0.994526
4.96    0.994528
4.98    0.994529
