-5    0.464894
-4.98    0.466434
-4.96    0.467992
-4.94    0.469568
-4.92    0.471161
-4.9    0.472773
-4.88    0.474403
-4.86    0.476053
-4.84    0.477721
-4.82    0.479409
-4.8    0.481117
-4.78    0.482845
-4.76    0.484594
-4.74    0.486364
-4.72    0.488155
-4.7    0.489968
-4.68    0.491803
-4.66    0.493661
-4.64    0.495542
-4.62    0.497447
-4.6    0.499376
-4.58    0.501329
-4.56    0.503307
-4.54    0.505311
-4.52    0.507341
-4.5    0.509397
-4.48    0.511481
-4.46    0.513592
-4.44    0.515732
-4.42    0.5179
-4.4    0.520099
-4.38    0.522327
-4.36    0.524586
-4.34    0.526876
-4.32    0.529199
-4.3    0.531554
-4.28    0.533943
-4.26    0.536366
-4.24    0.538824
-4.22    0.541317
-4.2    0.543846
-4.18    0.546413
-4.16    0.549017
-4.14    0.55166
-4.12    0.554342
-4.1    0.557063
-4.08    0.559826
-4.06    0.562629
-4.04    0.565475
-4.02    0.568363
-4    0.571295
-3.98    0.57427
-3.96    0.577291
-3.94    0.580356
-3.92    0.583467
-3.9    0.586625
-3.88    0.589829
-3.86    0.593081
-3.84    0.59638
-3.82    0.599727
-3.8    0.603123
-3.78    0.606566
-3.76    0.610059
-3.74    0.6136
-3.72    0.617189
-3.7    0.620828
-3.68    0.624514
-3.66    0.628248
-3.64    0.632029
-3.62    0.635858
-3.6    0.639732
-3.58    0.643652
-3.56    0.647617
-3.54    0.651624
-3.52    0.655674
-3.5    0.659764
-3.48    0.663893
-3.46    0.66806
-3.44    0.672262
-3.42    0.676498
-3.4    0.680765
-3.38    0.685061
-3.36    0.689383
-3.34    0.693729
-3.32    0.698097
-3.3    0.702482
-3.28    0.706882
-3.26    0.711294
-3.24    0.715714
-3.22    0.720139
-3.2    0.724565
-3.18    0.728989
-3.16    0.733406
-3.14    0.737814
-3.12    0.742208
-3.1    0.746585
-3.08    0.750939
-3.06    0.755268
-3.04    0.759568
-3.02    0.763835
-3    0.768064
-2.98    0.772253
-2.96    0.776398
-2.94    0.780495
-2.92    0.78454
-2.9    0.788531
-2.88    0.792464
-2.86    0.796337
-2.84    0.800146
-2.82    0.80389
-2.8    0.807565
-2.78    0.811169
-2.76    0.814702
-2.74    0.818159
-2.72    0.821541
-2.7    0.824846
-2.68    0.828073
-2.66    0.831221
-2.64    0.834288
-2.62    0.837276
-2.6    0.840182
-2.58    0.843008
-2.56    0.845754
-2.54    0.848419
-2.52    0.851005
-2.5    0.853511
-2.48    0.85594
-2.46    0.858291
-2.44    0.860565
-2.42    0.862765
-2.4    0.864891
-2.38    0.866945
-2.36    0.868928
-2.34    0.870842
-2.32    0.87269
-2.3    0.874472
-2.28    0.87619
-2.26    0.877847
-2.24    0.879445
-2.22    0.880986
-2.2    0.882472
-2.18    0.883905
-2.16    0.885288
-2.14    0.886623
-2.12    0.887911
-2.1    0.889157
-2.08    0.890361
-2.06    0.891526
-2.04    0.892656
-2.02    0.893752
-2    0.894817
-1.98    0.895853
-1.96    0.896864
-1.94    0.897851
-1.92    0.898817
-1.9    0.899764
-1.88    0.900696
-1.86    0.901615
-1.84    0.902523
-1.82    0.903422
-1.8    0.904316
-1.78    0.905207
-1.76    0.906096
-1.74    0.906986
-1.72    0.90788
-1.7    0.908779
-1.68    0.909685
-1.66    0.9106
-1.64    0.911525
-1.62    0.912462
-1.6    0.913412
-1.58    0.914376
-1.56    0.915354
-1.54    0.916348
-1.52    0.917356
-1.5    0.91838
-1.48    0.919419
-1.46    0.920473
-1.44    0.92154
-1.42    0.922619
-1.4    0.923711
-1.38    0.924813
-1.36    0.925925
-1.34    0.927045
-1.32    0.928172
-1.3    0.929305
-1.28    0.930445
-1.26    0.931589
-1.24    0.932739
-1.22    0.933895
-1.2    0.93506
-1.18    0.936234
-1.16    0.937422
-1.14    0.938627
-1.12    0.939854
-1.1    0.941111
-1.08    0.942403
-1.06    0.94374
-1.04    0.94513
-1.02    0.946584
-1    0.948112
-0.98    0.949724
-0.96    0.95143
-0.94    0.953239
-0.92    0.955157
-0.9    0.957189
-0.88    0.959336
-0.86    0.961592
-0.84    0.963947
-0.82    0.966386
-0.8    0.968883
-0.78    0.971408
-0.76    0.973923
-0.74    0.976385
-0.72    0.97875
-0.7    0.980976
-0.68    0.983026
-0.66    0.984874
-0.64    0.986506
-0.62    0.98792
-0.6    0.989127
-0.58    0.990143
-0.56    0.990992
-0.54    0.991699
-0.52    0.992288
-0.5    0.99278
-0.48    0.993194
-0.46    0.993547
-0.44    0.993851
-0.42    0.994117
-0.4    0.994353
-0.38    0.994565
-0.36    0.994758
-0.34    0.994937
-0.32    0.995105
-0.3    0.995264
-0.28    0.995416
-0.26    0.995562
-0.24    0.995705
-0.22    0.995844
-0.2    0.99598
-0.18    0.996113
-0.16    0.996244
-0.14    0.996373
-0.12    0.9965
-0.1    0.996623
-0.08    0.996744
-0.06    0.996862
-0.04    0.996976
-0.02    0.997086
-1.80342e-14    0.997193
0.02    0.997295
0.04    0.997393
0.06    0.997486
0.08    0.997575
0.1    0.997659
0.12    0.997738
0.14    0.997812
0.16    0.997882
0.18    0.997946
0.2    0.998006
0.22    0.998062
0.24    0.998112
0.26    0.998157
0.28    0.998198
0.3    0.998234
0.32    0.998265
0.34    0.99829
0.36    0.99831
0.38    0.998325
0.4    0.998334
0.42    0.998338
0.44    0.998336
0.46    0.998327
0.48    0.998313
0.5    0.998292
0.52    0.998265
0.54    0.998232
0.56    0.998193
0.58    0.998149
0.6    0.998099
0.62    0.998044
0.64    0.997985
0.66    0.997922
0.68    0.997857
0.7    0.997791
0.72    0.997723
0.74    0.997656
0.76    0.997589
0.78    0.997524
0.8    0.997461
0.82    0.997401
0.84    0.997345
0.86    0.997292
0.88    0.997243
0.9    0.997198
0.92    0.997157
0.94    0.99712
0.96    0.997088
0.98    0.997059
1    0.997033
1.02    0.997012
1.04    0.996993
1.06    0.996977
1.08    0.996964
1.1    0.996954
1.12    0.996946
1.14    0.996939
1.16    0.996935
1.18    0.996932
1.2    0.99693
1.22    0.99693
1.24    0.996931
1.26    0.996932
1.28    0.996934
1.3    0.996937
1.32    0.996941
1.34    0.996945
1.36    0.996949
1.38    0.996954
1.4    0.996958
1.42    0.996963
1.44    0.996968
1.46    0.996974
1.48    0.996979
1.5    0.996984
1.52    0.996989
1.54    0.996994
1.56    0.996999
1.58    0.997004
1.6    0.997009
1.62    0.997014
1.64    0.997018
1.66    0.997023
1.68    0.997027
1.7    0.997031
1.72    0.997035
1.74    0.997039
1.76    0.997043
1.78    0.997046
1.8    0.99705
1.82    0.997053
1.84    0.997056
1.86    0.997059
1.88    0.997062
1.9    0.997065
1.92    0.997067
1.94    0.99707
1.96    0.997072
1.98    0.997074
2    0.997076
2.02    0.997078
2.04    0.99708
2.06    0.997082
2.08    0.997083
2.1    0.997085
2.12    0.997086
2.14    0.997087
2.16    0.997088
2.18    0.99709
2.2    0.99709
2.22    0.997091
2.24    0.997092
2.26    0.997093
2.28    0.997093
2.3    0.997094
2.32    0.997094
2.34    0.997095
2.36    0.997095
2.38    0.997095
2.4    0.997095
2.42    0.997095
2.44    0.997095
2.46    0.997095
2.48    0.997095
2.5    0.997095
2.52    0.997094
2.54    0.997094
2.56    0.997093
2.58    0.997093
2.6    0.997092
2.62    0.997092
2.64    0.997091
2.66    0.99709
2.68    0.997089
2.7    0.997088
2.72    0.997087
2.74    0.997086
2.76    0.997085
2.78    0.997084
2.8    0.997083
2.82    0.997082
2.84    0.99708
2.86    0.997079
2.88    0.997078
2.9    0.997076
2.92    0.997075
2.94    0.997073
2.96    0.997072
2.98    0.99707
3    0.997068
3.02    0.997066
3.04    0.997065
3.06    0.997063
3.08    0.997061
3.1    0.997059
3.12    0.997057
3.14    0.997055
3.16    0.997053
3.18    0.997051
3.2    0.997049
3.22    0.997046
3.24    0.997044
3.26    0.997042
3.28    0.997039
3.3    0.997037
3.32    0.997035
3.34    0.997032
3.36    0.99703
3.38    0.997027
3.4    0.997024
3.42    0.997022
3.44    0.997019
3.46    0.997016
3.48    0.997014
3.5    0.997011
3.52    0.997008
3.54    0.997005
3.56    0.997002
3.58    0.996999
3.6    0.996996
3.62    0.996993
3.64    0.99699
3.66    0.996987
3.68    0.996984
3.7    0.996981
3.72    0.996978
3.74    0.996974
3.76    0.996971
3.78    0.996968
3.8    0.996964
3.82    0.996961
3.84    0.996957
3.86    0.996954
3.88    0.996951
3.9    0.996947
3.92    0.996943
3.94    0.99694
3.96    0.996936
3.98    0.996932
4    0.996929
4.02    0.996925
4.04    0.996921
4.06    0.996917
4.08    0.996914
4.1    0.99691
4.12    0.996906
4.14    0.996902
4.16    0.996898
4.18    0.996894
4.2    0.99689
4.22    0.996886
4.24    0.996882
4.26    0.996878
4.28    0.996874
4.3    0.996869
4.32    0.996865
4.34    0.996861
4.36    0.996857
4.38    0.996852
4.4    0.996848
4.42    0.996844
4.44    0.996839
4.46    0.996835
4.48    0.99683
4.5    0.996826
4.52    0.996822
4.54    0.996817
4.56    0.996812
4.58    0.996808
4.6    0.996803
4.62    0.996799
4.64    0.996794
4.66    0.996789
4.68    0.996785
4.7    0.99678
4.72    0.996775
4.74    0.996771
4.76    0.996766
4.78    0.996761
4.8    0.996756
4.82    0.996751
4.84    0.996746
4.86    0.996741
4.88    0.996737
4.9    0.996732
4.92    0.996727
4.94    0.996722
4.96    0.996717
4.98    0.996712
