-5    0.984355
-4.98    0.984355
-4.96    0.984355
-4.94    0.984355
-4.92    0.984355
-4.9    0.984355
-4.88    0.984355
-4.86    0.984355
-4.84    0.984355
-4.82    0.984355
-4.8    0.984355
-4.78    0.984355
-4.76    0.984355
-4.74    0.984355
-4.72    0.984355
-4.7    0.984355
-4.68    0.984355
-4.66    0.984355
-4.64    0.984355
-4.62    0.984355
-4.6    0.984355
-4.58    0.984355
-4.56    0.984355
-4.54    0.984355
-4.52    0.984355
-4.5    0.984355
-4.48    0.984355
-4.46    0.984355
-4.44    0.984355
-4.42    0.984355
-4.4    0.984355
-4.38    0.984355
-4.36    0.984355
-4.34    0.984355
-4.32    0.984355
-4.3    0.984355
-4.28    0.984355
-4.26    0.984355
-4.24    0.984355
-4.22    0.984355
-4.2    0.984355
-4.18    0.984355
-4.16    0.984355
-4.14    0.984355
-4.12    0.984355
-4.1    0.984355
-4.08    0.984355
-4.06    0.984355
-4.04    0.984355
-4.02    0.984355
-4    0.984355
-3.98    0.984355
-3.96    0.984355
-3.94    0.984355
-3.92    0.984355
-3.9    0.984355
-3.88    0.984355
-3.86    0.984355
-3.84    0.984355
-3.82    0.984355
-3.8    0.984355
-3.78    0.984355
-3.76    0.984355
-3.74    0.984355
-3.72    0.984355
-3.7    0.984355
-3.68    0.984355
-3.66    0.984355
-3.64    0.984355
-3.62    0.984355
-3.6    0.984355
-3.58    0.984355
-3.56    0.984355
-3.54    0.984355
-3.52    0.984355
-3.5    0.984355
-3.48    0.984355
-3.46    0.984355
-3.44    0.984355
-3.42    0.984355
-3.4    0.984355
-3.38    0.984355
-3.36    0.984355
-3.34    0.984355
-3.32    0.984355
-3.3    0.984355
-3.28    0.984355
-3.26    0.984355
-3.24    0.984355
-3.22    0.984355
-3.2    0.984355
-3.18    0.984355
-3.16    0.984355
-3.14    0.984355
-3.12    0.984355
-3.1    0.984355
-3.08    0.984355
-3.06    0.984355
-3.04    0.984355
-3.02    0.984355
-3    0.984355
-2.98    0.984355
-2.96    0.984355
-2.94    0.984355
-2.92    0.984355
-2.9    0.984355
-2.88    0.984355
-2.86    0.984355
-2.84    0.984355
-2.82    0.984355
-2.8    0.984355
-2.78    0.984355
-2.76    0.984355
-2.74    0.984355
-2.72    0.984355
-2.7    0.984355
-2.68    0.984355
-2.66    0.984355
-2.64    0.984355
-2.62    0.984355
-2.6    0.984355
-2.58    0.984355
-2.56    0.984355
-2.54    0.984355
-2.52    0.984355
-2.5    0.984355
-2.48    0.984355
-2.46    0.984355
-2.44    0.984355
-2.42    0.984355
-2.4    0.984355
-2.38    0.984355
-2.36    0.984355
-2.34    0.984355
-2.32    0.984355
-2.3    0.984355
-2.28    0.984355
-2.26    0.984355
-2.24    0.984355
-2.22    0.984355
-2.2    0.984355
-2.18    0.984355
-2.16    0.984355
-2.14    0.984355
-2.12    0.984355
-2.1    0.984355
-2.08    0.984355
-2.06    0.984355
-2.04    0.984355
-2.02    0.984355
-2    0.984355
-1.98    0.984355
-1.96    0.984355
-1.94    0.984355
-1.92    0.984355
-1.9    0.984355
-1.88    0.984355
-1.86    0.984355
-1.84    0.984355
-1.82    0.984355
-1.8    0.984355
-1.78    0.984355
-1.76    0.984355
-1.74    0.984355
-1.72    0.984355
-1.7    0.984354
-1.68    0.984354
-1.66    0.984354
-1.64    0.984354
-1.62    0.984354
-1.6    0.984354
-1.58    0.984354
-1.56    0.984354
-1.54    0.984354
-1.52    0.984354
-1.5    0.984354
-1.48    0.984354
-1.46    0.984354
-1.44    0.984354
-1.42    0.984353
-1.4    0.984353
-1.38    0.984353
-1.36    0.984353
-1.34    0.984353
-1.32    0.984353
-1.3    0.984353
-1.28    0.984353
-1.26    0.984352
-1.24    0.984352
-1.22    0.984352
-1.2    0.984352
-1.18    0.984352
-1.16    0.984351
-1.14    0.984351
-1.12    0.984351
-1.1    0.98435
-1.08    0.98435
-1.06    0.98435
-1.04    0.984349
-1.02    0.984349
-1    0.984349
-0.98    0.984348
-0.96    0.984348
-0.94    0.984347
-0.92    0.984347
-0.9    0.984346
-0.88    0.984346
-0.86    0.984345
-0.84    0.984344
-0.82    0.984344
-0.8    0.984343
-0.78    0.984342
-0.76    0.984341
-0.74    0.984341
-0.72    0.98434
-0.7    0.984339
-0.68    0.984337
-0.66    0.984336
-0.64    0.984335
-0.62    0.984334
-0.6    0.984332
-0.58    0.984331
-0.56    0.984329
-0.54    0.984328
-0.52    0.984326
-0.5    0.984324
-0.48    0.984322
-0.46    0.98432
-0.44    0.984317
-0.42    0.984315
-0.4    0.984312
-0.38    0.984309
-0.36    0.984306
-0.34    0.984303
-0.32    0.9843
-0.3    0.984296
-0.28    0.984292
-0.26    0.984288
-0.24    0.984284
-0.22    0.984279
-0.2    0.984274
-0.18    0.984269
-0.16    0.984263
-0.14    0.984257
-0.12    0.984251
-0.1    0.984244
-0.08    0.984237
-0.06    0.984229
-0.04    0.984221
-0.02    0.984212
-1.80342e-14    0.984203
0.02    0.984193
0.04    0.984182
0.06    0.984171
0.08    0.984159
0.1    0.984146
0.12    0.984132
0.14    0.984117
0.16    0.984102
0.18    0.984085
0.2    0.984067
0.22    0.984049
0.24    0.984028
0.26    0.984007
0.28    0.983984
0.3    0.98396
0.32    0.983934
0.34    0.983906
0.36    0.983876
0.38    0.983845
0.4    0.983811
0.42    0.983775
0.44    0.983737
0.46    0.983696
0.48    0.983652
0.5    0.983606
0.52    0.983556
0.54    0.983503
0.56    0.983447
0.58    0.983386
0.6    0.983322
0.62    0.983253
0.64    0.98318
0.66    0.983101
0.68    0.983017
0.7    0.982928
0.72    0.982832
0.74    0.98273
0.76    0.98262
0.78    0.982504
0.8    0.982378
0.82    0.982245
0.84    0.982101
0.86    0.981948
0.88    0.981784
0.9    0.981608
0.92    0.98142
0.94    0.981218
0.96    0.981002
0.98    0.98077
1    0.980521
1.02    0.980254
1.04    0.979967
1.06    0.979659
1.08    0.979327
1.1    0.978971
1.12    0.978588
1.14    0.978176
1.16    0.977732
1.18    0.977253
1.2    0.976737
1.22    0.976181
1.24    0.97558
1.26    0.974931
1.28    0.97423
1.3    0.973471
1.32    0.972651
1.34    0.971762
1.36    0.970799
1.38    0.969755
1.4    0.968622
1.42    0.967392
1.44    0.966055
1.46    0.964603
1.48    0.963023
1.5    0.961304
1.52    0.959433
1.54    0.957395
1.56    0.955174
1.58    0.952754
1.6    0.950117
1.62    0.947241
1.64    0.944107
1.66    0.94069
1.68    0.936968
1.7    0.932913
1.72    0.9285
1.74    0.9237
1.76    0.918485
1.78    0.912825
1.8    0.90669
1.82    0.900053
1.84    0.892884
1.86    0.885157
1.88    0.876849
1.9    0.86794
1.92    0.858412
1.94    0.848255
1.96    0.837462
1.98    0.826037
2    0.813986
2.02    0.801327
2.04    0.788086
2.06    0.774295
2.08    0.759996
2.1    0.74524
2.12    0.730084
2.14    0.714589
2.16    0.698826
2.18    0.682864
2.2    0.666778
2.22    0.650644
2.24    0.634533
2.26    0.618518
2.28    0.602666
2.3    0.587042
2.32    0.571701
2.34    0.556697
2.36    0.542073
2.38    0.527868
2.4    0.514115
2.42    0.500836
2.44    0.488052
2.46    0.475775
2.48    0.464012
2.5    0.452766
2.52    0.442036
2.54    0.431816
2.56    0.422098
2.58    0.412871
2.6    0.404122
2.62    0.395836
2.64    0.387997
2.66    0.380588
2.68    0.373592
2.7    0.366991
2.72    0.360767
2.74    0.354902
2.76    0.349378
2.78    0.344178
2.8    0.339285
2.82    0.334683
2.84    0.330355
2.86    0.326287
2.88    0.322464
2.9    0.318872
2.92    0.315497
2.94    0.312328
2.96    0.309351
2.98    0.306556
3    0.303931
3.02    0.301467
3.04    0.299154
3.06    0.296983
3.08    0.294945
3.1    0.293032
3.12    0.291236
3.14    0.289551
3.16    0.287969
3.18    0.286485
3.2    0.285092
3.22    0.283784
3.24    0.282557
3.26    0.281405
3.28    0.280325
3.3    0.27931
3.32    0.278358
3.34    0.277465
3.36    0.276626
3.38    0.275839
3.4    0.275101
3.42    0.274408
3.44    0.273757
3.46    0.273147
3.48    0.272574
3.5    0.272036
3.52    0.271531
3.54    0.271057
3.56    0.270613
3.58    0.270195
3.6    0.269803
3.62    0.269436
3.64    0.269091
3.66    0.268767
3.68    0.268463
3.7    0.268177
3.72    0.267909
3.74    0.267658
3.76    0.267422
3.78    0.267201
3.8    0.266993
3.82    0.266797
3.84    0.266614
3.86    0.266442
3.88    0.266281
3.9    0.266129
3.92    0.265987
3.94    0.265854
3.96    0.265728
3.98    0.265611
4    0.2655
4.02    0.265397
4.04    0.2653
4.06    0.265208
4.08    0.265122
4.1    0.265042
4.12    0.264966
4.14    0.264896
4.16    0.264829
4.18    0.264767
4.2    0.264708
4.22    0.264653
4.24    0.264601
4.26    0.264553
4.28    0.264507
4.3    0.264464
4.32    0.264424
4.34    0.264387
4.36    0.264351
4.38    0.264318
4.4    0.264287
4.42    0.264258
4.44    0.26423
4.46    0.264204
4.48    0.26418
4.5    0.264158
4.52    0.264136
4.54    0.264116
4.56    0.264097
4.58    0.26408
4.6    0.264063
4.62    0.264048
4.64    0.264033
4.66    0.264019
4.68    0.264007
4.7    0.263995
4.72    0.263983
4.74    0.263973
4.76    0.263963
4.78    0.263953
4.8    0.263944
4.82    0.263936
4.84    0.263928
4.86    0.263921
4.88    0.263914
4.9    0.263908
4.92    0.263902
4.94    0.263896
4.96    0.263891
4.98    0.263886
