-5    0.397553
-4.98    0.397534
-4.96    0.397515
-4.94    0.397495
-4.92    0.397476
-4.9    0.397456
-4.88    0.397436
-4.86    0.397415
-4.84    0.397395
-4.82    0.397374
-4.8    0.397353
-4.78    0.397331
-4.76    0.39731
-4.74    0.397288
-4.72    0.397266
-4.7    0.397243
-4.68    0.397221
-4.66    0.397198
-4.64    0.397175
-4.62    0.397152
-4.6    0.397128
-4.58    0.397104
-4.56    0.39708
-4.54    0.397056
-4.52    0.397031
-4.5    0.397006
-4.48    0.396981
-4.46    0.396955
-4.44    0.39693
-4.42    0.396904
-4.4    0.396877
-4.38    0.396851
-4.36    0.396824
-4.34    0.396797
-4.32    0.396769
-4.3    0.396742
-4.28    0.396714
-4.26    0.396686
-4.24    0.396657
-4.22    0.396628
-4.2    0.396599
-4.18    0.39657
-4.16    0.39654
-4.14    0.39651
-4.12    0.39648
-4.1    0.39645
-4.08    0.396419
-4.06    0.396388
-4.04    0.396356
-4.02    0.396324
-4    0.396292
-3.98    0.39626
-3.96    0.396228
-3.94    0.396195
-3.92    0.396161
-3.9    0.396128
-3.88    0.396094
-3.86    0.39606
-3.84    0.396026
-3.82    0.395991
-3.8    0.395956
-3.78    0.395921
-3.76    0.395885
-3.74    0.395849
-3.72    0.395813
-3.7    0.395777
-3.68    0.39574
-3.66    0.395703
-3.64    0.395666
-3.62    0.395628
-3.6    0.39559
-3.58    0.395552
-3.56    0.395513
-3.54    0.395475
-3.52    0.395436
-3.5    0.395396
-3.48    0.395357
-3.46    0.395317
-3.44    0.395276
-3.42    0.395236
-3.4    0.395195
-3.38    0.395154
-3.36    0.395113
-3.34    0.395071
-3.32    0.395029
-3.3    0.394987
-3.28    0.394945
-3.26    0.394902
-3.24    0.394859
-3.22    0.394816
-3.2    0.394773
-3.18    0.394729
-3.16    0.394686
-3.14    0.394641
-3.12    0.394597
-3.1    0.394553
-3.08    0.394508
-3.06    0.394463
-3.04    0.394418
-3.02    0.394373
-3    0.394327
-2.98    0.394281
-2.96    0.394236
-2.94    0.39419
-2.92    0.394143
-2.9    0.394097
-2.88    0.39405
-2.86    0.394004
-2.84    0.393957
-2.82    0.39391
-2.8    0.393863
-2.78    0.393816
-2.76    0.393769
-2.74    0.393722
-2.72    0.393674
-2.7    0.393627
-2.68    0.393579
-2.66    0.393532
-2.64    0.393485
-2.62    0.393437
-2.6    0.39339
-2.58    0.393342
-2.56    0.393295
-2.54    0.393247
-2.52    0.3932
-2.5    0.393153
-2.48    0.393105
-2.46    0.393058
-2.44    0.393011
-2.42    0.392965
-2.4    0.392918
-2.38    0.392872
-2.36    0.392825
-2.34    0.392779
-2.32    0.392734
-2.3    0.392688
-2.28    0.392643
-2.26    0.392598
-2.24    0.392554
-2.22    0.39251
-2.2    0.392466
-2.18    0.392422
-2.16    0.39238
-2.14    0.392337
-2.12    0.392295
-2.1    0.392254
-2.08    0.392213
-2.06    0.392173
-2.04    0.392133
-2.02    0.392094
-2    0.392056
-1.98    0.392019
-1.96    0.391982
-1.94    0.391946
-1.92    0.391911
-1.9    0.391877
-1.88    0.391844
-1.86    0.391812
-1.84    0.39178
-1.82    0.39175
-1.8    0.391721
-1.78    0.391694
-1.76    0.391667
-1.74    0.391642
-1.72    0.391618
-1.7    0.391595
-1.68    0.391574
-1.66    0.391555
-1.64    0.391537
-1.62    0.39152
-1.6    0.391506
-1.58    0.391493
-1.56    0.391482
-1.54    0.391473
-1.52    0.391465
-1.5    0.39146
-1.48    0.391457
-1.46    0.391457
-1.44    0.391459
-1.42    0.391463
-1.4    0.391469
-1.38    0.391478
-1.36    0.39149
-1.34    0.391505
-1.32    0.391522
-1.3    0.391543
-1.28    0.391567
-1.26    0.391594
-1.24    0.391624
-1.22    0.391657
-1.2    0.391695
-1.18    0.391736
-1.16    0.391781
-1.14    0.391829
-1.12    0.391882
-1.1    0.39194
-1.08    0.392001
-1.06    0.392068
-1.04    0.392138
-1.02    0.392214
-1    0.392295
-0.98    0.392381
-0.96    0.392473
-0.94    0.39257
-0.92    0.392673
-0.9    0.392782
-0.88    0.392898
-0.86    0.393019
-0.84    0.393148
-0.82    0.393283
-0.8    0.393425
-0.78    0.393575
-0.76    0.393732
-0.74    0.393897
-0.72    0.39407
-0.7    0.394252
-0.68    0.394442
-0.66    0.394641
-0.64    0.394849
-0.62    0.395067
-0.6    0.395295
-0.58    0.395533
-0.56    0.395781
-0.54    0.39604
-0.52    0.396311
-0.5    0.396593
-0.48    0.396887
-0.46    0.397193
-0.44    0.397512
-0.42    0.397844
-0.4    0.398189
-0.38    0.398549
-0.36    0.398922
-0.34    0.399311
-0.32    0.399715
-0.3    0.400135
-0.28    0.400571
-0.26    0.401024
-0.24    0.401494
-0.22    0.401981
-0.2    0.402487
-0.18    0.403012
-0.16    0.403557
-0.14    0.404121
-0.12    0.404706
-0.1    0.405312
-0.08    0.40594
-0.06    0.40659
-0.04    0.407263
-0.02    0.407959
-1.80342e-14    0.40868
0.02    0.409426
0.04    0.410198
0.06    0.410995
0.08    0.41182
0.1    0.412672
0.12    0.413553
0.14    0.414462
0.16    0.415401
0.18    0.416371
0.2    0.417371
0.22    0.418403
0.24    0.419468
0.26    0.420566
0.28    0.421697
0.3    0.422863
0.32    0.424064
0.34    0.4253
0.36    0.426574
0.38    0.427883
0.4    0.429231
0.42    0.430616
0.44    0.432041
0.46    0.433504
0.48    0.435007
0.5    0.436549
0.52    0.438133
0.54    0.439757
0.56    0.441421
0.58    0.443127
0.6    0.444875
0.62    0.446664
0.64    0.448495
0.66    0.450367
0.68    0.452281
0.7    0.454236
0.72    0.456232
0.74    0.458269
0.76    0.460346
0.78    0.462464
0.8    0.464621
0.82    0.466816
0.84    0.46905
0.86    0.47132
0.88    0.473627
0.9    0.475969
0.92    0.478345
0.94    0.480754
0.96    0.483195
0.98    0.485665
1    0.488164
1.02    0.49069
1.04    0.493241
1.06    0.495815
1.08    0.498411
1.1    0.501027
1.12    0.50366
1.14    0.506308
1.16    0.50897
1.18    0.511642
1.2    0.514323
1.22    0.517011
1.24    0.519702
1.26    0.522395
1.28    0.525087
1.3    0.527775
1.32    0.530457
1.34    0.533131
1.36    0.535794
1.38    0.538443
1.4    0.541077
1.42    0.543692
1.44    0.546287
1.46    0.548859
1.48    0.551406
1.5    0.553926
1.52    0.556416
1.54    0.558875
1.56    0.561302
1.58    0.563693
1.6    0.566048
1.62    0.568365
1.64    0.570642
1.66    0.572879
1.68    0.575074
1.7    0.577226
1.72    0.579334
1.74    0.581397
1.76    0.583416
1.78    0.585388
1.8    0.587314
1.82    0.589194
1.84    0.591027
1.86    0.592813
1.88    0.594552
1.9    0.596245
1.92    0.597891
1.94    0.599491
1.96    0.601045
1.98    0.602553
2    0.604017
2.02    0.605436
2.04    0.606811
2.06    0.608144
2.08    0.609434
2.1    0.610683
2.12    0.61189
2.14    0.613058
2.16    0.614187
2.18    0.615277
2.2    0.616331
2.22    0.617347
2.24    0.618328
2.26    0.619275
2.28    0.620187
2.3    0.621067
2.32    0.621915
2.34    0.622732
2.36    0.623519
2.38    0.624276
2.4    0.625005
2.42    0.625707
2.44    0.626382
2.46    0.627032
2.48    0.627656
2.5    0.628256
2.52    0.628833
2.54    0.629387
2.56    0.62992
2.58    0.630431
2.6    0.630923
2.62    0.631394
2.64    0.631846
2.66    0.632281
2.68    0.632697
2.7    0.633097
2.72    0.63348
2.74    0.633847
2.76    0.6342
2.78    0.634537
2.8    0.63486
2.82    0.63517
2.84    0.635467
2.86    0.635751
2.88    0.636022
2.9    0.636283
2.92    0.636532
2.94    0.63677
2.96    0.636998
2.98    0.637215
3    0.637424
3.02    0.637623
3.04    0.637813
3.06    0.637994
3.08    0.638168
3.1    0.638333
3.12    0.638491
3.14    0.638642
3.16    0.638785
3.18    0.638922
3.2    0.639053
3.22    0.639178
3.24    0.639296
3.26    0.639409
3.28    0.639516
3.3    0.639619
3.32    0.639716
3.34    0.639808
3.36    0.639896
3.38    0.63998
3.4    0.640059
3.42    0.640134
3.44    0.640205
3.46    0.640273
3.48    0.640337
3.5    0.640398
3.52    0.640455
3.54    0.640509
3.56    0.640561
3.58    0.640609
3.6    0.640655
3.62    0.640698
3.64    0.640738
3.66    0.640777
3.68    0.640813
3.7    0.640847
3.72    0.640878
3.74    0.640908
3.76    0.640936
3.78    0.640962
3.8    0.640986
3.82    0.641009
3.84    0.64103
3.86    0.64105
3.88    0.641068
3.9    0.641085
3.92    0.641101
3.94    0.641115
3.96    0.641128
3.98    0.641141
4    0.641152
4.02    0.641162
4.04    0.641171
4.06    0.641179
4.08    0.641187
4.1    0.641194
4.12    0.6412
4.14    0.641205
4.16    0.641209
4.18    0.641213
4.2    0.641217
4.22    0.641219
4.24    0.641222
4.26    0.641224
4.28    0.641225
4.3    0.641226
4.32    0.641226
4.34    0.641226
4.36    0.641226
4.38    0.641226
4.4    0.641225
4.42    0.641224
4.44    0.641222
4.46    0.64122
4.48    0.641219
4.5    0.641217
4.52    0.641214
4.54    0.641212
4.56    0.64121
4.58    0.641207
4.6    0.641204
4.62    0.641201
4.64    0.641198
4.66    0.641195
4.68    0.641192
4.7    0.641189
4.72    0.641186
4.74    0.641183
4.76    0.64118
4.78    0.641177
4.8    0.641173
4.82    0.64117
4.84    0.641167
4.86    0.641164
4.88    0.641161
4.9    0.641158
4.92    0.641155
4.94    0.641152
4.96    0.64115
4.98    0.641147
