-5    0.00386582
-4.98    0.00386459
-4.96    0.00386502
-4.94    0.00386714
-4.92    0.00387099
-4.9    0.00387662
-4.88    0.00388409
-4.86    0.00389344
-4.84    0.00390475
-4.82    0.00391808
-4.8    0.00393351
-4.78    0.00395112
-4.76    0.003971
-4.74    0.00399326
-4.72    0.004018
-4.7    0.00404533
-4.68    0.00407539
-4.66    0.00410831
-4.64    0.00414425
-4.62    0.00418336
-4.6    0.00422582
-4.58    0.00427183
-4.56    0.00432158
-4.54    0.00437532
-4.52    0.00443327
-4.5    0.0044957
-4.48    0.00456289
-4.46    0.00463517
-4.44    0.00471286
-4.42    0.00479632
-4.4    0.00488596
-4.38    0.0049822
-4.36    0.00508551
-4.34    0.00519639
-4.32    0.00531541
-4.3    0.00544314
-4.28    0.00558026
-4.26    0.00572745
-4.24    0.0058855
-4.22    0.00605525
-4.2    0.0062376
-4.18    0.00643354
-4.16    0.00664417
-4.14    0.00687065
-4.12    0.00711428
-4.1    0.00737643
-4.08    0.00765863
-4.06    0.00796254
-4.04    0.00828995
-4.02    0.00864281
-4    0.00902324
-3.98    0.00943355
-3.96    0.00987624
-3.94    0.010354
-3.92    0.0108698
-3.9    0.0114268
-3.88    0.0120283
-3.86    0.0126782
-3.84    0.0133803
-3.82    0.014139
-3.8    0.0149587
-3.78    0.0158444
-3.76    0.0168012
-3.74    0.0178346
-3.72    0.0189505
-3.7    0.020155
-3.68    0.0214545
-3.66    0.0228559
-3.64    0.024366
-3.62    0.025992
-3.6    0.0277415
-3.58    0.029622
-3.56    0.031641
-3.54    0.0338063
-3.52    0.0361255
-3.5    0.038606
-3.48    0.0412549
-3.46    0.0440792
-3.44    0.0470852
-3.42    0.0502787
-3.4    0.0536648
-3.38    0.0572477
-3.36    0.0610309
-3.34    0.0650166
-3.32    0.0692058
-3.3    0.0735986
-3.28    0.0781934
-3.26    0.0829874
-3.24    0.0879764
-3.22    0.0931546
-3.2    0.098515
-3.18    0.104049
-3.16    0.109747
-3.14    0.115597
-3.12    0.121588
-3.1    0.127706
-3.08    0.133936
-3.06    0.140265
-3.04    0.146675
-3.02    0.153152
-3    0.15968
-2.98    0.166241
-2.96    0.17282
-2.94    0.179401
-2.92    0.185968
-2.9    0.192506
-2.88    0.199002
-2.86    0.205441
-2.84    0.211811
-2.82    0.218099
-2.8    0.224296
-2.78    0.23039
-2.76    0.236373
-2.74    0.242237
-2.72    0.247975
-2.7    0.253581
-2.68    0.25905
-2.66    0.264377
-2.64    0.26956
-2.62    0.274595
-2.6    0.279481
-2.58    0.284217
-2.56    0.288802
-2.54    0.293237
-2.52    0.297522
-2.5    0.301658
-2.48    0.305647
-2.46    0.309491
-2.44    0.313193
-2.42    0.316754
-2.4    0.320178
-2.38    0.323468
-2.36    0.326627
-2.34    0.329659
-2.32    0.332566
-2.3    0.335353
-2.28    0.338023
-2.26    0.34058
-2.24    0.343027
-2.22    0.345369
-2.2    0.347608
-2.18    0.349749
-2.16    0.351795
-2.14    0.353749
-2.12    0.355616
-2.1    0.357398
-2.08    0.359099
-2.06    0.360722
-2.04    0.36227
-2.02    0.363746
-2    0.365154
-1.98    0.366496
-1.96    0.367775
-1.94    0.368994
-1.92    0.370155
-1.9    0.371261
-1.88    0.372314
-1.86    0.373317
-1.84    0.374272
-1.82    0.375181
-1.8    0.376046
-1.78    0.376869
-1.76    0.377653
-1.74    0.378398
-1.72    0.379107
-1.7    0.379782
-1.68    0.380423
-1.66    0.381033
-1.64    0.381613
-1.62    0.382165
-1.6    0.38269
-1.58    0.383188
-1.56    0.383662
-1.54    0.384113
-1.52    0.384541
-1.5    0.384948
-1.48    0.385335
-1.46    0.385703
-1.44    0.386052
-1.42    0.386384
-1.4    0.3867
-1.38    0.387
-1.36    0.387284
-1.34    0.387555
-1.32    0.387812
-1.3    0.388056
-1.28    0.388288
-1.26    0.388508
-1.24    0.388717
-1.22    0.388916
-1.2    0.389104
-1.18    0.389283
-1.16    0.389453
-1.14    0.389615
-1.12    0.389768
-1.1    0.389914
-1.08    0.390052
-1.06    0.390184
-1.04    0.390308
-1.02    0.390427
-1    0.390539
-0.98    0.390646
-0.96    0.390747
-0.94    0.390843
-0.92    0.390934
-0.9    0.391021
-0.88    0.391103
-0.86    0.391181
-0.84    0.391255
-0.82    0.391326
-0.8    0.391392
-0.78    0.391456
-0.76    0.391516
-0.74    0.391573
-0.72    0.391627
-0.7    0.391678
-0.68    0.391727
-0.66    0.391773
-0.64    0.391817
-0.62    0.391859
-0.6    0.391898
-0.58    0.391936
-0.56    0.391971
-0.54    0.392005
-0.52    0.392037
-0.5    0.392067
-0.48    0.392096
-0.46    0.392124
-0.44    0.392149
-0.42    0.392174
-0.4    0.392197
-0.38    0.392219
-0.36    0.39224
-0.34    0.39226
-0.32    0.392279
-0.3    0.392297
-0.28    0.392314
-0.26    0.39233
-0.24    0.392345
-0.22    0.39236
-0.2    0.392373
-0.18    0.392386
-0.16    0.392399
-0.14    0.39241
-0.12    0.392421
-0.1    0.392432
-0.08    0.392442
-0.06    0.392451
-0.04    0.39246
-0.02    0.392469
-1.80342e-14    0.392477
0.02    0.392484
0.04    0.392491
0.06    0.392498
0.08    0.392505
0.1    0.392511
0.12    0.392517
0.14    0.392522
0.16    0.392527
0.18    0.392532
0.2    0.392537
0.22    0.392541
0.24    0.392545
0.26    0.392549
0.28    0.392553
0.3    0.392557
0.32    0.39256
0.34    0.392563
0.36    0.392566
0.38    0.392569
0.4    0.392572
0.42    0.392574
0.44    0.392577
0.46    0.392579
0.48    0.392581
0.5    0.392583
0.52    0.392585
0.54    0.392587
0.56    0.392588
0.58    0.39259
0.6    0.392592
0.62    0.392593
0.64    0.392594
0.66    0.392596
0.68    0.392597
0.7    0.392598
0.72    0.392599
0.74    0.3926
0.76    0.392601
0.78    0.392602
0.8    0.392603
0.82    0.392604
0.84    0.392605
0.86    0.392605
0.88    0.392606
0.9    0.392607
0.92    0.392607
0.94    0.392608
0.96    0.392608
0.98    0.392609
1    0.392609
1.02    0.39261
1.04    0.39261
1.06    0.392611
1.08    0.392611
1.1    0.392611
1.12    0.392612
1.14    0.392612
1.16    0.392612
1.18    0.392612
1.2    0.392613
1.22    0.392613
1.24    0.392613
1.26    0.392613
1.28    0.392614
1.3    0.392614
1.32    0.392614
1.34    0.392614
1.36    0.392614
1.38    0.392614
1.4    0.392615
1.42    0.392615
1.44    0.392615
1.46    0.392615
1.48    0.392615
1.5    0.392615
1.52    0.392615
1.54    0.392615
1.56    0.392615
1.58    0.392615
1.6    0.392615
1.62    0.392615
1.64    0.392616
1.66    0.392616
1.68    0.392616
1.7    0.392616
1.72    0.392616
1.74    0.392616
1.76    0.392616
1.78    0.392616
1.8    0.392616
1.82    0.392616
1.84    0.392616
1.86    0.392616
1.88    0.392616
1.9    0.392616
1.92    0.392616
1.94    0.392616
1.96    0.392616
1.98    0.392616
2    0.392616
2.02    0.392616
2.04    0.392616
2.06    0.392616
2.08    0.392616
2.1    0.392616
2.12    0.392616
2.14    0.392616
2.16    0.392616
2.18    0.392616
2.2    0.392616
2.22    0.392616
2.24    0.392616
2.26    0.392616
2.28    0.392616
2.3    0.392616
2.32    0.392616
2.34    0.392616
2.36    0.392616
2.38    0.392616
2.4    0.392616
2.42    0.392616
2.44    0.392616
2.46    0.392616
2.48    0.392616
2.5    0.392616
2.52    0.392616
2.54    0.392616
2.56    0.392616
2.58    0.392616
2.6    0.392616
2.62    0.392616
2.64    0.392616
2.66    0.392616
2.68    0.392616
2.7    0.392616
2.72    0.392616
2.74    0.392616
2.76    0.392616
2.78    0.392616
2.8    0.392616
2.82    0.392616
2.84    0.392616
2.86    0.392616
2.88    0.392616
2.9    0.392616
2.92    0.392616
2.94    0.392616
2.96    0.392616
2.98    0.392616
3    0.392616
3.02    0.392616
3.04    0.392616
3.06    0.392616
3.08    0.392616
3.1    0.392616
3.12    0.392616
3.14    0.392616
3.16    0.392616
3.18    0.392616
3.2    0.392616
3.22    0.392616
3.24    0.392616
3.26    0.392616
3.28    0.392616
3.3    0.392616
3.32    0.392616
3.34    0.392616
3.36    0.392616
3.38    0.392616
3.4    0.392616
3.42    0.392616
3.44    0.392616
3.46    0.392616
3.48    0.392616
3.5    0.392616
3.52    0.392616
3.54    0.392616
3.56    0.392616
3.58    0.392616
3.6    0.392616
3.62    0.392616
3.64    0.392616
3.66    0.392615
3.68    0.392615
3.7    0.392615
3.72    0.392615
3.74    0.392615
3.76    0.392615
3.78    0.392615
3.8    0.392615
3.82    0.392615
3.84    0.392615
3.86    0.392615
3.88    0.392615
3.9    0.392615
3.92    0.392615
3.94    0.392615
3.96    0.392615
3.98    0.392615
4    0.392615
4.02    0.392615
4.04    0.392615
4.06    0.392615
4.08    0.392615
4.1    0.392615
4.12    0.392615
4.14    0.392615
4.16    0.392615
4.18    0.392615
4.2    0.392615
4.22    0.392615
4.24    0.392615
4.26    0.392615
4.28    0.392615
4.3    0.392615
4.32    0.392615
4.34    0.392615
4.36    0.392615
4.38    0.392615
4.4    0.392615
4.42    0.392615
4.44    0.392615
4.46    0.392615
4.48    0.392615
4.5    0.392615
4.52    0.392615
4.54    0.392615
4.56    0.392615
4.58    0.392615
4.6    0.392615
4.62    0.392615
4.64    0.392615
4.66    0.392615
4.68    0.392615
4.7    0.392615
4.72    0.392615
4.74    0.392615
4.76    0.392615
4.78    0.392615
4.8    0.392615
4.82    0.392615
4.84    0.392615
4.86    0.392615
4.88    0.392615
4.9    0.392615
4.92    0.392615
4.94    0.392615
4.96    0.392615
4.98    0.392615
