-5    0.0107818
-4.98    0.0107816
-4.96    0.0107815
-4.94    0.0107814
-4.92    0.0107812
-4.9    0.0107811
-4.88    0.010781
-4.86    0.0107808
-4.84    0.0107807
-4.82    0.0107805
-4.8    0.0107804
-4.78    0.0107802
-4.76    0.0107801
-4.74    0.0107799
-4.72    0.0107798
-4.7    0.0107796
-4.68    0.0107795
-4.66    0.0107793
-4.64    0.0107791
-4.62    0.010779
-4.6    0.0107788
-4.58    0.0107786
-4.56    0.0107785
-4.54    0.0107783
-4.52    0.0107781
-4.5    0.0107779
-4.48    0.0107778
-4.46    0.0107776
-4.44    0.0107774
-4.42    0.0107772
-4.4    0.010777
-4.38    0.0107768
-4.36    0.0107766
-4.34    0.0107764
-4.32    0.0107762
-4.3    0.010776
-4.28    0.0107758
-4.26    0.0107756
-4.24    0.0107754
-4.22    0.0107752
-4.2    0.010775
-4.18    0.0107747
-4.16    0.0107745
-4.14    0.0107743
-4.12    0.0107741
-4.1    0.0107738
-4.08    0.0107736
-4.06    0.0107733
-4.04    0.0107731
-4.02    0.0107729
-4    0.0107726
-3.98    0.0107724
-3.96    0.0107721
-3.94    0.0107718
-3.92    0.0107716
-3.9    0.0107713
-3.88    0.010771
-3.86    0.0107708
-3.84    0.0107705
-3.82    0.0107702
-3.8    0.0107699
-3.78    0.0107696
-3.76    0.0107694
-3.74    0.0107691
-3.72    0.0107688
-3.7    0.0107685
-3.68    0.0107681
-3.66    0.0107678
-3.64    0.0107675
-3.62    0.0107672
-3.6    0.0107669
-3.58    0.0107665
-3.56    0.0107662
-3.54    0.0107659
-3.52    0.0107655
-3.5    0.0107652
-3.48    0.0107648
-3.46    0.0107645
-3.44    0.0107641
-3.42    0.0107638
-3.4    0.0107634
-3.38    0.010763
-3.36    0.0107626
-3.34    0.0107622
-3.32    0.0107619
-3.3    0.0107615
-3.28    0.0107611
-3.26    0.0107607
-3.24    0.0107602
-3.22    0.0107598
-3.2    0.0107594
-3.18    0.010759
-3.16    0.0107585
-3.14    0.0107581
-3.12    0.0107577
-3.1    0.0107572
-3.08    0.0107568
-3.06    0.0107563
-3.04    0.0107558
-3.02    0.0107553
-3    0.0107549
-2.98    0.0107544
-2.96    0.0107539
-2.94    0.0107534
-2.92    0.0107529
-2.9    0.0107524
-2.88    0.0107518
-2.86    0.0107513
-2.84    0.0107508
-2.82    0.0107502
-2.8    0.0107497
-2.78    0.0107491
-2.76    0.0107486
-2.74    0.010748
-2.72    0.0107474
-2.7    0.0107468
-2.68    0.0107463
-2.66    0.0107457
-2.64    0.010745
-2.62    0.0107444
-2.6    0.0107438
-2.58    0.0107432
-2.56    0.0107425
-2.54    0.0107419
-2.52    0.0107412
-2.5    0.0107406
-2.48    0.0107399
-2.46    0.0107392
-2.44    0.0107385
-2.42    0.0107378
-2.4    0.0107371
-2.38    0.0107364
-2.36    0.0107357
-2.34    0.0107349
-2.32    0.0107342
-2.3    0.0107334
-2.28    0.0107326
-2.26    0.0107319
-2.24    0.0107311
-2.22    0.0107303
-2.2    0.0107295
-2.18    0.0107287
-2.16    0.0107278
-2.14    0.010727
-2.12    0.0107261
-2.1    0.0107253
-2.08    0.0107244
-2.06    0.0107235
-2.04    0.0107226
-2.02    0.0107217
-2    0.0107208
-1.98    0.0107199
-1.96    0.010719
-1.94    0.010718
-1.92    0.010717
-1.9    0.0107161
-1.88    0.0107151
-1.86    0.0107141
-1.84    0.0107131
-1.82    0.010712
-1.8    0.010711
-1.78    0.0107099
-1.76    0.0107089
-1.74    0.0107078
-1.72    0.0107067
-1.7    0.0107056
-1.68    0.0107045
-1.66    0.0107033
-1.64    0.0107022
-1.62    0.010701
-1.6    0.0106998
-1.58    0.0106987
-1.56    0.0106974
-1.54    0.0106962
-1.52    0.010695
-1.5    0.0106937
-1.48    0.0106925
-1.46    0.0106912
-1.44    0.0106899
-1.42    0.0106886
-1.4    0.0106872
-1.38    0.0106859
-1.36    0.0106845
-1.34    0.0106831
-1.32    0.0106817
-1.3    0.0106803
-1.28    0.0106789
-1.26    0.0106774
-1.24    0.010676
-1.22    0.0106745
-1.2    0.010673
-1.18    0.0106714
-1.16    0.0106699
-1.14    0.0106683
-1.12    0.0106668
-1.1    0.0106652
-1.08    0.0106635
-1.06    0.0106619
-1.04    0.0106602
-1.02    0.0106586
-1    0.0106569
-0.98    0.0106552
-0.96    0.0106534
-0.94    0.0106517
-0.92    0.0106499
-0.9    0.0106481
-0.88    0.0106462
-0.86    0.0106444
-0.84    0.0106425
-0.82    0.0106406
-0.8    0.0106387
-0.78    0.0106368
-0.76    0.0106348
-0.74    0.0106329
-0.72    0.0106309
-0.7    0.0106288
-0.68    0.0106268
-0.66    0.0106247
-0.64    0.0106226
-0.62    0.0106205
-0.6    0.0106183
-0.58    0.0106162
-0.56    0.010614
-0.54    0.0106118
-0.52    0.0106095
-0.5    0.0106072
-0.48    0.0106049
-0.46    0.0106026
-0.44    0.0106003
-0.42    0.0105979
-0.4    0.0105955
-0.38    0.0105931
-0.36    0.0105906
-0.34    0.0105881
-0.32    0.0105856
-0.3    0.0105831
-0.28    0.0105805
-0.26    0.0105779
-0.24    0.0105753
-0.22    0.0105726
-0.2    0.0105699
-0.18    0.0105672
-0.16    0.0105645
-0.14    0.0105617
-0.12    0.0105589
-0.1    0.0105561
-0.08    0.0105532
-0.06    0.0105503
-0.04    0.0105474
-0.02    0.0105444
-1.80342e-14    0.0105414
0.02    0.0105384
0.04    0.0105353
0.06    0.0105323
0.08    0.0105291
0.1    0.010526
0.12    0.0105228
0.14    0.0105196
0.16    0.0105163
0.18    0.0105131
0.2    0.0105097
0.22    0.0105064
0.24    0.010503
0.26    0.0104996
0.28    0.0104961
0.3    0.0104926
0.32    0.0104891
0.34    0.0104856
0.36    0.010482
0.38    0.0104783
0.4    0.0104747
0.42    0.010471
0.44    0.0104672
0.46    0.0104635
0.48    0.0104597
0.5    0.0104558
0.52    0.0104519
0.54    0.010448
0.56    0.0104441
0.58    0.0104401
0.6    0.010436
0.62    0.010432
0.64    0.0104279
0.66    0.0104237
0.68    0.0104195
0.7    0.0104153
0.72    0.010411
0.74    0.0104068
0.76    0.0104024
0.78    0.010398
0.8    0.0103936
0.82    0.0103892
0.84    0.0103847
0.86    0.0103802
0.88    0.0103756
0.9    0.010371
0.92    0.0103663
0.94    0.0103616
0.96    0.0103569
0.98    0.0103521
1    0.0103473
1.02    0.0103425
1.04    0.0103376
1.06    0.0103327
1.08    0.0103277
1.1    0.0103227
1.12    0.0103177
1.14    0.0103126
1.16    0.0103075
1.18    0.0103023
1.2    0.0102971
1.22    0.0102919
1.24    0.0102866
1.26    0.0102813
1.28    0.0102759
1.3    0.0102705
1.32    0.0102651
1.34    0.0102596
1.36    0.0102541
1.38    0.0102485
1.4    0.0102429
1.42    0.0102373
1.44    0.0102316
1.46    0.0102259
1.48    0.0102201
1.5    0.0102143
1.52    0.0102085
1.54    0.0102026
1.56    0.0101967
1.58    0.0101908
1.6    0.0101848
1.62    0.0101788
1.64    0.0101728
1.66    0.0101667
1.68    0.0101605
1.7    0.0101544
1.72    0.0101482
1.74    0.010142
1.76    0.0101357
1.78    0.0101294
1.8    0.010123
1.82    0.0101167
1.84    0.0101103
1.86    0.0101038
1.88    0.0100973
1.9    0.0100908
1.92    0.0100843
1.94    0.0100777
1.96    0.0100711
1.98    0.0100645
2    0.0100578
2.02    0.0100511
2.04    0.0100444
2.06    0.0100376
2.08    0.0100308
2.1    0.010024
2.12    0.0100172
2.14    0.0100103
2.16    0.0100034
2.18    0.00999647
2.2    0.00998951
2.22    0.00998253
2.24    0.00997552
2.26    0.00996849
2.28    0.00996143
2.3    0.00995435
2.32    0.00994725
2.34    0.00994012
2.36    0.00993297
2.38    0.0099258
2.4    0.00991861
2.42    0.0099114
2.44    0.00990417
2.46    0.00989692
2.48    0.00988965
2.5    0.00988236
2.52    0.00987505
2.54    0.00986773
2.56    0.0098604
2.58    0.00985304
2.6    0.00984568
2.62    0.00983829
2.64    0.0098309
2.66    0.00982349
2.68    0.00981607
2.7    0.00980864
2.72    0.0098012
2.74    0.00979375
2.76    0.00978629
2.78    0.00977882
2.8    0.00977135
2.82    0.00976386
2.84    0.00975637
2.86    0.00974888
2.88    0.00974138
2.9    0.00973387
2.92    0.00972637
2.94    0.00971886
2.96    0.00971135
2.98    0.00970383
3    0.00969632
3.02    0.00968881
3.04    0.00968129
3.06    0.00967378
3.08    0.00966628
3.1    0.00965877
3.12    0.00965127
3.14    0.00964378
3.16    0.00963629
3.18    0.0096288
3.2    0.00962133
3.22    0.00961386
3.24    0.0096064
3.26    0.00959895
3.28    0.0095915
3.3    0.00958407
3.32    0.00957665
3.34    0.00956925
3.36    0.00956185
3.38    0.00955447
3.4    0.0095471
3.42    0.00953975
3.44    0.00953241
3.46    0.00952509
3.48    0.00951779
3.5    0.0095105
3.52    0.00950323
3.54    0.00949598
3.56    0.00948875
3.58    0.00948154
3.6    0.00947435
3.62    0.00946718
3.64    0.00946004
3.66    0.00945291
3.68    0.00944581
3.7    0.00943874
3.72    0.00943168
3.74    0.00942466
3.76    0.00941765
3.78    0.00941068
3.8    0.00940373
3.82    0.00939681
3.84    0.00938991
3.86    0.00938305
3.88    0.00937621
3.9    0.0093694
3.92    0.00936262
3.94    0.00935587
3.96    0.00934915
3.98    0.00934247
4    0.00933581
4.02    0.00932919
4.04    0.0093226
4.06    0.00931604
4.08    0.00930951
4.1    0.00930302
4.12    0.00929657
4.14    0.00929014
4.16    0.00928375
4.18    0.0092774
4.2    0.00927108
4.22    0.0092648
4.24    0.00925856
4.26    0.00925235
4.28    0.00924617
4.3    0.00924004
4.32    0.00923394
4.34    0.00922788
4.36    0.00922185
4.38    0.00921587
4.4    0.00920992
4.42    0.00920401
4.44    0.00919814
4.46    0.00919231
4.48    0.00918652
4.5    0.00918077
4.52    0.00917505
4.54    0.00916938
4.56    0.00916375
4.58    0.00915815
4.6    0.0091526
4.62    0.00914708
4.64    0.00914161
4.66    0.00913618
4.68    0.00913078
4.7    0.00912543
4.72    0.00912012
4.74    0.00911485
4.76    0.00910961
4.78    0.00910442
4.8    0.00909927
4.82    0.00909417
4.84    0.0090891
4.86    0.00908407
4.88    0.00907908
4.9    0.00907414
4.92    0.00906923
4.94    0.00906437
4.96    0.00905954
4.98    0.00905476
