-5    0.372747
-4.98    0.372747
-4.96    0.372747
-4.94    0.372747
-4.92    0.372747
-4.9    0.372747
-4.88    0.372747
-4.86    0.372747
-4.84    0.372747
-4.82    0.372747
-4.8    0.372747
-4.78    0.372747
-4.76    0.372747
-4.74    0.372747
-4.72    0.372747
-4.7    0.372747
-4.68    0.372747
-4.66    0.372747
-4.64    0.372747
-4.62    0.372747
-4.6    0.372747
-4.58    0.372747
-4.56    0.372747
-4.54    0.372747
-4.52    0.372747
-4.5    0.372747
-4.48    0.372747
-4.46    0.372747
-4.44    0.372747
-4.42    0.372747
-4.4    0.372747
-4.38    0.372747
-4.36    0.372747
-4.34    0.372747
-4.32    0.372747
-4.3    0.372747
-4.28    0.372747
-4.26    0.372747
-4.24    0.372747
-4.22    0.372747
-4.2    0.372747
-4.18    0.372747
-4.16    0.372747
-4.14    0.372747
-4.12    0.372747
-4.1    0.372747
-4.08    0.372747
-4.06    0.372747
-4.04    0.372747
-4.02    0.372747
-4    0.372747
-3.98    0.372747
-3.96    0.372747
-3.94    0.372747
-3.92    0.372747
-3.9    0.372747
-3.88    0.372747
-3.86    0.372747
-3.84    0.372747
-3.82    0.372747
-3.8    0.372747
-3.78    0.372747
-3.76    0.372747
-3.74    0.372747
-3.72    0.372747
-3.7    0.372747
-3.68    0.372747
-3.66    0.372747
-3.64    0.372747
-3.62    0.372747
-3.6    0.372747
-3.58    0.372747
-3.56    0.372747
-3.54    0.372747
-3.52    0.372747
-3.5    0.372747
-3.48    0.372747
-3.46    0.372747
-3.44    0.372747
-3.42    0.372747
-3.4    0.372747
-3.38    0.372747
-3.36    0.372747
-3.34    0.372747
-3.32    0.372747
-3.3    0.372747
-3.28    0.372747
-3.26    0.372747
-3.24    0.372747
-3.22    0.372747
-3.2    0.372747
-3.18    0.372747
-3.16    0.372747
-3.14    0.372747
-3.12    0.372747
-3.1    0.372747
-3.08    0.372747
-3.06    0.372747
-3.04    0.372747
-3.02    0.372748
-3    0.372748
-2.98    0.372748
-2.96    0.372748
-2.94    0.372748
-2.92    0.372748
-2.9    0.372748
-2.88    0.372748
-2.86    0.372748
-2.84    0.372748
-2.82    0.372748
-2.8    0.372748
-2.78    0.372748
-2.76    0.372748
-2.74    0.372748
-2.72    0.372748
-2.7    0.372748
-2.68    0.372748
-2.66    0.372748
-2.64    0.372748
-2.62    0.372748
-2.6    0.372748
-2.58    0.372748
-2.56    0.372748
-2.54    0.372748
-2.52    0.372748
-2.5    0.372748
-2.48    0.372748
-2.46    0.372749
-2.44    0.372749
-2.42    0.372749
-2.4    0.372749
-2.38    0.372749
-2.36    0.372749
-2.34    0.372749
-2.32    0.372749
-2.3    0.372749
-2.28    0.372749
-2.26    0.37275
-2.24    0.37275
-2.22    0.37275
-2.2    0.37275
-2.18    0.37275
-2.16    0.37275
-2.14    0.37275
-2.12    0.372751
-2.1    0.372751
-2.08    0.372751
-2.06    0.372751
-2.04    0.372752
-2.02    0.372752
-2    0.372752
-1.98    0.372752
-1.96    0.372753
-1.94    0.372753
-1.92    0.372753
-1.9    0.372754
-1.88    0.372754
-1.86    0.372755
-1.84    0.372755
-1.82    0.372755
-1.8    0.372756
-1.78    0.372757
-1.76    0.372757
-1.74    0.372758
-1.72    0.372758
-1.7    0.372759
-1.68    0.37276
-1.66    0.37276
-1.64    0.372761
-1.62    0.372762
-1.6    0.372763
-1.58    0.372764
-1.56    0.372765
-1.54    0.372766
-1.52    0.372767
-1.5    0.372768
-1.48    0.372769
-1.46    0.372771
-1.44    0.372772
-1.42    0.372774
-1.4    0.372775
-1.38    0.372777
-1.36    0.372779
-1.34    0.372781
-1.32    0.372783
-1.3    0.372785
-1.28    0.372787
-1.26    0.37279
-1.24    0.372792
-1.22    0.372795
-1.2    0.372798
-1.18    0.372801
-1.16    0.372804
-1.14    0.372807
-1.12    0.372811
-1.1    0.372815
-1.08    0.372819
-1.06    0.372823
-1.04    0.372828
-1.02    0.372832
-1    0.372837
-0.98    0.372843
-0.96    0.372849
-0.94    0.372855
-0.92    0.372861
-0.9    0.372868
-0.88    0.372875
-0.86    0.372883
-0.84    0.372891
-0.82    0.372899
-0.8    0.372908
-0.78    0.372918
-0.76    0.372928
-0.74    0.372939
-0.72    0.37295
-0.7    0.372962
-0.68    0.372974
-0.66    0.372988
-0.64    0.373002
-0.62    0.373017
-0.6    0.373033
-0.58    0.373049
-0.56    0.373067
-0.54    0.373085
-0.52    0.373105
-0.5    0.373126
-0.48    0.373148
-0.46    0.37317
-0.44    0.373195
-0.42    0.37322
-0.4    0.373247
-0.38    0.373275
-0.36    0.373305
-0.34    0.373336
-0.32    0.373368
-0.3    0.373402
-0.28    0.373438
-0.26    0.373476
-0.24    0.373515
-0.22    0.373556
-0.2    0.373599
-0.18    0.373644
-0.16    0.37369
-0.14    0.373739
-0.12    0.373789
-0.1    0.373841
-0.08    0.373896
-0.06    0.373952
-0.04    0.37401
-0.02    0.37407
-1.80342e-14    0.374131
0.02    0.374195
0.04    0.37426
0.06    0.374327
0.08    0.374395
0.1    0.374465
0.12    0.374537
0.14    0.374609
0.16    0.374683
0.18    0.374758
0.2    0.374834
0.22    0.374911
0.24    0.374988
0.26    0.375066
0.28    0.375144
0.3    0.375222
0.32    0.375301
0.34    0.375379
0.36    0.375457
0.38    0.375535
0.4    0.375612
0.42    0.375688
0.44    0.375763
0.46    0.375838
0.48    0.375911
0.5    0.375984
0.52    0.376055
0.54    0.376124
0.56    0.376192
0.58    0.376259
0.6    0.376324
0.62    0.376387
0.64    0.376449
0.66    0.376509
0.68    0.376567
0.7    0.376623
0.72    0.376677
0.74    0.37673
0.76    0.376781
0.78    0.37683
0.8    0.376877
0.82    0.376922
0.84    0.376966
0.86    0.377008
0.88    0.377048
0.9    0.377087
0.92    0.377124
0.94    0.377159
0.96    0.377193
0.98    0.377225
1    0.377256
1.02    0.377286
1.04    0.377314
1.06    0.37734
1.08    0.377366
1.1    0.37739
1.12    0.377413
1.14    0.377435
1.16    0.377456
1.18    0.377476
1.2    0.377495
1.22    0.377513
1.24    0.37753
1.26    0.377546
1.28    0.377562
1.3    0.377576
1.32    0.37759
1.34    0.377603
1.36    0.377615
1.38    0.377627
1.4    0.377638
1.42    0.377649
1.44    0.377659
1.46    0.377668
1.48    0.377677
1.5    0.377685
1.52    0.377693
1.54    0.377701
1.56    0.377708
1.58    0.377715
1.6    0.377721
1.62    0.377727
1.64    0.377733
1.66    0.377738
1.68    0.377743
1.7    0.377748
1.72    0.377752
1.74    0.377757
1.76    0.377761
1.78    0.377765
1.8    0.377768
1.82    0.377772
1.84    0.377775
1.86    0.377778
1.88    0.377781
1.9    0.377783
1.92    0.377786
1.94    0.377788
1.96    0.377791
1.98    0.377793
2    0.377795
2.02    0.377797
2.04    0.377799
2.06    0.3778
2.08    0.377802
2.1    0.377803
2.12    0.377805
2.14    0.377806
2.16    0.377807
2.18    0.377809
2.2    0.37781
2.22    0.377811
2.24    0.377812
2.26    0.377813
2.28    0.377814
2.3    0.377815
2.32    0.377815
2.34    0.377816
2.36    0.377817
2.38    0.377818
2.4    0.377818
2.42    0.377819
2.44    0.377819
2.46    0.37782
2.48    0.37782
2.5    0.377821
2.52    0.377821
2.54    0.377822
2.56    0.377822
2.58    0.377822
2.6    0.377823
2.62    0.377823
2.64    0.377823
2.66    0.377824
2.68    0.377824
2.7    0.377824
2.72    0.377825
2.74    0.377825
2.76    0.377825
2.78    0.377825
2.8    0.377825
2.82    0.377826
2.84    0.377826
2.86    0.377826
2.88    0.377826
2.9    0.377826
2.92    0.377826
2.94    0.377826
2.96    0.377827
2.98    0.377827
3    0.377827
3.02    0.377827
3.04    0.377827
3.06    0.377827
3.08    0.377827
3.1    0.377827
3.12    0.377827
3.14    0.377827
3.16    0.377828
3.18    0.377828
3.2    0.377828
3.22    0.377828
3.24    0.377828
3.26    0.377828
3.28    0.377828
3.3    0.377828
3.32    0.377828
3.34    0.377828
3.36    0.377828
3.38    0.377828
3.4    0.377828
3.42    0.377828
3.44    0.377828
3.46    0.377828
3.48    0.377828
3.5    0.377828
3.52    0.377828
3.54    0.377828
3.56    0.377828
3.58    0.377828
3.6    0.377828
3.62    0.377828
3.64    0.377828
3.66    0.377828
3.68    0.377828
3.7    0.377828
3.72    0.377828
3.74    0.377828
3.76    0.377828
3.78    0.377828
3.8    0.377828
3.82    0.377828
3.84    0.377829
3.86    0.377829
3.88    0.377829
3.9    0.377829
3.92    0.377829
3.94    0.377829
3.96    0.377829
3.98    0.377829
4    0.377829
4.02    0.377829
4.04    0.377829
4.06    0.377829
4.08    0.377829
4.1    0.377829
4.12    0.377829
4.14    0.377829
4.16    0.377829
4.18    0.377829
4.2    0.377829
4.22    0.377829
4.24    0.377829
4.26    0.377829
4.28    0.377829
4.3    0.377829
4.32    0.377829
4.34    0.377829
4.36    0.377829
4.38    0.377829
4.4    0.377829
4.42    0.377829
4.44    0.377829
4.46    0.377829
4.48    0.377829
4.5    0.377829
4.52    0.377829
4.54    0.377829
4.56    0.377829
4.58    0.377829
4.6    0.377829
4.62    0.377829
4.64    0.377829
4.66    0.377829
4.68    0.377829
4.7    0.377829
4.72    0.377829
4.74    0.377829
4.76    0.377829
4.78    0.377829
4.8    0.377829
4.82    0.377829
4.84    0.377829
4.86    0.377829
4.88    0.377829
4.9    0.377829
4.92    0.377829
4.94    0.377829
4.96    0.377829
4.98    0.377829
