-5    3.82575e-05
-4.98    3.86759e-05
-4.96    3.91069e-05
-4.94    3.9551e-05
-4.92    4.00087e-05
-4.9    4.04804e-05
-4.88    4.09667e-05
-4.86    4.1468e-05
-4.84    4.19849e-05
-4.82    4.25181e-05
-4.8    4.3068e-05
-4.78    4.36354e-05
-4.76    4.42208e-05
-4.74    4.4825e-05
-4.72    4.54487e-05
-4.7    4.60925e-05
-4.68    4.67573e-05
-4.66    4.74439e-05
-4.64    4.81531e-05
-4.62    4.88858e-05
-4.6    4.96429e-05
-4.58    5.04254e-05
-4.56    5.12343e-05
-4.54    5.20706e-05
-4.52    5.29354e-05
-4.5    5.38299e-05
-4.48    5.47553e-05
-4.46    5.57128e-05
-4.44    5.67038e-05
-4.42    5.77296e-05
-4.4    5.87917e-05
-4.38    5.98915e-05
-4.36    6.10308e-05
-4.34    6.2211e-05
-4.32    6.3434e-05
-4.3    6.47015e-05
-4.28    6.60155e-05
-4.26    6.7378e-05
-4.24    6.87911e-05
-4.22    7.02569e-05
-4.2    7.17778e-05
-4.18    7.33562e-05
-4.16    7.49946e-05
-4.14    7.66957e-05
-4.12    7.84622e-05
-4.1    8.02971e-05
-4.08    8.22035e-05
-4.06    8.41846e-05
-4.04    8.62438e-05
-4.02    8.83847e-05
-4    9.06109e-05
-3.98    9.29264e-05
-3.96    9.53354e-05
-3.94    9.78421e-05
-3.92    0.000100451
-3.9    0.000103167
-3.88    0.000105996
-3.86    0.000108941
-3.84    0.00011201
-3.82    0.000115208
-3.8    0.00011854
-3.78    0.000122014
-3.76    0.000125636
-3.74    0.000129413
-3.72    0.000133353
-3.7    0.000137464
-3.68    0.000141754
-3.66    0.000146231
-3.64    0.000150905
-3.62    0.000155786
-3.6    0.000160883
-3.58    0.000166208
-3.56    0.00017177
-3.54    0.000177583
-3.52    0.000183659
-3.5    0.000190009
-3.48    0.000196649
-3.46    0.000203592
-3.44    0.000210854
-3.42    0.00021845
-3.4    0.000226397
-3.38    0.000234712
-3.36    0.000243414
-3.34    0.000252522
-3.32    0.000262055
-3.3    0.000272036
-3.28    0.000282487
-3.26    0.00029343
-3.24    0.00030489
-3.22    0.000316893
-3.2    0.000329465
-3.18    0.000342636
-3.16    0.000356433
-3.14    0.000370889
-3.12    0.000386034
-3.1    0.000401904
-3.08    0.000418533
-3.06    0.000435959
-3.04    0.000454219
-3.02    0.000473354
-3    0.000493406
-2.98    0.000514419
-2.96    0.000536439
-2.94    0.000559513
-2.92    0.000583692
-2.9    0.000609026
-2.88    0.00063557
-2.86    0.00066338
-2.84    0.000692513
-2.82    0.000723031
-2.8    0.000754995
-2.78    0.000788472
-2.76    0.000823527
-2.74    0.000860232
-2.72    0.000898658
-2.7    0.00093888
-2.68    0.000980975
-2.66    0.00102502
-2.64    0.00107111
-2.62    0.00111931
-2.6    0.00116971
-2.58    0.00122242
-2.56    0.00127751
-2.54    0.00133508
-2.52    0.00139523
-2.5    0.00145805
-2.48    0.00152366
-2.46    0.00159214
-2.44    0.00166361
-2.42    0.00173817
-2.4    0.00181594
-2.38    0.00189701
-2.36    0.00198151
-2.34    0.00206955
-2.32    0.00216124
-2.3    0.0022567
-2.28    0.00235604
-2.26    0.00245938
-2.24    0.00256683
-2.22    0.00267852
-2.2    0.00279457
-2.18    0.00291508
-2.16    0.00304017
-2.14    0.00316997
-2.12    0.00330458
-2.1    0.00344411
-2.08    0.00358867
-2.06    0.00373838
-2.04    0.00389333
-2.02    0.00405363
-2    0.00421937
-1.98    0.00439065
-1.96    0.00456756
-1.94    0.00475019
-1.92    0.0049386
-1.9    0.00513289
-1.88    0.00533312
-1.86    0.00553934
-1.84    0.00575162
-1.82    0.00597
-1.8    0.00619453
-1.78    0.00642524
-1.76    0.00666215
-1.74    0.00690529
-1.72    0.00715465
-1.7    0.00741024
-1.68    0.00767205
-1.66    0.00794006
-1.64    0.00821423
-1.62    0.00849454
-1.6    0.00878091
-1.58    0.00907331
-1.56    0.00937164
-1.54    0.00967584
-1.52    0.0099858
-1.5    0.0103014
-1.48    0.0106226
-1.46    0.0109491
-1.44    0.011281
-1.42    0.011618
-1.4    0.0119599
-1.38    0.0123066
-1.36    0.012658
-1.34    0.0130137
-1.32    0.0133737
-1.3    0.0137376
-1.28    0.0141053
-1.26    0.0144766
-1.24    0.0148511
-1.22    0.0152287
-1.2    0.015609
-1.18    0.0159919
-1.16    0.0163769
-1.14    0.0167639
-1.12    0.0171525
-1.1    0.0175424
-1.08    0.0179334
-1.06    0.0183251
-1.04    0.0187171
-1.02    0.0191093
-1    0.0195011
-0.98    0.0198924
-0.96    0.0202827
-0.94    0.0206718
-0.92    0.0210592
-0.9    0.0214447
-0.88    0.0218278
-0.86    0.0222083
-0.84    0.0225858
-0.82    0.0229599
-0.8    0.0233304
-0.78    0.0236968
-0.76    0.0240588
-0.74    0.0244161
-0.72    0.0247683
-0.7    0.0251151
-0.68    0.0254562
-0.66    0.0257913
-0.64    0.0261199
-0.62    0.0264419
-0.6    0.0267568
-0.58    0.0270644
-0.56    0.0273644
-0.54    0.0276565
-0.52    0.0279404
-0.5    0.0282158
-0.48    0.0284825
-0.46    0.0287402
-0.44    0.0289885
-0.42    0.0292274
-0.4    0.0294565
-0.38    0.0296757
-0.36    0.0298846
-0.34    0.0300832
-0.32    0.0302711
-0.3    0.0304482
-0.28    0.0306144
-0.26    0.0307694
-0.24    0.0309132
-0.22    0.0310455
-0.2    0.0311662
-0.18    0.0312752
-0.16    0.0313724
-0.14    0.0314577
-0.12    0.031531
-0.1    0.0315923
-0.08    0.0316414
-0.06    0.0316783
-0.04    0.031703
-0.02    0.0317154
-1.80342e-14    0.0317156
0.02    0.0317035
0.04    0.0316791
0.06    0.0316425
0.08    0.0315937
0.1    0.0315327
0.12    0.0314596
0.14    0.0313746
0.16    0.0312775
0.18    0.0311686
0.2    0.031048
0.22    0.0309158
0.24    0.0307721
0.26    0.030617
0.28    0.0304508
0.3    0.0302735
0.32    0.0300855
0.34    0.0298867
0.36    0.0296776
0.38    0.0294582
0.4    0.0292288
0.42    0.0289897
0.44    0.028741
0.46    0.028483
0.48    0.0282161
0.5    0.0279404
0.52    0.0276562
0.54    0.0273639
0.56    0.0270638
0.58    0.0267561
0.6    0.0264411
0.62    0.0261192
0.64    0.0257907
0.66    0.025456
0.68    0.0251153
0.7    0.024769
0.72    0.0244175
0.74    0.0240611
0.76    0.0237002
0.78    0.023335
0.8    0.0229661
0.82    0.0225937
0.84    0.0222182
0.86    0.0218399
0.88    0.0214593
0.9    0.0210766
0.92    0.0206923
0.94    0.0203066
0.96    0.01992
0.98    0.0195327
1    0.0191452
1.02    0.0187578
1.04    0.0183708
1.06    0.0179845
1.08    0.0175992
1.1    0.0172153
1.12    0.0168331
1.14    0.0164529
1.16    0.0160749
1.18    0.0156995
1.2    0.0153269
1.22    0.0149573
1.24    0.0145911
1.26    0.0142285
1.28    0.0138697
1.3    0.013515
1.32    0.0131644
1.34    0.0128184
1.36    0.0124769
1.38    0.0121402
1.4    0.0118086
1.42    0.011482
1.44    0.0111607
1.46    0.0108447
1.48    0.0105343
1.5    0.0102295
1.52    0.00993038
1.54    0.00963704
1.56    0.00934955
1.58    0.00906798
1.6    0.00879236
1.62    0.00852274
1.64    0.00825914
1.66    0.00800158
1.68    0.00775007
1.7    0.00750461
1.72    0.00726519
1.74    0.00703179
1.76    0.00680437
1.78    0.00658291
1.8    0.00636736
1.82    0.00615767
1.84    0.00595378
1.86    0.00575564
1.88    0.00556317
1.9    0.00537629
1.92    0.00519494
1.94    0.00501903
1.96    0.00484846
1.98    0.00468315
2    0.004523
2.02    0.00436792
2.04    0.00421779
2.06    0.00407253
2.08    0.00393202
2.1    0.00379617
2.12    0.00366485
2.14    0.00353796
2.16    0.0034154
2.18    0.00329705
2.2    0.0031828
2.22    0.00307254
2.24    0.00296617
2.26    0.00286357
2.28    0.00276463
2.3    0.00266926
2.32    0.00257733
2.34    0.00248875
2.36    0.00240341
2.38    0.00232121
2.4    0.00224205
2.42    0.00216584
2.44    0.00209246
2.46    0.00202183
2.48    0.00195386
2.5    0.00188846
2.52    0.00182552
2.54    0.00176498
2.56    0.00170674
2.58    0.00165072
2.6    0.00159684
2.62    0.00154503
2.64    0.0014952
2.66    0.00144728
2.68    0.00140121
2.7    0.00135691
2.72    0.00131432
2.74    0.00127336
2.76    0.00123399
2.78    0.00119613
2.8    0.00115973
2.82    0.00112473
2.84    0.00109108
2.86    0.00105872
2.88    0.00102761
2.9    0.00099769
2.92    0.000968917
2.94    0.000941245
2.96    0.000914631
2.98    0.000889033
3    0.000864409
3.02    0.000840721
3.04    0.000817931
3.06    0.000796003
3.08    0.000774903
3.1    0.000754597
3.12    0.000735053
3.14    0.000716241
3.16    0.000698131
3.18    0.000680695
3.2    0.000663905
3.22    0.000647737
3.24    0.000632164
3.26    0.000617163
3.28    0.000602711
3.3    0.000588786
3.32    0.000575367
3.34    0.000562433
3.36    0.000549966
3.38    0.000537947
3.4    0.000526357
3.42    0.000515181
3.44    0.000504401
3.46    0.000494002
3.48    0.000483969
3.5    0.000474287
3.52    0.000464943
3.54    0.000455924
3.56    0.000447217
3.58    0.000438809
3.6    0.00043069
3.62    0.000422848
3.64    0.000415273
3.66    0.000407953
3.68    0.000400881
3.7    0.000394045
3.72    0.000387437
3.74    0.000381049
3.76    0.000374873
3.78    0.000368899
3.8    0.000363122
3.82    0.000357532
3.84    0.000352125
3.86    0.000346892
3.88    0.000341827
3.9    0.000336925
3.92    0.000332179
3.94    0.000327584
3.96    0.000323133
3.98    0.000318823
4    0.000314648
4.02    0.000310603
4.04    0.000306684
4.06    0.000302885
4.08    0.000299204
4.1    0.000295635
4.12    0.000292176
4.14    0.000288821
4.16    0.000285568
4.18    0.000282412
4.2    0.000279352
4.22    0.000276382
4.24    0.000273501
4.26    0.000270706
4.28    0.000267993
4.3    0.000265359
4.32    0.000262803
4.34    0.000260321
4.36    0.000257911
4.38    0.000255571
4.4    0.000253298
4.42    0.000251091
4.44    0.000248946
4.46    0.000246863
4.48    0.000244839
4.5    0.000242872
4.52    0.00024096
4.54    0.000239102
4.56    0.000237296
4.58    0.000235541
4.6    0.000233834
4.62    0.000232175
4.64    0.000230561
4.66    0.000228992
4.68    0.000227465
4.7    0.000225981
4.72    0.000224537
4.74    0.000223132
4.76    0.000221765
4.78    0.000220435
4.8    0.000219141
4.82    0.000217882
4.84    0.000216656
4.86    0.000215463
4.88    0.000214302
4.9    0.000213171
4.92    0.000212071
4.94    0.000211
4.96    0.000209956
4.98    0.000208941
