-5    0.70912
-4.98    0.709115
-4.96    0.70911
-4.94    0.709105
-4.92    0.7091
-4.9    0.709095
-4.88    0.709089
-4.86    0.709084
-4.84    0.709078
-4.82    0.709072
-4.8    0.709067
-4.78    0.709061
-4.76    0.709055
-4.74    0.709049
-4.72    0.709043
-4.7    0.709036
-4.68    0.70903
-4.66    0.709023
-4.64    0.709017
-4.62    0.70901
-4.6    0.709003
-4.58    0.708996
-4.56    0.708989
-4.54    0.708982
-4.52    0.708974
-4.5    0.708967
-4.48    0.70896
-4.46    0.708952
-4.44    0.708944
-4.42    0.708936
-4.4    0.708928
-4.38    0.70892
-4.36    0.708912
-4.34    0.708904
-4.32    0.708896
-4.3    0.708887
-4.28    0.708879
-4.26    0.70887
-4.24    0.708862
-4.22    0.708853
-4.2    0.708844
-4.18    0.708836
-4.16    0.708827
-4.14    0.708818
-4.12    0.708809
-4.1    0.7088
-4.08    0.708791
-4.06    0.708782
-4.04    0.708773
-4.02    0.708764
-4    0.708755
-3.98    0.708746
-3.96    0.708737
-3.94    0.708728
-3.92    0.708719
-3.9    0.708711
-3.88    0.708702
-3.86    0.708694
-3.84    0.708686
-3.82    0.708678
-3.8    0.70867
-3.78    0.708662
-3.76    0.708655
-3.74    0.708647
-3.72    0.708641
-3.7    0.708634
-3.68    0.708628
-3.66    0.708622
-3.64    0.708617
-3.62    0.708612
-3.6    0.708607
-3.58    0.708604
-3.56    0.7086
-3.54    0.708598
-3.52    0.708596
-3.5    0.708595
-3.48    0.708595
-3.46    0.708595
-3.44    0.708597
-3.42    0.708599
-3.4    0.708603
-3.38    0.708608
-3.36    0.708613
-3.34    0.708621
-3.32    0.708629
-3.3    0.708639
-3.28    0.708651
-3.26    0.708664
-3.24    0.70868
-3.22    0.708697
-3.2    0.708716
-3.18    0.708737
-3.16    0.70876
-3.14    0.708786
-3.12    0.708815
-3.1    0.708846
-3.08    0.70888
-3.06    0.708917
-3.04    0.708957
-3.02    0.709
-3    0.709048
-2.98    0.709098
-2.96    0.709153
-2.94    0.709213
-2.92    0.709276
-2.9    0.709344
-2.88    0.709418
-2.86    0.709496
-2.84    0.70958
-2.82    0.70967
-2.8    0.709766
-2.78    0.709868
-2.76    0.709977
-2.74    0.710093
-2.72    0.710217
-2.7    0.710349
-2.68    0.710489
-2.66    0.710637
-2.64    0.710795
-2.62    0.710962
-2.6    0.711139
-2.58    0.711327
-2.56    0.711526
-2.54    0.711737
-2.52    0.71196
-2.5    0.712196
-2.48    0.712445
-2.46    0.712708
-2.44    0.712985
-2.42    0.713279
-2.4    0.713588
-2.38    0.713914
-2.36    0.714257
-2.34    0.714619
-2.32    0.715001
-2.3    0.715402
-2.28    0.715824
-2.26    0.716268
-2.24    0.716734
-2.22    0.717225
-2.2    0.71774
-2.18    0.718281
-2.16    0.718848
-2.14    0.719443
-2.12    0.720068
-2.1    0.720722
-2.08    0.721407
-2.06    0.722125
-2.04    0.722877
-2.02    0.723663
-2    0.724485
-1.98    0.725345
-1.96    0.726243
-1.94    0.72718
-1.92    0.728159
-1.9    0.729181
-1.88    0.730245
-1.86    0.731355
-1.84    0.732511
-1.82    0.733715
-1.8    0.734967
-1.78    0.736269
-1.76    0.737622
-1.74    0.739027
-1.72    0.740486
-1.7    0.741999
-1.68    0.743567
-1.66    0.745191
-1.64    0.746873
-1.62    0.748612
-1.6    0.75041
-1.58    0.752266
-1.56    0.754183
-1.54    0.756158
-1.52    0.758194
-1.5    0.760289
-1.48    0.762444
-1.46    0.764659
-1.44    0.766932
-1.42    0.769263
-1.4    0.771652
-1.38    0.774097
-1.36    0.776596
-1.34    0.77915
-1.32    0.781755
-1.3    0.784409
-1.28    0.787112
-1.26    0.789859
-1.24    0.79265
-1.22    0.79548
-1.2    0.798347
-1.18    0.801249
-1.16    0.80418
-1.14    0.807138
-1.12    0.810119
-1.1    0.81312
-1.08    0.816136
-1.06    0.819162
-1.04    0.822196
-1.02    0.825232
-1    0.828267
-0.98    0.831295
-0.96    0.834313
-0.94    0.837316
-0.92    0.840299
-0.9    0.84326
-0.88    0.846193
-0.86    0.849094
-0.84    0.85196
-0.82    0.854787
-0.8    0.857571
-0.78    0.860309
-0.76    0.862998
-0.74    0.865634
-0.72    0.868215
-0.7    0.870739
-0.68    0.873202
-0.66    0.875604
-0.64    0.877942
-0.62    0.880215
-0.6    0.88242
-0.58    0.884558
-0.56    0.886627
-0.54    0.888626
-0.52    0.890556
-0.5    0.892414
-0.48    0.894203
-0.46    0.89592
-0.44    0.897567
-0.42    0.899144
-0.4    0.900652
-0.38    0.90209
-0.36    0.90346
-0.34    0.904762
-0.32    0.905997
-0.3    0.907167
-0.28    0.908271
-0.26    0.909311
-0.24    0.910288
-0.22    0.911203
-0.2    0.912058
-0.18    0.912853
-0.16    0.913589
-0.14    0.914267
-0.12    0.914889
-0.1    0.915456
-0.08    0.915968
-0.06    0.916428
-0.04    0.916835
-0.02    0.91719
-1.80342e-14    0.917496
0.02    0.917752
0.04    0.91796
0.06    0.91812
0.08    0.918234
0.1    0.918301
0.12    0.918324
0.14    0.918302
0.16    0.918236
0.18    0.918128
0.2    0.917977
0.22    0.917784
0.24    0.91755
0.26    0.917275
0.28    0.91696
0.3    0.916605
0.32    0.91621
0.34    0.915777
0.36    0.915305
0.38    0.914795
0.4    0.914247
0.42    0.913662
0.44    0.913039
0.46    0.912379
0.48    0.911683
0.5    0.91095
0.52    0.910181
0.54    0.909376
0.56    0.908535
0.58    0.907659
0.6    0.906747
0.62    0.905801
0.64    0.904819
0.66    0.903802
0.68    0.902752
0.7    0.901666
0.72    0.900547
0.74    0.899394
0.76    0.898207
0.78    0.896987
0.8    0.895734
0.82    0.894448
0.84    0.893129
0.86    0.891778
0.88    0.890396
0.9    0.888981
0.92    0.887535
0.94    0.886059
0.96    0.884552
0.98    0.883014
1    0.881448
1.02    0.879852
1.04    0.878227
1.06    0.876574
1.08    0.874894
1.1    0.873186
1.12    0.871453
1.14    0.869693
1.16    0.867908
1.18    0.866099
1.2    0.864266
1.22    0.86241
1.24    0.860531
1.26    0.858631
1.28    0.85671
1.3    0.85477
1.32    0.85281
1.34    0.850832
1.36    0.848837
1.38    0.846825
1.4    0.844798
1.42    0.842757
1.44    0.840702
1.46    0.838634
1.48    0.836555
1.5    0.834465
1.52    0.832365
1.54    0.830257
1.56    0.828142
1.58    0.826019
1.6    0.823891
1.62    0.821759
1.64    0.819623
1.66    0.817485
1.68    0.815345
1.7    0.813205
1.72    0.811065
1.74    0.808927
1.76    0.806791
1.78    0.804659
1.8    0.802531
1.82    0.800408
1.84    0.798292
1.86    0.796183
1.88    0.794082
1.9    0.79199
1.92    0.789908
1.94    0.787836
1.96    0.785775
1.98    0.783727
2    0.781691
2.02    0.779669
2.04    0.777662
2.06    0.775669
2.08    0.773692
2.1    0.771731
2.12    0.769786
2.14    0.767859
2.16    0.76595
2.18    0.764059
2.2    0.762187
2.22    0.760335
2.24    0.758502
2.26    0.756688
2.28    0.754896
2.3    0.753124
2.32    0.751373
2.34    0.749643
2.36    0.747935
2.38    0.746249
2.4    0.744584
2.42    0.742942
2.44    0.741322
2.46    0.739725
2.48    0.73815
2.5    0.736598
2.52    0.735069
2.54    0.733562
2.56    0.732078
2.58    0.730617
2.6    0.729179
2.62    0.727764
2.64    0.726371
2.66    0.725001
2.68    0.723653
2.7    0.722328
2.72    0.721026
2.74    0.719745
2.76    0.718487
2.78    0.717251
2.8    0.716037
2.82    0.714844
2.84    0.713673
2.86    0.712523
2.88    0.711395
2.9    0.710287
2.92    0.7092
2.94    0.708134
2.96    0.707087
2.98    0.706061
3    0.705055
3.02    0.704069
3.04    0.703101
3.06    0.702153
3.08    0.701224
3.1    0.700313
3.12    0.699421
3.14    0.698547
3.16    0.697691
3.18    0.696852
3.2    0.69603
3.22    0.695226
3.24    0.694439
3.26    0.693668
3.28    0.692913
3.3    0.692174
3.32    0.691451
3.34    0.690743
3.36    0.690051
3.38    0.689374
3.4    0.688711
3.42    0.688063
3.44    0.687429
3.46    0.686808
3.48    0.686202
3.5    0.685609
3.52    0.685029
3.54    0.684462
3.56    0.683907
3.58    0.683365
3.6    0.682836
3.62    0.682318
3.64    0.681812
3.66    0.681317
3.68    0.680834
3.7    0.680362
3.72    0.6799
3.74    0.679449
3.76    0.679009
3.78    0.678578
3.8    0.678158
3.82    0.677747
3.84    0.677346
3.86    0.676954
3.88    0.676572
3.9    0.676198
3.92    0.675833
3.94    0.675477
3.96    0.675129
3.98    0.674789
4    0.674457
4.02    0.674133
4.04    0.673817
4.06    0.673508
4.08    0.673207
4.1    0.672912
4.12    0.672625
4.14    0.672345
4.16    0.672071
4.18    0.671804
4.2    0.671543
4.22    0.671289
4.24    0.671041
4.26    0.670798
4.28    0.670562
4.3    0.670331
4.32    0.670106
4.34    0.669886
4.36    0.669672
4.38    0.669463
4.4    0.669258
4.42    0.669059
4.44    0.668865
4.46    0.668675
4.48    0.66849
4.5    0.66831
4.52    0.668134
4.54    0.667962
4.56    0.667795
4.58    0.667631
4.6    0.667472
4.62    0.667316
4.64    0.667165
4.66    0.667017
4.68    0.666872
4.7    0.666731
4.72    0.666594
4.74    0.66646
4.76    0.66633
4.78    0.666202
4.8    0.666078
4.82    0.665957
4.84    0.665839
4.86    0.665723
4.88    0.665611
4.9    0.665501
4.92    0.665394
4.94    0.66529
4.96    0.665188
4.98    0.665089
