-5    0.976679
-4.98    0.976679
-4.96    0.976679
-4.94    0.976679
-4.92    0.976679
-4.9    0.976679
-4.88    0.976679
-4.86    0.976679
-4.84    0.976679
-4.82    0.976679
-4.8    0.976679
-4.78    0.976679
-4.76    0.976679
-4.74    0.976679
-4.72    0.976679
-4.7    0.976678
-4.68    0.976678
-4.66    0.976678
-4.64    0.976678
-4.62    0.976678
-4.6    0.976678
-4.58    0.976678
-4.56    0.976678
-4.54    0.976678
-4.52    0.976678
-4.5    0.976678
-4.48    0.976678
-4.46    0.976678
-4.44    0.976678
-4.42    0.976678
-4.4    0.976678
-4.38    0.976677
-4.36    0.976677
-4.34    0.976677
-4.32    0.976677
-4.3    0.976677
-4.28    0.976677
-4.26    0.976677
-4.24    0.976677
-4.22    0.976677
-4.2    0.976677
-4.18    0.976676
-4.16    0.976676
-4.14    0.976676
-4.12    0.976676
-4.1    0.976676
-4.08    0.976676
-4.06    0.976676
-4.04    0.976676
-4.02    0.976676
-4    0.976675
-3.98    0.976675
-3.96    0.976675
-3.94    0.976675
-3.92    0.976675
-3.9    0.976675
-3.88    0.976674
-3.86    0.976674
-3.84    0.976674
-3.82    0.976674
-3.8    0.976674
-3.78    0.976674
-3.76    0.976673
-3.74    0.976673
-3.72    0.976673
-3.7    0.976673
-3.68    0.976673
-3.66    0.976672
-3.64    0.976672
-3.62    0.976672
-3.6    0.976672
-3.58    0.976671
-3.56    0.976671
-3.54    0.976671
-3.52    0.976671
-3.5    0.97667
-3.48    0.97667
-3.46    0.97667
-3.44    0.976669
-3.42    0.976669
-3.4    0.976669
-3.38    0.976668
-3.36    0.976668
-3.34    0.976668
-3.32    0.976667
-3.3    0.976667
-3.28    0.976667
-3.26    0.976666
-3.24    0.976666
-3.22    0.976665
-3.2    0.976665
-3.18    0.976664
-3.16    0.976664
-3.14    0.976663
-3.12    0.976663
-3.1    0.976662
-3.08    0.976662
-3.06    0.976661
-3.04    0.976661
-3.02    0.97666
-3    0.97666
-2.98    0.976659
-2.96    0.976659
-2.94    0.976658
-2.92    0.976657
-2.9    0.976657
-2.88    0.976656
-2.86    0.976655
-2.84    0.976654
-2.82    0.976654
-2.8    0.976653
-2.78    0.976652
-2.76    0.976651
-2.74    0.97665
-2.72    0.97665
-2.7    0.976649
-2.68    0.976648
-2.66    0.976647
-2.64    0.976646
-2.62    0.976645
-2.6    0.976644
-2.58    0.976643
-2.56    0.976642
-2.54    0.976641
-2.52    0.976639
-2.5    0.976638
-2.48    0.976637
-2.46    0.976636
-2.44    0.976634
-2.42    0.976633
-2.4    0.976632
-2.38    0.97663
-2.36    0.976629
-2.34    0.976627
-2.32    0.976626
-2.3    0.976624
-2.28    0.976623
-2.26    0.976621
-2.24    0.976619
-2.22    0.976617
-2.2    0.976616
-2.18    0.976614
-2.16    0.976612
-2.14    0.97661
-2.12    0.976608
-2.1    0.976606
-2.08    0.976604
-2.06    0.976601
-2.04    0.976599
-2.02    0.976597
-2    0.976594
-1.98    0.976592
-1.96    0.976589
-1.94    0.976586
-1.92    0.976584
-1.9    0.976581
-1.88    0.976578
-1.86    0.976575
-1.84    0.976572
-1.82    0.976569
-1.8    0.976566
-1.78    0.976562
-1.76    0.976559
-1.74    0.976555
-1.72    0.976552
-1.7    0.976548
-1.68    0.976544
-1.66    0.97654
-1.64    0.976536
-1.62    0.976532
-1.6    0.976528
-1.58    0.976523
-1.56    0.976519
-1.54    0.976514
-1.52    0.976509
-1.5    0.976504
-1.48    0.976499
-1.46    0.976494
-1.44    0.976488
-1.42    0.976483
-1.4    0.976477
-1.38    0.976471
-1.36    0.976465
-1.34    0.976459
-1.32    0.976452
-1.3    0.976445
-1.28    0.976439
-1.26    0.976432
-1.24    0.976424
-1.22    0.976417
-1.2    0.976409
-1.18    0.976401
-1.16    0.976393
-1.14    0.976385
-1.12    0.976376
-1.1    0.976367
-1.08    0.976358
-1.06    0.976349
-1.04    0.976339
-1.02    0.976329
-1    0.976319
-0.98    0.976309
-0.96    0.976298
-0.94    0.976287
-0.92    0.976275
-0.9    0.976263
-0.88    0.976251
-0.86    0.976239
-0.84    0.976226
-0.82    0.976212
-0.8    0.976199
-0.78    0.976185
-0.76    0.97617
-0.74    0.976155
-0.72    0.97614
-0.7    0.976124
-0.68    0.976108
-0.66    0.976091
-0.64    0.976074
-0.62    0.976057
-0.6    0.976038
-0.58    0.97602
-0.56    0.976
-0.54    0.975981
-0.52    0.97596
-0.5    0.975939
-0.48    0.975917
-0.46    0.975895
-0.44    0.975872
-0.42    0.975849
-0.4    0.975824
-0.38    0.975799
-0.36    0.975774
-0.34    0.975747
-0.32    0.97572
-0.3    0.975692
-0.28    0.975663
-0.26    0.975633
-0.24    0.975602
-0.22    0.975571
-0.2    0.975538
-0.18    0.975505
-0.16    0.975471
-0.14    0.975435
-0.12    0.975399
-0.1    0.975361
-0.08    0.975323
-0.06    0.975283
-0.04    0.975242
-0.02    0.9752
-1.80342e-14    0.975157
0.02    0.975112
0.04    0.975066
0.06    0.975019
0.08    0.97497
0.1    0.97492
0.12    0.974869
0.14    0.974816
0.16    0.974761
0.18    0.974705
0.2    0.974647
0.22    0.974588
0.24    0.974527
0.26    0.974464
0.28    0.974399
0.3    0.974332
0.32    0.974264
0.34    0.974193
0.36    0.97412
0.38    0.974046
0.4    0.973969
0.42    0.97389
0.44    0.973808
0.46    0.973725
0.48    0.973639
0.5    0.97355
0.52    0.973459
0.54    0.973365
0.56    0.973269
0.58    0.97317
0.6    0.973068
0.62    0.972964
0.64    0.972856
0.66    0.972746
0.68    0.972632
0.7    0.972515
0.72    0.972395
0.74    0.972272
0.76    0.972145
0.78    0.972015
0.8    0.971881
0.82    0.971744
0.84    0.971603
0.86    0.971458
0.88    0.97131
0.9    0.971157
0.92    0.971001
0.94    0.97084
0.96    0.970676
0.98    0.970507
1    0.970334
1.02    0.970156
1.04    0.969974
1.06    0.969788
1.08    0.969597
1.1    0.969401
1.12    0.969201
1.14    0.968996
1.16    0.968786
1.18    0.968572
1.2    0.968352
1.22    0.968128
1.24    0.967898
1.26    0.967664
1.28    0.967424
1.3    0.96718
1.32    0.96693
1.34    0.966675
1.36    0.966415
1.38    0.96615
1.4    0.96588
1.42    0.965605
1.44    0.965324
1.46    0.965039
1.48    0.964748
1.5    0.964452
1.52    0.964152
1.54    0.963846
1.56    0.963536
1.58    0.963221
1.6    0.962901
1.62    0.962577
1.64    0.962248
1.66    0.961914
1.68    0.961576
1.7    0.961234
1.72    0.960888
1.74    0.960539
1.76    0.960185
1.78    0.959827
1.8    0.959466
1.82    0.959102
1.84    0.958735
1.86    0.958364
1.88    0.957991
1.9    0.957615
1.92    0.957237
1.94    0.956857
1.96    0.956474
1.98    0.95609
2    0.955704
2.02    0.955316
2.04    0.954928
2.06    0.954538
2.08    0.954148
2.1    0.953757
2.12    0.953366
2.14    0.952975
2.16    0.952583
2.18    0.952192
2.2    0.951802
2.22    0.951412
2.24    0.951024
2.26    0.950636
2.28    0.95025
2.3    0.949865
2.32    0.949483
2.34    0.949102
2.36    0.948723
2.38    0.948346
2.4    0.947972
2.42    0.947601
2.44    0.947232
2.46    0.946867
2.48    0.946504
2.5    0.946145
2.52    0.945789
2.54    0.945436
2.56    0.945087
2.58    0.944742
2.6    0.944401
2.62    0.944064
2.64    0.94373
2.66    0.943401
2.68    0.943076
2.7    0.942755
2.72    0.942439
2.74    0.942127
2.76    0.941819
2.78    0.941516
2.8    0.941217
2.82    0.940923
2.84    0.940634
2.86    0.940349
2.88    0.940069
2.9    0.939793
2.92    0.939523
2.94    0.939256
2.96    0.938995
2.98    0.938738
3    0.938486
3.02    0.938238
3.04    0.937995
3.06    0.937756
3.08    0.937522
3.1    0.937293
3.12    0.937068
3.14    0.936847
3.16    0.936631
3.18    0.93642
3.2    0.936212
3.22    0.936009
3.24    0.93581
3.26    0.935616
3.28    0.935425
3.3    0.935239
3.32    0.935056
3.34    0.934878
3.36    0.934704
3.38    0.934533
3.4    0.934366
3.42    0.934203
3.44    0.934044
3.46    0.933888
3.48    0.933736
3.5    0.933587
3.52    0.933442
3.54    0.9333
3.56    0.933162
3.58    0.933027
3.6    0.932895
3.62    0.932766
3.64    0.932641
3.66    0.932518
3.68    0.932398
3.7    0.932282
3.72    0.932168
3.74    0.932057
3.76    0.931948
3.78    0.931843
3.8    0.93174
3.82    0.931639
3.84    0.931541
3.86    0.931446
3.88    0.931353
3.9    0.931262
3.92    0.931173
3.94    0.931087
3.96    0.931003
3.98    0.930922
4    0.930842
4.02    0.930764
4.04    0.930689
4.06    0.930615
4.08    0.930543
4.1    0.930473
4.12    0.930405
4.14    0.930339
4.16    0.930274
4.18    0.930212
4.2    0.93015
4.22    0.930091
4.24    0.930033
4.26    0.929976
4.28    0.929921
4.3    0.929868
4.32    0.929816
4.34    0.929765
4.36    0.929716
4.38    0.929668
4.4    0.929621
4.42    0.929576
4.44    0.929531
4.46    0.929488
4.48    0.929446
4.5    0.929406
4.52    0.929366
4.54    0.929327
4.56    0.92929
4.58    0.929253
4.6    0.929218
4.62    0.929183
4.64    0.92915
4.66    0.929117
4.68    0.929085
4.7    0.929054
4.72    0.929024
4.74    0.928995
4.76    0.928966
4.78    0.928938
4.8    0.928912
4.82    0.928885
4.84    0.92886
4.86    0.928835
4.88    0.928811
4.9    0.928787
4.92    0.928765
4.94    0.928743
4.96    0.928721
4.98    0.9287
