-5    0.964547
-4.98    0.964522
-4.96    0.964496
-4.94    0.96447
-4.92    0.964443
-4.9    0.964416
-4.88    0.964388
-4.86    0.96436
-4.84    0.964331
-4.82    0.964302
-4.8    0.964273
-4.78    0.964243
-4.76    0.964213
-4.74    0.964182
-4.72    0.96415
-4.7    0.964118
-4.68    0.964085
-4.66    0.964052
-4.64    0.964019
-4.62    0.963984
-4.6    0.96395
-4.58    0.963914
-4.56    0.963878
-4.54    0.963842
-4.52    0.963804
-4.5    0.963767
-4.48    0.963728
-4.46    0.963689
-4.44    0.963649
-4.42    0.963609
-4.4    0.963568
-4.38    0.963526
-4.36    0.963484
-4.34    0.963441
-4.32    0.963397
-4.3    0.963352
-4.28    0.963307
-4.26    0.963261
-4.24    0.963214
-4.22    0.963166
-4.2    0.963117
-4.18    0.963068
-4.16    0.963018
-4.14    0.962967
-4.12    0.962915
-4.1    0.962863
-4.08    0.962809
-4.06    0.962755
-4.04    0.9627
-4.02    0.962643
-4    0.962586
-3.98    0.962528
-3.96    0.962469
-3.94    0.962409
-3.92    0.962348
-3.9    0.962286
-3.88    0.962223
-3.86    0.962159
-3.84    0.962094
-3.82    0.962028
-3.8    0.961961
-3.78    0.961892
-3.76    0.961823
-3.74    0.961752
-3.72    0.96168
-3.7    0.961607
-3.68    0.961533
-3.66    0.961458
-3.64    0.961381
-3.62    0.961304
-3.6    0.961225
-3.58    0.961144
-3.56    0.961063
-3.54    0.96098
-3.52    0.960895
-3.5    0.96081
-3.48    0.960723
-3.46    0.960634
-3.44    0.960545
-3.42    0.960453
-3.4    0.96036
-3.38    0.960266
-3.36    0.96017
-3.34    0.960073
-3.32    0.959974
-3.3    0.959874
-3.28    0.959772
-3.26    0.959668
-3.24    0.959563
-3.22    0.959456
-3.2    0.959347
-3.18    0.959237
-3.16    0.959125
-3.14    0.959011
-3.12    0.958895
-3.1    0.958777
-3.08    0.958658
-3.06    0.958537
-3.04    0.958413
-3.02    0.958288
-3    0.958161
-2.98    0.958032
-2.96    0.957901
-2.94    0.957768
-2.92    0.957633
-2.9    0.957495
-2.88    0.957356
-2.86    0.957215
-2.84    0.957071
-2.82    0.956925
-2.8    0.956777
-2.78    0.956627
-2.76    0.956474
-2.74    0.956319
-2.72    0.956162
-2.7    0.956003
-2.68    0.955841
-2.66    0.955677
-2.64    0.95551
-2.62    0.955341
-2.6    0.95517
-2.58    0.954996
-2.56    0.95482
-2.54    0.954641
-2.52    0.95446
-2.5    0.954276
-2.48    0.95409
-2.46    0.953901
-2.44    0.95371
-2.42    0.953517
-2.4    0.95332
-2.38    0.953121
-2.36    0.95292
-2.34    0.952716
-2.32    0.95251
-2.3    0.952301
-2.28    0.95209
-2.26    0.951876
-2.24    0.951659
-2.22    0.951441
-2.2    0.951219
-2.18    0.950995
-2.16    0.950769
-2.14    0.95054
-2.12    0.950309
-2.1    0.950076
-2.08    0.94984
-2.06    0.949602
-2.04    0.949362
-2.02    0.949119
-2    0.948874
-1.98    0.948627
-1.96    0.948378
-1.94    0.948127
-1.92    0.947874
-1.9    0.947618
-1.88    0.947361
-1.86    0.947102
-1.84    0.946841
-1.82    0.946578
-1.8    0.946313
-1.78    0.946047
-1.76    0.945778
-1.74    0.945509
-1.72    0.945237
-1.7    0.944965
-1.68    0.94469
-1.66    0.944415
-1.64    0.944138
-1.62    0.943859
-1.6    0.94358
-1.58    0.943299
-1.56    0.943017
-1.54    0.942734
-1.52    0.94245
-1.5    0.942165
-1.48    0.94188
-1.46    0.941593
-1.44    0.941306
-1.42    0.941017
-1.4    0.940729
-1.38    0.940439
-1.36    0.940149
-1.34    0.939858
-1.32    0.939567
-1.3    0.939275
-1.28    0.938983
-1.26    0.93869
-1.24    0.938397
-1.22    0.938104
-1.2    0.93781
-1.18    0.937516
-1.16    0.937221
-1.14    0.936927
-1.12    0.936631
-1.1    0.936336
-1.08    0.93604
-1.06    0.935744
-1.04    0.935447
-1.02    0.93515
-1    0.934853
-0.98    0.934555
-0.96    0.934256
-0.94    0.933957
-0.92    0.933658
-0.9    0.933357
-0.88    0.933056
-0.86    0.932754
-0.84    0.932451
-0.82    0.932147
-0.8    0.931842
-0.78    0.931535
-0.76    0.931227
-0.74    0.930917
-0.72    0.930606
-0.7    0.930293
-0.68    0.929977
-0.66    0.929659
-0.64    0.929339
-0.62    0.929016
-0.6    0.92869
-0.58    0.928361
-0.56    0.928028
-0.54    0.927691
-0.52    0.927351
-0.5    0.927006
-0.48    0.926656
-0.46    0.926301
-0.44    0.925941
-0.42    0.925574
-0.4    0.925202
-0.38    0.924822
-0.36    0.924436
-0.34    0.924041
-0.32    0.923639
-0.3    0.923228
-0.28    0.922807
-0.26    0.922377
-0.24    0.921936
-0.22    0.921484
-0.2    0.92102
-0.18    0.920543
-0.16    0.920054
-0.14    0.91955
-0.12    0.919032
-0.1    0.918498
-0.08    0.917948
-0.06    0.917381
-0.04    0.916796
-0.02    0.916192
-1.80342e-14    0.915568
0.02    0.914923
0.04    0.914257
0.06    0.913568
0.08    0.912856
0.1    0.912119
0.12    0.911356
0.14    0.910567
0.16    0.909751
0.18    0.908906
0.2    0.908032
0.22    0.907128
0.24    0.906193
0.26    0.905226
0.28    0.904227
0.3    0.903195
0.32    0.902129
0.34    0.901028
0.36    0.899893
0.38    0.898723
0.4    0.897518
0.42    0.896278
0.44    0.895003
0.46    0.893693
0.48    0.892349
0.5    0.890971
0.52    0.88956
0.54    0.888117
0.56    0.886643
0.58    0.88514
0.6    0.883608
0.62    0.88205
0.64    0.880467
0.66    0.878861
0.68    0.877234
0.7    0.875589
0.72    0.873927
0.74    0.872252
0.76    0.870566
0.78    0.868871
0.8    0.86717
0.82    0.865465
0.84    0.86376
0.86    0.862056
0.88    0.860356
0.9    0.858664
0.92    0.85698
0.94    0.855308
0.96    0.853649
0.98    0.852007
1    0.850382
1.02    0.848776
1.04    0.847192
1.06    0.845631
1.08    0.844093
1.1    0.842581
1.12    0.841096
1.14    0.839638
1.16    0.838208
1.18    0.836807
1.2    0.835435
1.22    0.834094
1.24    0.832782
1.26    0.8315
1.28    0.830248
1.3    0.829027
1.32    0.827836
1.34    0.826674
1.36    0.825542
1.38    0.824439
1.4    0.823364
1.42    0.822318
1.44    0.8213
1.46    0.820308
1.48    0.819343
1.5    0.818404
1.52    0.817491
1.54    0.816601
1.56    0.815736
1.58    0.814893
1.6    0.814074
1.62    0.813276
1.64    0.812499
1.66    0.811742
1.68    0.811005
1.7    0.810287
1.72    0.809587
1.74    0.808905
1.76    0.80824
1.78    0.807592
1.8    0.806959
1.82    0.806341
1.84    0.805738
1.86    0.805149
1.88    0.804574
1.9    0.804011
1.92    0.80346
1.94    0.802922
1.96    0.802395
1.98    0.801879
2    0.801373
2.02    0.800878
2.04    0.800392
2.06    0.799915
2.08    0.799447
2.1    0.798988
2.12    0.798537
2.14    0.798094
2.16    0.797658
2.18    0.797229
2.2    0.796807
2.22    0.796392
2.24    0.795983
2.26    0.79558
2.28    0.795183
2.3    0.794791
2.32    0.794405
2.34    0.794024
2.36    0.793648
2.38    0.793277
2.4    0.79291
2.42    0.792547
2.44    0.792189
2.46    0.791835
2.48    0.791485
2.5    0.791138
2.52    0.790795
2.54    0.790455
2.56    0.790119
2.58    0.789786
2.6    0.789456
2.62    0.789129
2.64    0.788805
2.66    0.788483
2.68    0.788164
2.7    0.787848
2.72    0.787535
2.74    0.787224
2.76    0.786915
2.78    0.786608
2.8    0.786304
2.82    0.786002
2.84    0.785702
2.86    0.785403
2.88    0.785107
2.9    0.784813
2.92    0.784521
2.94    0.78423
2.96    0.783941
2.98    0.783654
3    0.783369
3.02    0.783085
3.04    0.782803
3.06    0.782522
3.08    0.782243
3.1    0.781965
3.12    0.781689
3.14    0.781414
3.16    0.781141
3.18    0.780869
3.2    0.780599
3.22    0.780329
3.24    0.780061
3.26    0.779795
3.28    0.779529
3.3    0.779265
3.32    0.779002
3.34    0.778741
3.36    0.77848
3.38    0.778221
3.4    0.777963
3.42    0.777705
3.44    0.77745
3.46    0.777195
3.48    0.776941
3.5    0.776689
3.52    0.776437
3.54    0.776187
3.56    0.775937
3.58    0.775689
3.6    0.775442
3.62    0.775196
3.64    0.77495
3.66    0.774706
3.68    0.774463
3.7    0.774221
3.72    0.77398
3.74    0.77374
3.76    0.7735
3.78    0.773262
3.8    0.773025
3.82    0.772789
3.84    0.772554
3.86    0.772319
3.88    0.772086
3.9    0.771853
3.92    0.771622
3.94    0.771391
3.96    0.771162
3.98    0.770933
4    0.770706
4.02    0.770479
4.04    0.770253
4.06    0.770028
4.08    0.769804
4.1    0.769581
4.12    0.769359
4.14    0.769137
4.16    0.768917
4.18    0.768698
4.2    0.768479
4.22    0.768261
4.24    0.768045
4.26    0.767829
4.28    0.767614
4.3    0.7674
4.32    0.767186
4.34    0.766974
4.36    0.766763
4.38    0.766552
4.4    0.766342
4.42    0.766134
4.44    0.765926
4.46    0.765719
4.48    0.765513
4.5    0.765307
4.52    0.765103
4.54    0.764899
4.56    0.764697
4.58    0.764495
4.6    0.764294
4.62    0.764094
4.64    0.763895
4.66    0.763696
4.68    0.763499
4.7    0.763302
4.72    0.763106
4.74    0.762912
4.76    0.762717
4.78    0.762524
4.8    0.762332
4.82    0.76214
4.84    0.76195
4.86    0.76176
4.88    0.761571
4.9    0.761383
4.92    0.761195
4.94    0.761009
4.96    0.760823
4.98    0.760639
