-5    0.818924
-4.98    0.818717
-4.96    0.818513
-4.94    0.818312
-4.92    0.818114
-4.9    0.817918
-4.88    0.817724
-4.86    0.817533
-4.84    0.817345
-4.82    0.817159
-4.8    0.816976
-4.78    0.816795
-4.76    0.816616
-4.74    0.81644
-4.72    0.816266
-4.7    0.816095
-4.68    0.815925
-4.66    0.815758
-4.64    0.815593
-4.62    0.815431
-4.6    0.81527
-4.58    0.815112
-4.56    0.814956
-4.54    0.814801
-4.52    0.814649
-4.5    0.814499
-4.48    0.814351
-4.46    0.814205
-4.44    0.814061
-4.42    0.813919
-4.4    0.813779
-4.38    0.813641
-4.36    0.813504
-4.34    0.813369
-4.32    0.813237
-4.3    0.813106
-4.28    0.812976
-4.26    0.812849
-4.24    0.812723
-4.22    0.812599
-4.2    0.812476
-4.18    0.812356
-4.16    0.812237
-4.14    0.812119
-4.12    0.812003
-4.1    0.811889
-4.08    0.811776
-4.06    0.811665
-4.04    0.811555
-4.02    0.811447
-4    0.81134
-3.98    0.811235
-3.96    0.811131
-3.94    0.811028
-3.92    0.810927
-3.9    0.810828
-3.88    0.810729
-3.86    0.810632
-3.84    0.810537
-3.82    0.810442
-3.8    0.810349
-3.78    0.810258
-3.76    0.810167
-3.74    0.810078
-3.72    0.80999
-3.7    0.809903
-3.68    0.809817
-3.66    0.809733
-3.64    0.80965
-3.62    0.809568
-3.6    0.809486
-3.58    0.809407
-3.56    0.809328
-3.54    0.80925
-3.52    0.809173
-3.5    0.809098
-3.48    0.809023
-3.46    0.80895
-3.44    0.808877
-3.42    0.808806
-3.4    0.808735
-3.38    0.808666
-3.36    0.808597
-3.34    0.808529
-3.32    0.808463
-3.3    0.808397
-3.28    0.808332
-3.26    0.808268
-3.24    0.808205
-3.22    0.808143
-3.2    0.808081
-3.18    0.808021
-3.16    0.807961
-3.14    0.807902
-3.12    0.807844
-3.1    0.807787
-3.08    0.807731
-3.06    0.807675
-3.04    0.80762
-3.02    0.807566
-3    0.807513
-2.98    0.80746
-2.96    0.807408
-2.94    0.807357
-2.92    0.807307
-2.9    0.807257
-2.88    0.807208
-2.86    0.807159
-2.84    0.807112
-2.82    0.807065
-2.8    0.807018
-2.78    0.806972
-2.76    0.806927
-2.74    0.806883
-2.72    0.806839
-2.7    0.806796
-2.68    0.806753
-2.66    0.806711
-2.64    0.806669
-2.62    0.806628
-2.6    0.806588
-2.58    0.806548
-2.56    0.806509
-2.54    0.80647
-2.52    0.806432
-2.5    0.806394
-2.48    0.806357
-2.46    0.806321
-2.44    0.806285
-2.42    0.806249
-2.4    0.806214
-2.38    0.806179
-2.36    0.806145
-2.34    0.806111
-2.32    0.806078
-2.3    0.806045
-2.28    0.806013
-2.26    0.805981
-2.24    0.805949
-2.22    0.805918
-2.2    0.805887
-2.18    0.805857
-2.16    0.805827
-2.14    0.805798
-2.12    0.805769
-2.1    0.80574
-2.08    0.805712
-2.06    0.805684
-2.04    0.805656
-2.02    0.805629
-2    0.805602
-1.98    0.805575
-1.96    0.805549
-1.94    0.805523
-1.92    0.805498
-1.9    0.805472
-1.88    0.805448
-1.86    0.805423
-1.84    0.805399
-1.82    0.805374
-1.8    0.805351
-1.78    0.805327
-1.76    0.805304
-1.74    0.805281
-1.72    0.805258
-1.7    0.805236
-1.68    0.805214
-1.66    0.805192
-1.64    0.805171
-1.62    0.805149
-1.6    0.805128
-1.58    0.805108
-1.56    0.805087
-1.54    0.805067
-1.52    0.805047
-1.5    0.805028
-1.48    0.805008
-1.46    0.80499
-1.44    0.804971
-1.42    0.804953
-1.4    0.804936
-1.38    0.804919
-1.36    0.804903
-1.34    0.804887
-1.32    0.804872
-1.3    0.804858
-1.28    0.804846
-1.26    0.804834
-1.24    0.804823
-1.22    0.804814
-1.2    0.804807
-1.18    0.804802
-1.16    0.804799
-1.14    0.804799
-1.12    0.804802
-1.1    0.804809
-1.08    0.80482
-1.06    0.804835
-1.04    0.804856
-1.02    0.804884
-1    0.804919
-0.98    0.804963
-0.96    0.805016
-0.94    0.805081
-0.92    0.80516
-0.9    0.805253
-0.88    0.805364
-0.86    0.805495
-0.84    0.805649
-0.82    0.80583
-0.8    0.806041
-0.78    0.806286
-0.76    0.806571
-0.74    0.806901
-0.72    0.807282
-0.7    0.807721
-0.68    0.808226
-0.66    0.808804
-0.64    0.809464
-0.62    0.810216
-0.6    0.81107
-0.58    0.812037
-0.56    0.813127
-0.54    0.81435
-0.52    0.815718
-0.5    0.817239
-0.48    0.818921
-0.46    0.820771
-0.44    0.822791
-0.42    0.824982
-0.4    0.827339
-0.38    0.829855
-0.36    0.832515
-0.34    0.835302
-0.32    0.838193
-0.3    0.84116
-0.28    0.844173
-0.26    0.847198
-0.24    0.850203
-0.22    0.853155
-0.2    0.856021
-0.18    0.858774
-0.16    0.861391
-0.14    0.863851
-0.12    0.866142
-0.1    0.868252
-0.08    0.870177
-0.06    0.871916
-0.04    0.873471
-0.02    0.874848
-1.80342e-14    0.876053
0.02    0.877095
0.04    0.877983
0.06    0.878726
0.08    0.879335
0.1    0.879817
0.12    0.880183
0.14    0.88044
0.16    0.880596
0.18    0.880657
0.2    0.88063
0.22    0.880519
0.24    0.880328
0.26    0.880061
0.28    0.879721
0.3    0.87931
0.32    0.87883
0.34    0.87828
0.36    0.877662
0.38    0.876974
0.4    0.876217
0.42    0.875389
0.44    0.874488
0.46    0.873513
0.48    0.87246
0.5    0.871328
0.52    0.870111
0.54    0.868808
0.56    0.867414
0.58    0.865925
0.6    0.864337
0.62    0.862644
0.64    0.860841
0.66    0.858925
0.68    0.856888
0.7    0.854725
0.72    0.852431
0.74    0.85
0.76    0.847426
0.78    0.844702
0.8    0.841822
0.82    0.838782
0.84    0.835575
0.86    0.832195
0.88    0.828637
0.9    0.824896
0.92    0.820969
0.94    0.816849
0.96    0.812535
0.98    0.808023
1    0.803311
1.02    0.798398
1.04    0.793282
1.06    0.787965
1.08    0.782447
1.1    0.776731
1.12    0.770819
1.14    0.764715
1.16    0.758424
1.18    0.751952
1.2    0.745304
1.22    0.738488
1.24    0.731511
1.26    0.724383
1.28    0.717111
1.3    0.709705
1.32    0.702174
1.34    0.694529
1.36    0.686779
1.38    0.678934
1.4    0.671006
1.42    0.663003
1.44    0.654937
1.46    0.646818
1.48    0.638656
1.5    0.630461
1.52    0.622244
1.54    0.614014
1.56    0.605781
1.58    0.597555
1.6    0.589345
1.62    0.581163
1.64    0.573016
1.66    0.564915
1.68    0.55687
1.7    0.548889
1.72    0.540982
1.74    0.533159
1.76    0.52543
1.78    0.517803
1.8    0.510289
1.82    0.502896
1.84    0.495635
1.86    0.488514
1.88    0.481542
1.9    0.474728
1.92    0.468081
1.94    0.461606
1.96    0.455313
1.98    0.449206
2    0.443292
2.02    0.437575
2.04    0.432059
2.06    0.426746
2.08    0.421639
2.1    0.416737
2.12    0.412041
2.14    0.407548
2.16    0.403258
2.18    0.399167
2.2    0.395272
2.22    0.391567
2.24    0.388049
2.26    0.384711
2.28    0.381548
2.3    0.378553
2.32    0.375721
2.34    0.373044
2.36    0.370517
2.38    0.368132
2.4    0.365882
2.42    0.363762
2.44    0.361765
2.46    0.359884
2.48    0.358114
2.5    0.356448
2.52    0.354881
2.54    0.353408
2.56    0.352022
2.58    0.35072
2.6    0.349495
2.62    0.348345
2.64    0.347264
2.66    0.346248
2.68    0.345294
2.7    0.344397
2.72    0.343555
2.74    0.342764
2.76    0.342021
2.78    0.341323
2.8    0.340667
2.82    0.340051
2.84    0.339472
2.86    0.338929
2.88    0.338418
2.9    0.337938
2.92    0.337487
2.94    0.337064
2.96    0.336666
2.98    0.336292
3    0.335941
3.02    0.335611
3.04    0.335301
3.06    0.335009
3.08    0.334735
3.1    0.334478
3.12    0.334236
3.14    0.334009
3.16    0.333795
3.18    0.333594
3.2    0.333406
3.22    0.333228
3.24    0.333062
3.26    0.332905
3.28    0.332757
3.3    0.332619
3.32    0.332489
3.34    0.332366
3.36    0.332251
3.38    0.332143
3.4    0.332041
3.42    0.331946
3.44    0.331856
3.46    0.331771
3.48    0.331692
3.5    0.331617
3.52    0.331547
3.54    0.331481
3.56    0.331419
3.58    0.33136
3.6    0.331305
3.62    0.331254
3.64    0.331205
3.66    0.331159
3.68    0.331117
3.7    0.331076
3.72    0.331038
3.74    0.331002
3.76    0.330969
3.78    0.330937
3.8    0.330908
3.82    0.33088
3.84    0.330853
3.86    0.330829
3.88    0.330805
3.9    0.330784
3.92    0.330763
3.94    0.330744
3.96    0.330726
3.98    0.330708
4    0.330692
4.02    0.330677
4.04    0.330663
4.06    0.33065
4.08    0.330637
4.1    0.330625
4.12    0.330614
4.14    0.330604
4.16    0.330594
4.18    0.330585
4.2    0.330576
4.22    0.330568
4.24    0.33056
4.26    0.330553
4.28    0.330546
4.3    0.330539
4.32    0.330533
4.34    0.330528
4.36    0.330522
4.38    0.330517
4.4    0.330513
4.42    0.330508
4.44    0.330504
4.46    0.3305
4.48    0.330496
4.5    0.330493
4.52    0.33049
4.54    0.330487
4.56    0.330484
4.58    0.330481
4.6    0.330478
4.62    0.330476
4.64    0.330474
4.66    0.330472
4.68    0.33047
4.7    0.330468
4.72    0.330466
4.74    0.330464
4.76    0.330463
4.78    0.330461
4.8    0.33046
4.82    0.330458
4.84    0.330457
4.86    0.330456
4.88    0.330455
4.9    0.330454
4.92    0.330453
4.94    0.330452
4.96    0.330451
4.98    0.33045
