-5    0.855571
-4.98    0.855569
-4.96    0.855567
-4.94    0.855565
-4.92    0.855563
-4.9    0.855561
-4.88    0.855558
-4.86    0.855556
-4.84    0.855553
-4.82    0.855551
-4.8    0.855548
-4.78    0.855546
-4.76    0.855543
-4.74    0.85554
-4.72    0.855537
-4.7    0.855534
-4.68    0.855531
-4.66    0.855527
-4.64    0.855524
-4.62    0.85552
-4.6    0.855517
-4.58    0.855513
-4.56    0.855509
-4.54    0.855505
-4.52    0.855501
-4.5    0.855497
-4.48    0.855492
-4.46    0.855488
-4.44    0.855483
-4.42    0.855478
-4.4    0.855473
-4.38    0.855468
-4.36    0.855463
-4.34    0.855457
-4.32    0.855452
-4.3    0.855446
-4.28    0.85544
-4.26    0.855433
-4.24    0.855427
-4.22    0.85542
-4.2    0.855413
-4.18    0.855406
-4.16    0.855399
-4.14    0.855391
-4.12    0.855383
-4.1    0.855375
-4.08    0.855367
-4.06    0.855358
-4.04    0.855349
-4.02    0.85534
-4    0.85533
-3.98    0.855321
-3.96    0.85531
-3.94    0.8553
-3.92    0.855289
-3.9    0.855278
-3.88    0.855266
-3.86    0.855254
-3.84    0.855242
-3.82    0.855229
-3.8    0.855216
-3.78    0.855203
-3.76    0.855189
-3.74    0.855174
-3.72    0.855159
-3.7    0.855144
-3.68    0.855128
-3.66    0.855111
-3.64    0.855094
-3.62    0.855077
-3.6    0.855059
-3.58    0.85504
-3.56    0.855021
-3.54    0.855001
-3.52    0.854981
-3.5    0.854959
-3.48    0.854937
-3.46    0.854915
-3.44    0.854892
-3.42    0.854868
-3.4    0.854843
-3.38    0.854817
-3.36    0.854791
-3.34    0.854764
-3.32    0.854735
-3.3    0.854706
-3.28    0.854676
-3.26    0.854646
-3.24    0.854614
-3.22    0.854581
-3.2    0.854547
-3.18    0.854512
-3.16    0.854476
-3.14    0.854439
-3.12    0.8544
-3.1    0.854361
-3.08    0.85432
-3.06    0.854278
-3.04    0.854234
-3.02    0.85419
-3    0.854143
-2.98    0.854096
-2.96    0.854047
-2.94    0.853996
-2.92    0.853944
-2.9    0.853891
-2.88    0.853835
-2.86    0.853778
-2.84    0.853719
-2.82    0.853659
-2.8    0.853596
-2.78    0.853532
-2.76    0.853466
-2.74    0.853398
-2.72    0.853328
-2.7    0.853255
-2.68    0.853181
-2.66    0.853104
-2.64    0.853026
-2.62    0.852944
-2.6    0.852861
-2.58    0.852775
-2.56    0.852686
-2.54    0.852595
-2.52    0.852502
-2.5    0.852405
-2.48    0.852306
-2.46    0.852205
-2.44    0.8521
-2.42    0.851992
-2.4    0.851882
-2.38    0.851768
-2.36    0.851652
-2.34    0.851532
-2.32    0.851408
-2.3    0.851282
-2.28    0.851152
-2.26    0.851019
-2.24    0.850882
-2.22    0.850742
-2.2    0.850598
-2.18    0.85045
-2.16    0.850299
-2.14    0.850144
-2.12    0.849984
-2.1    0.849821
-2.08    0.849654
-2.06    0.849483
-2.04    0.849308
-2.02    0.849129
-2    0.848946
-1.98    0.848758
-1.96    0.848566
-1.94    0.84837
-1.92    0.848169
-1.9    0.847964
-1.88    0.847754
-1.86    0.84754
-1.84    0.847322
-1.82    0.847099
-1.8    0.846872
-1.78    0.84664
-1.76    0.846403
-1.74    0.846162
-1.72    0.845917
-1.7    0.845667
-1.68    0.845412
-1.66    0.845153
-1.64    0.844889
-1.62    0.844622
-1.6    0.844349
-1.58    0.844073
-1.56    0.843792
-1.54    0.843507
-1.52    0.843217
-1.5    0.842924
-1.48    0.842627
-1.46    0.842325
-1.44    0.84202
-1.42    0.841711
-1.4    0.841399
-1.38    0.841083
-1.36    0.840763
-1.34    0.840441
-1.32    0.840115
-1.3    0.839786
-1.28    0.839454
-1.26    0.83912
-1.24    0.838783
-1.22    0.838444
-1.2    0.838102
-1.18    0.837759
-1.16    0.837413
-1.14    0.837066
-1.12    0.836717
-1.1    0.836367
-1.08    0.836016
-1.06    0.835664
-1.04    0.835311
-1.02    0.834958
-1    0.834604
-0.98    0.83425
-0.96    0.833896
-0.94    0.833542
-0.92    0.833189
-0.9    0.832836
-0.88    0.832484
-0.86    0.832134
-0.84    0.831784
-0.82    0.831436
-0.8    0.831089
-0.78    0.830744
-0.76    0.830401
-0.74    0.83006
-0.72    0.829722
-0.7    0.829385
-0.68    0.829052
-0.66    0.828721
-0.64    0.828393
-0.62    0.828068
-0.6    0.827746
-0.58    0.827428
-0.56    0.827113
-0.54    0.826801
-0.52    0.826493
-0.5    0.826189
-0.48    0.825889
-0.46    0.825592
-0.44    0.8253
-0.42    0.825012
-0.4    0.824728
-0.38    0.824448
-0.36    0.824172
-0.34    0.823901
-0.32    0.823634
-0.3    0.823371
-0.28    0.823113
-0.26    0.822859
-0.24    0.82261
-0.22    0.822366
-0.2    0.822125
-0.18    0.82189
-0.16    0.821659
-0.14    0.821432
-0.12    0.82121
-0.1    0.820992
-0.08    0.820779
-0.06    0.82057
-0.04    0.820366
-0.02    0.820165
-1.80342e-14    0.81997
0.02    0.819778
0.04    0.819591
0.06    0.819408
0.08    0.819229
0.1    0.819055
0.12    0.818884
0.14    0.818717
0.16    0.818555
0.18    0.818396
0.2    0.818241
0.22    0.81809
0.24    0.817943
0.26    0.817799
0.28    0.817659
0.3    0.817522
0.32    0.817389
0.34    0.81726
0.36    0.817133
0.38    0.81701
0.4    0.816891
0.42    0.816774
0.44    0.81666
0.46    0.81655
0.48    0.816442
0.5    0.816338
0.52    0.816236
0.54    0.816137
0.56    0.816041
0.58    0.815947
0.6    0.815856
0.62    0.815768
0.64    0.815682
0.66    0.815598
0.68    0.815517
0.7    0.815438
0.72    0.815362
0.74    0.815287
0.76    0.815215
0.78    0.815145
0.8    0.815076
0.82    0.81501
0.84    0.814946
0.86    0.814884
0.88    0.814823
0.9    0.814764
0.92    0.814707
0.94    0.814652
0.96    0.814598
0.98    0.814546
1    0.814495
1.02    0.814446
1.04    0.814398
1.06    0.814352
1.08    0.814307
1.1    0.814264
1.12    0.814222
1.14    0.814181
1.16    0.814141
1.18    0.814103
1.2    0.814065
1.22    0.814029
1.24    0.813994
1.26    0.81396
1.28    0.813927
1.3    0.813895
1.32    0.813864
1.34    0.813834
1.36    0.813805
1.38    0.813777
1.4    0.81375
1.42    0.813723
1.44    0.813698
1.46    0.813673
1.48    0.813649
1.5    0.813625
1.52    0.813603
1.54    0.813581
1.56    0.81356
1.58    0.813539
1.6    0.813519
1.62    0.8135
1.64    0.813481
1.66    0.813463
1.68    0.813445
1.7    0.813428
1.72    0.813412
1.74    0.813396
1.76    0.81338
1.78    0.813365
1.8    0.813351
1.82    0.813337
1.84    0.813323
1.86    0.81331
1.88    0.813297
1.9    0.813285
1.92    0.813273
1.94    0.813261
1.96    0.81325
1.98    0.813239
2    0.813229
2.02    0.813219
2.04    0.813209
2.06    0.813199
2.08    0.81319
2.1    0.813181
2.12    0.813172
2.14    0.813164
2.16    0.813156
2.18    0.813148
2.2    0.81314
2.22    0.813133
2.24    0.813126
2.26    0.813119
2.28    0.813112
2.3    0.813105
2.32    0.813099
2.34    0.813093
2.36    0.813087
2.38    0.813081
2.4    0.813076
2.42    0.81307
2.44    0.813065
2.46    0.81306
2.48    0.813055
2.5    0.813051
2.52    0.813046
2.54    0.813042
2.56    0.813037
2.58    0.813033
2.6    0.813029
2.62    0.813025
2.64    0.813022
2.66    0.813018
2.68    0.813015
2.7    0.813011
2.72    0.813008
2.74    0.813005
2.76    0.813002
2.78    0.812999
2.8    0.812996
2.82    0.812993
2.84    0.81299
2.86    0.812988
2.88    0.812985
2.9    0.812983
2.92    0.81298
2.94    0.812978
2.96    0.812976
2.98    0.812973
3    0.812971
3.02    0.812969
3.04    0.812967
3.06    0.812965
3.08    0.812964
3.1    0.812962
3.12    0.81296
3.14    0.812958
3.16    0.812957
3.18    0.812955
3.2    0.812954
3.22    0.812952
3.24    0.812951
3.26    0.81295
3.28    0.812948
3.3    0.812947
3.32    0.812946
3.34    0.812944
3.36    0.812943
3.38    0.812942
3.4    0.812941
3.42    0.81294
3.44    0.812939
3.46    0.812938
3.48    0.812937
3.5    0.812936
3.52    0.812935
3.54    0.812934
3.56    0.812933
3.58    0.812933
3.6    0.812932
3.62    0.812931
3.64    0.81293
3.66    0.81293
3.68    0.812929
3.7    0.812928
3.72    0.812928
3.74    0.812927
3.76    0.812926
3.78    0.812926
3.8    0.812925
3.82    0.812925
3.84    0.812924
3.86    0.812924
3.88    0.812923
3.9    0.812923
3.92    0.812922
3.94    0.812922
3.96    0.812921
3.98    0.812921
4    0.81292
4.02    0.81292
4.04    0.81292
4.06    0.812919
4.08    0.812919
4.1    0.812919
4.12    0.812918
4.14    0.812918
4.16    0.812918
4.18    0.812917
4.2    0.812917
4.22    0.812917
4.24    0.812916
4.26    0.812916
4.28    0.812916
4.3    0.812916
4.32    0.812915
4.34    0.812915
4.36    0.812915
4.38    0.812915
4.4    0.812914
4.42    0.812914
4.44    0.812914
4.46    0.812914
4.48    0.812914
4.5    0.812913
4.52    0.812913
4.54    0.812913
4.56    0.812913
4.58    0.812913
4.6    0.812913
4.62    0.812913
4.64    0.812912
4.66    0.812912
4.68    0.812912
4.7    0.812912
4.72    0.812912
4.74    0.812912
4.76    0.812912
4.78    0.812911
4.8    0.812911
4.82    0.812911
4.84    0.812911
4.86    0.812911
4.88    0.812911
4.9    0.812911
4.92    0.812911
4.94    0.812911
4.96    0.812911
4.98    0.812911
