-5    0.0039756
-4.98    0.00397563
-4.96    0.00397566
-4.94    0.00397569
-4.92    0.00397572
-4.9    0.00397575
-4.88    0.00397579
-4.86    0.00397582
-4.84    0.00397586
-4.82    0.0039759
-4.8    0.00397593
-4.78    0.00397597
-4.76    0.00397602
-4.74    0.00397606
-4.72    0.00397611
-4.7    0.00397615
-4.68    0.0039762
-4.66    0.00397625
-4.64    0.0039763
-4.62    0.00397636
-4.6    0.00397642
-4.58    0.00397648
-4.56    0.00397654
-4.54    0.0039766
-4.52    0.00397667
-4.5    0.00397674
-4.48    0.00397681
-4.46    0.00397688
-4.44    0.00397696
-4.42    0.00397704
-4.4    0.00397712
-4.38    0.00397721
-4.36    0.0039773
-4.34    0.00397739
-4.32    0.00397749
-4.3    0.00397759
-4.28    0.00397769
-4.26    0.0039778
-4.24    0.00397792
-4.22    0.00397803
-4.2    0.00397816
-4.18    0.00397828
-4.16    0.00397841
-4.14    0.00397855
-4.12    0.00397869
-4.1    0.00397884
-4.08    0.003979
-4.06    0.00397915
-4.04    0.00397932
-4.02    0.00397949
-4    0.00397967
-3.98    0.00397986
-3.96    0.00398005
-3.94    0.00398025
-3.92    0.00398046
-3.9    0.00398068
-3.88    0.00398091
-3.86    0.00398114
-3.84    0.00398138
-3.82    0.00398164
-3.8    0.0039819
-3.78    0.00398217
-3.76    0.00398246
-3.74    0.00398275
-3.72    0.00398306
-3.7    0.00398338
-3.68    0.00398371
-3.66    0.00398406
-3.64    0.00398442
-3.62    0.00398479
-3.6    0.00398518
-3.58    0.00398558
-3.56    0.003986
-3.54    0.00398644
-3.52    0.00398689
-3.5    0.00398736
-3.48    0.00398785
-3.46    0.00398836
-3.44    0.00398889
-3.42    0.00398943
-3.4    0.00399001
-3.38    0.0039906
-3.36    0.00399122
-3.34    0.00399186
-3.32    0.00399253
-3.3    0.00399322
-3.28    0.00399394
-3.26    0.00399469
-3.24    0.00399547
-3.22    0.00399628
-3.2    0.00399712
-3.18    0.003998
-3.16    0.00399891
-3.14    0.00399986
-3.12    0.00400084
-3.1    0.00400187
-3.08    0.00400293
-3.06    0.00400404
-3.04    0.00400519
-3.02    0.00400639
-3    0.00400763
-2.98    0.00400893
-2.96    0.00401027
-2.94    0.00401167
-2.92    0.00401313
-2.9    0.00401464
-2.88    0.00401621
-2.86    0.00401785
-2.84    0.00401955
-2.82    0.00402132
-2.8    0.00402316
-2.78    0.00402507
-2.76    0.00402706
-2.74    0.00402913
-2.72    0.00403129
-2.7    0.00403352
-2.68    0.00403585
-2.66    0.00403827
-2.64    0.00404079
-2.62    0.00404341
-2.6    0.00404613
-2.58    0.00404896
-2.56    0.00405191
-2.54    0.00405497
-2.52    0.00405816
-2.5    0.00406147
-2.48    0.00406492
-2.46    0.0040685
-2.44    0.00407223
-2.42    0.00407611
-2.4    0.00408014
-2.38    0.00408433
-2.36    0.0040887
-2.34    0.00409324
-2.32    0.00409796
-2.3    0.00410287
-2.28    0.00410797
-2.26    0.00411329
-2.24    0.00411881
-2.22    0.00412456
-2.2    0.00413054
-2.18    0.00413677
-2.16    0.00414324
-2.14    0.00414997
-2.12    0.00415698
-2.1    0.00416426
-2.08    0.00417184
-2.06    0.00417973
-2.04    0.00418794
-2.02    0.00419647
-2    0.00420536
-1.98    0.0042146
-1.96    0.00422421
-1.94    0.00423422
-1.92    0.00424463
-1.9    0.00425546
-1.88    0.00426673
-1.86    0.00427847
-1.84    0.00429067
-1.82    0.00430338
-1.8    0.0043166
-1.78    0.00433036
-1.76    0.00434468
-1.74    0.00435958
-1.72    0.0043751
-1.7    0.00439125
-1.68    0.00440806
-1.66    0.00442556
-1.64    0.00444378
-1.62    0.00446275
-1.6    0.0044825
-1.58    0.00450306
-1.56    0.00452447
-1.54    0.00454677
-1.52    0.00456999
-1.5    0.00459417
-1.48    0.00461936
-1.46    0.00464559
-1.44    0.00467292
-1.42    0.00470139
-1.4    0.00473105
-1.38    0.00476195
-1.36    0.00479416
-1.34    0.00482771
-1.32    0.00486269
-1.3    0.00489914
-1.28    0.00493714
-1.26    0.00497675
-1.24    0.00501805
-1.22    0.00506112
-1.2    0.00510602
-1.18    0.00515286
-1.16    0.00520171
-1.14    0.00525266
-1.12    0.00530582
-1.1    0.00536129
-1.08    0.00541917
-1.06    0.00547958
-1.04    0.00554263
-1.02    0.00560845
-1    0.00567716
-0.98    0.00574891
-0.96    0.00582383
-0.94    0.00590208
-0.92    0.00598381
-0.9    0.00606919
-0.88    0.0061584
-0.86    0.0062516
-0.84    0.00634899
-0.82    0.00645078
-0.8    0.00655717
-0.78    0.00666838
-0.76    0.00678464
-0.74    0.00690618
-0.72    0.00703326
-0.7    0.00716614
-0.68    0.00730509
-0.66    0.0074504
-0.64    0.00760235
-0.62    0.00776127
-0.6    0.00792746
-0.58    0.00810126
-0.56    0.00828302
-0.54    0.00847309
-0.52    0.00867185
-0.5    0.00887967
-0.48    0.00909694
-0.46    0.00932408
-0.44    0.00956149
-0.42    0.0098096
-0.4    0.0100688
-0.38    0.0103397
-0.36    0.0106225
-0.34    0.0109179
-0.32    0.0112261
-0.3    0.0115478
-0.28    0.0118834
-0.26    0.0122333
-0.24    0.0125979
-0.22    0.0129779
-0.2    0.0133735
-0.18    0.0137852
-0.16    0.0142135
-0.14    0.0146587
-0.12    0.0151213
-0.1    0.0156015
-0.08    0.0160998
-0.06    0.0166163
-0.04    0.0171515
-0.02    0.0177054
-1.80342e-14    0.0182783
0.02    0.0188703
0.04    0.0194814
0.06    0.0201118
0.08    0.0207614
0.1    0.02143
0.12    0.0221176
0.14    0.0228239
0.16    0.0235487
0.18    0.0242915
0.2    0.0250521
0.22    0.0258298
0.24    0.0266242
0.26    0.0274346
0.28    0.0282603
0.3    0.0291006
0.32    0.0299547
0.34    0.0308217
0.36    0.0317007
0.38    0.0325907
0.4    0.0334906
0.42    0.0343995
0.44    0.0353163
0.46    0.0362397
0.48    0.0371687
0.5    0.038102
0.52    0.0390386
0.54    0.0399771
0.56    0.0409165
0.58    0.0418556
0.6    0.0427931
0.62    0.0437279
0.64    0.044659
0.66    0.0455851
0.68    0.0465053
0.7    0.0474184
0.72    0.0483236
0.74    0.0492199
0.76    0.0501063
0.78    0.0509821
0.8    0.0518464
0.82    0.0526985
0.84    0.0535377
0.86    0.0543634
0.88    0.055175
0.9    0.055972
0.92    0.0567539
0.94    0.0575203
0.96    0.0582709
0.98    0.0590054
1    0.0597235
1.02    0.060425
1.04    0.0611098
1.06    0.0617778
1.08    0.0624288
1.1    0.063063
1.12    0.0636802
1.14    0.0642806
1.16    0.0648643
1.18    0.0654313
1.2    0.0659818
1.22    0.066516
1.24    0.0670341
1.26    0.0675363
1.28    0.0680229
1.3    0.068494
1.32    0.0689501
1.34    0.0693912
1.36    0.0698179
1.38    0.0702303
1.4    0.0706289
1.42    0.0710138
1.44    0.0713855
1.46    0.0717442
1.48    0.0720904
1.5    0.0724243
1.52    0.0727463
1.54    0.0730567
1.56    0.0733558
1.58    0.073644
1.6    0.0739217
1.62    0.0741891
1.64    0.0744465
1.66    0.0746943
1.68    0.0749328
1.7    0.0751623
1.72    0.075383
1.74    0.0755954
1.76    0.0757996
1.78    0.075996
1.8    0.0761847
1.82    0.0763662
1.84    0.0765406
1.86    0.0767082
1.88    0.0768693
1.9    0.077024
1.92    0.0771726
1.94    0.0773154
1.96    0.0774525
1.98    0.0775842
2    0.0777106
2.02    0.077832
2.04    0.0779486
2.06    0.0780605
2.08    0.0781679
2.1    0.078271
2.12    0.07837
2.14    0.078465
2.16    0.0785561
2.18    0.0786436
2.2    0.0787275
2.22    0.078808
2.24    0.0788853
2.26    0.0789594
2.28    0.0790305
2.3    0.0790988
2.32    0.0791642
2.34    0.079227
2.36    0.0792872
2.38    0.079345
2.4    0.0794004
2.42    0.0794535
2.44    0.0795045
2.46    0.0795533
2.48    0.0796002
2.5    0.0796452
2.52    0.0796883
2.54    0.0797296
2.56    0.0797692
2.58    0.0798072
2.6    0.0798437
2.62    0.0798786
2.64    0.0799121
2.66    0.0799443
2.68    0.0799751
2.7    0.0800046
2.72    0.0800329
2.74    0.0800601
2.76    0.0800861
2.78    0.0801111
2.8    0.080135
2.82    0.0801579
2.84    0.0801799
2.86    0.080201
2.88    0.0802212
2.9    0.0802406
2.92    0.0802592
2.94    0.080277
2.96    0.0802941
2.98    0.0803105
3    0.0803262
3.02    0.0803412
3.04    0.0803556
3.06    0.0803694
3.08    0.0803827
3.1    0.0803954
3.12    0.0804076
3.14    0.0804193
3.16    0.0804305
3.18    0.0804412
3.2    0.0804515
3.22    0.0804613
3.24    0.0804708
3.26    0.0804798
3.28    0.0804885
3.3    0.0804969
3.32    0.0805048
3.34    0.0805125
3.36    0.0805198
3.38    0.0805268
3.4    0.0805336
3.42    0.08054
3.44    0.0805462
3.46    0.0805522
3.48    0.0805579
3.5    0.0805633
3.52    0.0805686
3.54    0.0805736
3.56    0.0805784
3.58    0.080583
3.6    0.0805874
3.62    0.0805916
3.64    0.0805957
3.66    0.0805996
3.68    0.0806033
3.7    0.0806069
3.72    0.0806103
3.74    0.0806136
3.76    0.0806167
3.78    0.0806198
3.8    0.0806227
3.82    0.0806254
3.84    0.0806281
3.86    0.0806306
3.88    0.0806331
3.9    0.0806354
3.92    0.0806377
3.94    0.0806398
3.96    0.0806419
3.98    0.0806439
4    0.0806458
4.02    0.0806476
4.04    0.0806493
4.06    0.080651
4.08    0.0806526
4.1    0.0806542
4.12    0.0806556
4.14    0.080657
4.16    0.0806584
4.18    0.0806597
4.2    0.0806609
4.22    0.0806621
4.24    0.0806633
4.26    0.0806644
4.28    0.0806654
4.3    0.0806664
4.32    0.0806674
4.34    0.0806683
4.36    0.0806692
4.38    0.0806701
4.4    0.0806709
4.42    0.0806717
4.44    0.0806724
4.46    0.0806731
4.48    0.0806738
4.5    0.0806745
4.52    0.0806751
4.54    0.0806757
4.56    0.0806763
4.58    0.0806769
4.6    0.0806774
4.62    0.0806779
4.64    0.0806784
4.66    0.0806789
4.68    0.0806793
4.7    0.0806798
4.72    0.0806802
4.74    0.0806806
4.76    0.080681
4.78    0.0806813
4.8    0.0806817
4.82    0.080682
4.84    0.0806824
4.86    0.0806827
4.88    0.080683
4.9    0.0806833
4.92    0.0806835
4.94    0.0806838
4.96    0.080684
4.98    0.0806843
