-5    0.000251254
-4.98    0.000251685
-4.96    0.000252138
-4.94    0.000252615
-4.92    0.000253118
-4.9    0.000253648
-4.88    0.000254206
-4.86    0.000254794
-4.84    0.000255415
-4.82    0.000256071
-4.8    0.000256763
-4.78    0.000257494
-4.76    0.000258267
-4.74    0.000259084
-4.72    0.000259948
-4.7    0.000260863
-4.68    0.000261831
-4.66    0.000262856
-4.64    0.000263943
-4.62    0.000265095
-4.6    0.000266317
-4.58    0.000267614
-4.56    0.00026899
-4.54    0.000270452
-4.52    0.000272005
-4.5    0.000273656
-4.48    0.000275411
-4.46    0.000277279
-4.44    0.000279266
-4.42    0.000281383
-4.4    0.000283637
-4.38    0.000286039
-4.36    0.0002886
-4.34    0.000291331
-4.32    0.000294245
-4.3    0.000297355
-4.28    0.000300676
-4.26    0.000304223
-4.24    0.000308013
-4.22    0.000312065
-4.2    0.000316397
-4.18    0.00032103
-4.16    0.000325988
-4.14    0.000331295
-4.12    0.000336977
-4.1    0.000343062
-4.08    0.00034958
-4.06    0.000356565
-4.04    0.00036405
-4.02    0.000372075
-4    0.000380678
-3.98    0.000389904
-3.96    0.000399799
-3.94    0.000410411
-3.92    0.000421794
-3.9    0.000434003
-3.88    0.000447099
-3.86    0.000461145
-3.84    0.000476207
-3.82    0.000492356
-3.8    0.000509667
-3.78    0.000528216
-3.76    0.000548086
-3.74    0.000569362
-3.72    0.000592129
-3.7    0.000616479
-3.68    0.000642503
-3.66    0.000670296
-3.64    0.000699952
-3.62    0.000731565
-3.6    0.000765229
-3.58    0.000801037
-3.56    0.000839077
-3.54    0.000879435
-3.52    0.000922191
-3.5    0.000967419
-3.48    0.00101518
-3.46    0.00106554
-3.44    0.00111853
-3.42    0.0011742
-3.4    0.00123255
-3.38    0.00129361
-3.36    0.00135735
-3.34    0.00142376
-3.32    0.0014928
-3.3    0.0015644
-3.28    0.00163849
-3.26    0.00171499
-3.24    0.00179379
-3.22    0.00187477
-3.2    0.0019578
-3.18    0.00204272
-3.16    0.00212938
-3.14    0.00221761
-3.12    0.00230724
-3.1    0.00239808
-3.08    0.00248994
-3.06    0.00258264
-3.04    0.00267598
-3.02    0.00276978
-3    0.00286384
-2.98    0.00295798
-2.96    0.00305202
-2.94    0.00314579
-2.92    0.00323913
-2.9    0.00333187
-2.88    0.00342387
-2.86    0.00351499
-2.84    0.0036051
-2.82    0.00369408
-2.8    0.00378184
-2.78    0.00386826
-2.76    0.00395327
-2.74    0.00403678
-2.72    0.00411874
-2.7    0.00419908
-2.68    0.00427775
-2.66    0.00435473
-2.64    0.00442997
-2.62    0.00450346
-2.6    0.00457518
-2.58    0.00464512
-2.56    0.00471327
-2.54    0.00477964
-2.52    0.00484424
-2.5    0.00490708
-2.48    0.00496817
-2.46    0.00502753
-2.44    0.0050852
-2.42    0.00514118
-2.4    0.00519551
-2.38    0.00524823
-2.36    0.00529935
-2.34    0.00534892
-2.32    0.00539697
-2.3    0.00544354
-2.28    0.00548865
-2.26    0.00553236
-2.24    0.00557468
-2.22    0.00561567
-2.2    0.00565535
-2.18    0.00569377
-2.16    0.00573096
-2.14    0.00576695
-2.12    0.00580179
-2.1    0.0058355
-2.08    0.00586813
-2.06    0.0058997
-2.04    0.00593024
-2.02    0.0059598
-2    0.0059884
-1.98    0.00601608
-1.96    0.00604285
-1.94    0.00606876
-1.92    0.00609383
-1.9    0.00611809
-1.88    0.00614157
-1.86    0.00616429
-1.84    0.00618627
-1.82    0.00620755
-1.8    0.00622814
-1.78    0.00624807
-1.76    0.00626736
-1.74    0.00628604
-1.72    0.00630412
-1.7    0.00632162
-1.68    0.00633856
-1.66    0.00635497
-1.64    0.00637085
-1.62    0.00638624
-1.6    0.00640113
-1.58    0.00641556
-1.56    0.00642954
-1.54    0.00644307
-1.52    0.00645618
-1.5    0.00646889
-1.48    0.00648119
-1.46    0.00649312
-1.44    0.00650467
-1.42    0.00651587
-1.4    0.00652672
-1.38    0.00653724
-1.36    0.00654743
-1.34    0.00655732
-1.32    0.00656689
-1.3    0.00657618
-1.28    0.00658519
-1.26    0.00659392
-1.24    0.00660238
-1.22    0.00661059
-1.2    0.00661855
-1.18    0.00662627
-1.16    0.00663376
-1.14    0.00664102
-1.12    0.00664807
-1.1    0.00665491
-1.08    0.00666154
-1.06    0.00666797
-1.04    0.00667422
-1.02    0.00668028
-1    0.00668615
-0.98    0.00669186
-0.96    0.0066974
-0.94    0.00670277
-0.92    0.00670799
-0.9    0.00671305
-0.88    0.00671796
-0.86    0.00672273
-0.84    0.00672736
-0.82    0.00673186
-0.8    0.00673623
-0.78    0.00674046
-0.76    0.00674458
-0.74    0.00674858
-0.72    0.00675246
-0.7    0.00675622
-0.68    0.00675988
-0.66    0.00676344
-0.64    0.00676689
-0.62    0.00677024
-0.6    0.0067735
-0.58    0.00677666
-0.56    0.00677974
-0.54    0.00678272
-0.52    0.00678562
-0.5    0.00678844
-0.48    0.00679117
-0.46    0.00679383
-0.44    0.00679641
-0.42    0.00679892
-0.4    0.00680136
-0.38    0.00680373
-0.36    0.00680603
-0.34    0.00680827
-0.32    0.00681045
-0.3    0.00681256
-0.28    0.00681461
-0.26    0.00681661
-0.24    0.00681854
-0.22    0.00682043
-0.2    0.00682226
-0.18    0.00682404
-0.16    0.00682577
-0.14    0.00682745
-0.12    0.00682908
-0.1    0.00683067
-0.08    0.00683222
-0.06    0.00683372
-0.04    0.00683518
-0.02    0.00683659
-1.80342e-14    0.00683797
0.02    0.00683931
0.04    0.00684061
0.06    0.00684188
0.08    0.00684311
0.1    0.00684431
0.12    0.00684547
0.14    0.0068466
0.16    0.0068477
0.18    0.00684877
0.2    0.00684981
0.22    0.00685082
0.24    0.0068518
0.26    0.00685276
0.28    0.00685369
0.3    0.00685459
0.32    0.00685547
0.34    0.00685632
0.36    0.00685715
0.38    0.00685796
0.4    0.00685875
0.42    0.00685951
0.44    0.00686025
0.46    0.00686097
0.48    0.00686167
0.5    0.00686236
0.52    0.00686302
0.54    0.00686366
0.56    0.00686429
0.58    0.0068649
0.6    0.00686549
0.62    0.00686607
0.64    0.00686663
0.66    0.00686718
0.68    0.00686771
0.7    0.00686822
0.72    0.00686873
0.74    0.00686921
0.76    0.00686969
0.78    0.00687015
0.8    0.0068706
0.82    0.00687104
0.84    0.00687146
0.86    0.00687187
0.88    0.00687227
0.9    0.00687266
0.92    0.00687304
0.94    0.00687341
0.96    0.00687377
0.98    0.00687412
1    0.00687446
1.02    0.00687479
1.04    0.00687511
1.06    0.00687543
1.08    0.00687573
1.1    0.00687603
1.12    0.00687631
1.14    0.00687659
1.16    0.00687687
1.18    0.00687713
1.2    0.00687739
1.22    0.00687764
1.24    0.00687788
1.26    0.00687812
1.28    0.00687835
1.3    0.00687857
1.32    0.00687879
1.34    0.006879
1.36    0.00687921
1.38    0.00687941
1.4    0.0068796
1.42    0.00687979
1.44    0.00687998
1.46    0.00688016
1.48    0.00688033
1.5    0.0068805
1.52    0.00688067
1.54    0.00688083
1.56    0.00688098
1.58    0.00688113
1.6    0.00688128
1.62    0.00688143
1.64    0.00688156
1.66    0.0068817
1.68    0.00688183
1.7    0.00688196
1.72    0.00688209
1.74    0.00688221
1.76    0.00688233
1.78    0.00688244
1.8    0.00688255
1.82    0.00688266
1.84    0.00688277
1.86    0.00688287
1.88    0.00688297
1.9    0.00688307
1.92    0.00688316
1.94    0.00688326
1.96    0.00688335
1.98    0.00688343
2    0.00688352
2.02    0.0068836
2.04    0.00688368
2.06    0.00688376
2.08    0.00688384
2.1    0.00688391
2.12    0.00688398
2.14    0.00688405
2.16    0.00688412
2.18    0.00688419
2.2    0.00688425
2.22    0.00688431
2.24    0.00688437
2.26    0.00688443
2.28    0.00688449
2.3    0.00688455
2.32    0.0068846
2.34    0.00688465
2.36    0.0068847
2.38    0.00688476
2.4    0.0068848
2.42    0.00688485
2.44    0.0068849
2.46    0.00688494
2.48    0.00688499
2.5    0.00688503
2.52    0.00688507
2.54    0.00688511
2.56    0.00688515
2.58    0.00688519
2.6    0.00688522
2.62    0.00688526
2.64    0.0068853
2.66    0.00688533
2.68    0.00688536
2.7    0.00688539
2.72    0.00688543
2.74    0.00688546
2.76    0.00688549
2.78    0.00688552
2.8    0.00688554
2.82    0.00688557
2.84    0.0068856
2.86    0.00688562
2.88    0.00688565
2.9    0.00688567
2.92    0.0068857
2.94    0.00688572
2.96    0.00688574
2.98    0.00688576
3    0.00688578
3.02    0.00688581
3.04    0.00688583
3.06    0.00688585
3.08    0.00688586
3.1    0.00688588
3.12    0.0068859
3.14    0.00688592
3.16    0.00688594
3.18    0.00688595
3.2    0.00688597
3.22    0.00688598
3.24    0.006886
3.26    0.00688601
3.28    0.00688603
3.3    0.00688604
3.32    0.00688606
3.34    0.00688607
3.36    0.00688608
3.38    0.0068861
3.4    0.00688611
3.42    0.00688612
3.44    0.00688613
3.46    0.00688614
3.48    0.00688615
3.5    0.00688616
3.52    0.00688617
3.54    0.00688618
3.56    0.00688619
3.58    0.0068862
3.6    0.00688621
3.62    0.00688622
3.64    0.00688623
3.66    0.00688624
3.68    0.00688625
3.7    0.00688626
3.72    0.00688626
3.74    0.00688627
3.76    0.00688628
3.78    0.00688629
3.8    0.00688629
3.82    0.0068863
3.84    0.00688631
3.86    0.00688631
3.88    0.00688632
3.9    0.00688633
3.92    0.00688633
3.94    0.00688634
3.96    0.00688634
3.98    0.00688635
4    0.00688635
4.02    0.00688636
4.04    0.00688636
4.06    0.00688637
4.08    0.00688637
4.1    0.00688638
4.12    0.00688638
4.14    0.00688639
4.16    0.00688639
4.18    0.0068864
4.2    0.0068864
4.22    0.0068864
4.24    0.00688641
4.26    0.00688641
4.28    0.00688641
4.3    0.00688642
4.32    0.00688642
4.34    0.00688642
4.36    0.00688643
4.38    0.00688643
4.4    0.00688643
4.42    0.00688644
4.44    0.00688644
4.46    0.00688644
4.48    0.00688645
4.5    0.00688645
4.52    0.00688645
4.54    0.00688645
4.56    0.00688646
4.58    0.00688646
4.6    0.00688646
4.62    0.00688646
4.64    0.00688647
4.66    0.00688647
4.68    0.00688647
4.7    0.00688647
4.72    0.00688647
4.74    0.00688648
4.76    0.00688648
4.78    0.00688648
4.8    0.00688648
4.82    0.00688648
4.84    0.00688648
4.86    0.00688649
4.88    0.00688649
4.9    0.00688649
4.92    0.00688649
4.94    0.00688649
4.96    0.00688649
4.98    0.00688649
