-5    0.737194
-4.98    0.737194
-4.96    0.737194
-4.94    0.737194
-4.92    0.737194
-4.9    0.737193
-4.88    0.737193
-4.86    0.737193
-4.84    0.737193
-4.82    0.737193
-4.8    0.737193
-4.78    0.737192
-4.76    0.737192
-4.74    0.737192
-4.72    0.737192
-4.7    0.737192
-4.68    0.737191
-4.66    0.737191
-4.64    0.737191
-4.62    0.737191
-4.6    0.737191
-4.58    0.73719
-4.56    0.73719
-4.54    0.73719
-4.52    0.73719
-4.5    0.737189
-4.48    0.737189
-4.46    0.737189
-4.44    0.737188
-4.42    0.737188
-4.4    0.737188
-4.38    0.737187
-4.36    0.737187
-4.34    0.737187
-4.32    0.737186
-4.3    0.737186
-4.28    0.737186
-4.26    0.737185
-4.24    0.737185
-4.22    0.737184
-4.2    0.737184
-4.18    0.737183
-4.16    0.737183
-4.14    0.737183
-4.12    0.737182
-4.1    0.737182
-4.08    0.737181
-4.06    0.73718
-4.04    0.73718
-4.02    0.737179
-4    0.737179
-3.98    0.737178
-3.96    0.737177
-3.94    0.737177
-3.92    0.737176
-3.9    0.737175
-3.88    0.737175
-3.86    0.737174
-3.84    0.737173
-3.82    0.737172
-3.8    0.737172
-3.78    0.737171
-3.76    0.73717
-3.74    0.737169
-3.72    0.737168
-3.7    0.737167
-3.68    0.737166
-3.66    0.737165
-3.64    0.737164
-3.62    0.737163
-3.6    0.737161
-3.58    0.73716
-3.56    0.737159
-3.54    0.737158
-3.52    0.737156
-3.5    0.737155
-3.48    0.737153
-3.46    0.737152
-3.44    0.73715
-3.42    0.737149
-3.4    0.737147
-3.38    0.737145
-3.36    0.737144
-3.34    0.737142
-3.32    0.73714
-3.3    0.737138
-3.28    0.737136
-3.26    0.737134
-3.24    0.737132
-3.22    0.737129
-3.2    0.737127
-3.18    0.737124
-3.16    0.737122
-3.14    0.737119
-3.12    0.737116
-3.1    0.737114
-3.08    0.737111
-3.06    0.737108
-3.04    0.737104
-3.02    0.737101
-3    0.737098
-2.98    0.737094
-2.96    0.737091
-2.94    0.737087
-2.92    0.737083
-2.9    0.737079
-2.88    0.737074
-2.86    0.73707
-2.84    0.737065
-2.82    0.737061
-2.8    0.737056
-2.78    0.73705
-2.76    0.737045
-2.74    0.73704
-2.72    0.737034
-2.7    0.737028
-2.68    0.737022
-2.66    0.737015
-2.64    0.737008
-2.62    0.737002
-2.6    0.736994
-2.58    0.736987
-2.56    0.736979
-2.54    0.736971
-2.52    0.736962
-2.5    0.736954
-2.48    0.736945
-2.46    0.736935
-2.44    0.736925
-2.42    0.736915
-2.4    0.736905
-2.38    0.736894
-2.36    0.736882
-2.34    0.73687
-2.32    0.736858
-2.3    0.736845
-2.28    0.736832
-2.26    0.736818
-2.24    0.736803
-2.22    0.736788
-2.2    0.736773
-2.18    0.736757
-2.16    0.73674
-2.14    0.736722
-2.12    0.736704
-2.1    0.736685
-2.08    0.736665
-2.06    0.736645
-2.04    0.736624
-2.02    0.736602
-2    0.736579
-1.98    0.736555
-1.96    0.73653
-1.94    0.736504
-1.92    0.736478
-1.9    0.73645
-1.88    0.736421
-1.86    0.736391
-1.84    0.736359
-1.82    0.736327
-1.8    0.736293
-1.78    0.736258
-1.76    0.736221
-1.74    0.736183
-1.72    0.736144
-1.7    0.736103
-1.68    0.736061
-1.66    0.736016
-1.64    0.73597
-1.62    0.735923
-1.6    0.735873
-1.58    0.735822
-1.56    0.735768
-1.54    0.735712
-1.52    0.735655
-1.5    0.735595
-1.48    0.735533
-1.46    0.735468
-1.44    0.735401
-1.42    0.735332
-1.4    0.735259
-1.38    0.735185
-1.36    0.735107
-1.34    0.735026
-1.32    0.734943
-1.3    0.734856
-1.28    0.734766
-1.26    0.734673
-1.24    0.734576
-1.22    0.734476
-1.2    0.734373
-1.18    0.734266
-1.16    0.734154
-1.14    0.734039
-1.12    0.73392
-1.1    0.733797
-1.08    0.73367
-1.06    0.733538
-1.04    0.733402
-1.02    0.733262
-1    0.733116
-0.98    0.732966
-0.96    0.732812
-0.94    0.732652
-0.92    0.732488
-0.9    0.732318
-0.88    0.732143
-0.86    0.731963
-0.84    0.731778
-0.82    0.731587
-0.8    0.731391
-0.78    0.73119
-0.76    0.730984
-0.74    0.730772
-0.72    0.730554
-0.7    0.730331
-0.68    0.730103
-0.66    0.72987
-0.64    0.729631
-0.62    0.729387
-0.6    0.729139
-0.58    0.728885
-0.56    0.728627
-0.54    0.728364
-0.52    0.728096
-0.5    0.727825
-0.48    0.72755
-0.46    0.727271
-0.44    0.726988
-0.42    0.726703
-0.4    0.726415
-0.38    0.726124
-0.36    0.725832
-0.34    0.725538
-0.32    0.725243
-0.3    0.724948
-0.28    0.724652
-0.26    0.724357
-0.24    0.724063
-0.22    0.72377
-0.2    0.72348
-0.18    0.723192
-0.16    0.722907
-0.14    0.722626
-0.12    0.722349
-0.1    0.722077
-0.08    0.721811
-0.06    0.721551
-0.04    0.721298
-0.02    0.721052
-1.80342e-14    0.720813
0.02    0.720583
0.04    0.720362
0.06    0.720151
0.08    0.719949
0.1    0.719757
0.12    0.719576
0.14    0.719405
0.16    0.719246
0.18    0.719098
0.2    0.718961
0.22    0.718836
0.24    0.718723
0.26    0.718622
0.28    0.718532
0.3    0.718454
0.32    0.718388
0.34    0.718332
0.36    0.718288
0.38    0.718254
0.4    0.71823
0.42    0.718216
0.44    0.718212
0.46    0.718216
0.48    0.718228
0.5    0.718247
0.52    0.718274
0.54    0.718306
0.56    0.718344
0.58    0.718386
0.6    0.718431
0.62    0.71848
0.64    0.71853
0.66    0.718582
0.68    0.718634
0.7    0.718685
0.72    0.718735
0.74    0.718783
0.76    0.718828
0.78    0.718869
0.8    0.718906
0.82    0.718938
0.84    0.718965
0.86    0.718985
0.88    0.718999
0.9    0.719006
0.92    0.719006
0.94    0.718999
0.96    0.718984
0.98    0.718961
1    0.718931
1.02    0.718892
1.04    0.718846
1.06    0.718792
1.08    0.718731
1.1    0.718662
1.12    0.718586
1.14    0.718504
1.16    0.718414
1.18    0.718319
1.2    0.718218
1.22    0.718111
1.24    0.717999
1.26    0.717882
1.28    0.717761
1.3    0.717636
1.32    0.717507
1.34    0.717374
1.36    0.717239
1.38    0.717101
1.4    0.71696
1.42    0.716817
1.44    0.716673
1.46    0.716526
1.48    0.716379
1.5    0.71623
1.52    0.716081
1.54    0.71593
1.56    0.715779
1.58    0.715628
1.6    0.715476
1.62    0.715324
1.64    0.715172
1.66    0.71502
1.68    0.714869
1.7    0.714717
1.72    0.714565
1.74    0.714414
1.76    0.714263
1.78    0.714113
1.8    0.713963
1.82    0.713813
1.84    0.713664
1.86    0.713515
1.88    0.713366
1.9    0.713218
1.92    0.71307
1.94    0.712923
1.96    0.712776
1.98    0.712629
2    0.712483
2.02    0.712337
2.04    0.712191
2.06    0.712046
2.08    0.711901
2.1    0.711757
2.12    0.711613
2.14    0.711469
2.16    0.711326
2.18    0.711182
2.2    0.71104
2.22    0.710897
2.24    0.710755
2.26    0.710614
2.28    0.710472
2.3    0.710331
2.32    0.710191
2.34    0.710051
2.36    0.709911
2.38    0.709772
2.4    0.709633
2.42    0.709495
2.44    0.709357
2.46    0.70922
2.48    0.709083
2.5    0.708947
2.52    0.708812
2.54    0.708677
2.56    0.708543
2.58    0.708409
2.6    0.708276
2.62    0.708144
2.64    0.708013
2.66    0.707882
2.68    0.707753
2.7    0.707624
2.72    0.707496
2.74    0.707368
2.76    0.707242
2.78    0.707117
2.8    0.706993
2.82    0.706869
2.84    0.706747
2.86    0.706626
2.88    0.706506
2.9    0.706387
2.92    0.706269
2.94    0.706152
2.96    0.706037
2.98    0.705923
3    0.705809
3.02    0.705698
3.04    0.705587
3.06    0.705478
3.08    0.705369
3.1    0.705263
3.12    0.705157
3.14    0.705053
3.16    0.70495
3.18    0.704849
3.2    0.704749
3.22    0.70465
3.24    0.704553
3.26    0.704457
3.28    0.704362
3.3    0.704269
3.32    0.704177
3.34    0.704087
3.36    0.703998
3.38    0.703911
3.4    0.703824
3.42    0.70374
3.44    0.703656
3.46    0.703574
3.48    0.703494
3.5    0.703415
3.52    0.703337
3.54    0.70326
3.56    0.703185
3.58    0.703112
3.6    0.703039
3.62    0.702968
3.64    0.702898
3.66    0.70283
3.68    0.702763
3.7    0.702697
3.72    0.702633
3.74    0.70257
3.76    0.702508
3.78    0.702447
3.8    0.702387
3.82    0.702329
3.84    0.702272
3.86    0.702216
3.88    0.702161
3.9    0.702108
3.92    0.702055
3.94    0.702004
3.96    0.701954
3.98    0.701905
4    0.701857
4.02    0.70181
4.04    0.701764
4.06    0.701719
4.08    0.701675
4.1    0.701632
4.12    0.70159
4.14    0.701549
4.16    0.701509
4.18    0.701469
4.2    0.701431
4.22    0.701394
4.24    0.701357
4.26    0.701321
4.28    0.701287
4.3    0.701252
4.32    0.701219
4.34    0.701187
4.36    0.701155
4.38    0.701124
4.4    0.701094
4.42    0.701064
4.44    0.701036
4.46    0.701007
4.48    0.70098
4.5    0.700953
4.52    0.700927
4.54    0.700902
4.56    0.700877
4.58    0.700852
4.6    0.700829
4.62    0.700806
4.64    0.700783
4.66    0.700761
4.68    0.700739
4.7    0.700719
4.72    0.700698
4.74    0.700678
4.76    0.700659
4.78    0.70064
4.8    0.700621
4.82    0.700603
4.84    0.700586
4.86    0.700568
4.88    0.700552
4.9    0.700535
4.92    0.700519
4.94    0.700504
4.96    0.700489
4.98    0.700474
