-5    5.01666e-09
-4.98    5.08268e-09
-4.96    5.15268e-09
-4.94    5.22696e-09
-4.92    5.30581e-09
-4.9    5.38956e-09
-4.88    5.47857e-09
-4.86    5.57324e-09
-4.84    5.67398e-09
-4.82    5.78125e-09
-4.8    5.89557e-09
-4.78    6.01748e-09
-4.76    6.14759e-09
-4.74    6.28656e-09
-4.72    6.43511e-09
-4.7    6.59405e-09
-4.68    6.76424e-09
-4.66    6.94666e-09
-4.64    7.14238e-09
-4.62    7.35257e-09
-4.6    7.57855e-09
-4.58    7.82174e-09
-4.56    8.08377e-09
-4.54    8.36642e-09
-4.52    8.67167e-09
-4.5    9.00175e-09
-4.48    9.35912e-09
-4.46    9.74657e-09
-4.44    1.01672e-08
-4.42    1.06245e-08
-4.4    1.11224e-08
-4.38    1.16653e-08
-4.36    1.22582e-08
-4.34    1.29067e-08
-4.32    1.36172e-08
-4.3    1.4397e-08
-4.28    1.52542e-08
-4.26    1.61983e-08
-4.24    1.724e-08
-4.22    1.83913e-08
-4.2    1.96664e-08
-4.18    2.10811e-08
-4.16    2.2654e-08
-4.14    2.44061e-08
-4.12    2.63618e-08
-4.1    2.85493e-08
-4.08    3.10011e-08
-4.06    3.3755e-08
-4.04    3.68547e-08
-4.02    4.0351e-08
-4    4.43031e-08
-3.98    4.87801e-08
-3.96    5.38625e-08
-3.94    5.96443e-08
-3.92    6.62359e-08
-3.9    7.37664e-08
-3.88    8.23874e-08
-3.86    9.22769e-08
-3.84    1.03644e-07
-3.82    1.16736e-07
-3.8    1.31841e-07
-3.78    1.49303e-07
-3.76    1.69524e-07
-3.74    1.9298e-07
-3.72    2.20231e-07
-3.7    2.5194e-07
-3.68    2.88888e-07
-3.66    3.31995e-07
-3.64    3.82348e-07
-3.62    4.41227e-07
-3.6    5.10138e-07
-3.58    5.90856e-07
-3.56    6.85463e-07
-3.54    7.96405e-07
-3.52    9.26546e-07
-3.5    1.07924e-06
-3.48    1.25839e-06
-3.46    1.46856e-06
-3.44    1.71504e-06
-3.42    2.00397e-06
-3.4    2.34243e-06
-3.38    2.73861e-06
-3.36    3.20189e-06
-3.34    3.74301e-06
-3.32    4.37421e-06
-3.3    5.10943e-06
-3.28    5.96439e-06
-3.26    6.95685e-06
-3.24    8.1067e-06
-3.22    9.43616e-06
-3.2    1.09699e-05
-3.18    1.27352e-05
-3.16    1.47621e-05
-3.14    1.70834e-05
-3.12    1.97349e-05
-3.1    2.27552e-05
-3.08    2.61859e-05
-3.06    3.00715e-05
-3.04    3.44592e-05
-3.02    3.93991e-05
-3    4.49436e-05
-2.98    5.11475e-05
-2.96    5.80674e-05
-2.94    6.57618e-05
-2.92    7.42905e-05
-2.9    8.37141e-05
-2.88    9.40938e-05
-2.86    0.000105491
-2.84    0.000117966
-2.82    0.00013158
-2.8    0.000146391
-2.78    0.000162456
-2.76    0.000179831
-2.74    0.000198567
-2.72    0.000218715
-2.7    0.000240321
-2.68    0.000263428
-2.66    0.000288076
-2.64    0.000314301
-2.62    0.000342135
-2.6    0.000371607
-2.58    0.000402741
-2.56    0.000435558
-2.54    0.000470075
-2.52    0.000506308
-2.5    0.000544266
-2.48    0.000583958
-2.46    0.00062539
-2.44    0.000668565
-2.42    0.000713485
-2.4    0.000760148
-2.38    0.000808553
-2.36    0.000858698
-2.34    0.000910579
-2.32    0.000964193
-2.3    0.00101953
-2.28    0.0010766
-2.26    0.00113539
-2.24    0.0011959
-2.22    0.00125812
-2.2    0.00132206
-2.18    0.00138772
-2.16    0.0014551
-2.14    0.0015242
-2.12    0.00159502
-2.1    0.00166758
-2.08    0.00174188
-2.06    0.00181792
-2.04    0.00189573
-2.02    0.00197531
-2    0.00205667
-1.98    0.00213984
-1.96    0.00222482
-1.94    0.00231163
-1.92    0.00240029
-1.9    0.00249082
-1.88    0.00258324
-1.86    0.00267757
-1.84    0.00277383
-1.82    0.00287204
-1.8    0.00297221
-1.78    0.00307437
-1.76    0.00317854
-1.74    0.00328473
-1.72    0.00339296
-1.7    0.00350325
-1.68    0.00361561
-1.66    0.00373005
-1.64    0.00384658
-1.62    0.00396522
-1.6    0.00408596
-1.58    0.00420882
-1.56    0.00433378
-1.54    0.00446086
-1.52    0.00459003
-1.5    0.00472129
-1.48    0.00485463
-1.46    0.00499003
-1.44    0.00512746
-1.42    0.0052669
-1.4    0.00540832
-1.38    0.00555169
-1.36    0.00569695
-1.34    0.00584407
-1.32    0.00599299
-1.3    0.00614366
-1.28    0.00629601
-1.26    0.00644999
-1.24    0.0066055
-1.22    0.00676249
-1.2    0.00692085
-1.18    0.00708051
-1.16    0.00724137
-1.14    0.00740332
-1.12    0.00756626
-1.1    0.00773008
-1.08    0.00789467
-1.06    0.00805989
-1.04    0.00822563
-1.02    0.00839175
-1    0.00855811
-0.98    0.00872458
-0.96    0.008891
-0.94    0.00905724
-0.92    0.00922313
-0.9    0.00938853
-0.88    0.00955327
-0.86    0.00971719
-0.84    0.00988013
-0.82    0.0100419
-0.8    0.0102024
-0.78    0.0103614
-0.76    0.0105187
-0.74    0.0106742
-0.72    0.0108277
-0.7    0.0109791
-0.68    0.0111281
-0.66    0.0112746
-0.64    0.0114184
-0.62    0.0115594
-0.6    0.0116974
-0.58    0.0118322
-0.56    0.0119637
-0.54    0.0120917
-0.52    0.0122161
-0.5    0.0123367
-0.48    0.0124534
-0.46    0.012566
-0.44    0.0126745
-0.42    0.0127786
-0.4    0.0128782
-0.38    0.0129734
-0.36    0.0130638
-0.34    0.0131495
-0.32    0.0132303
-0.3    0.0133061
-0.28    0.0133768
-0.26    0.0134424
-0.24    0.0135029
-0.22    0.013558
-0.2    0.0136078
-0.18    0.0136522
-0.16    0.0136912
-0.14    0.0137248
-0.12    0.0137528
-0.1    0.0137753
-0.08    0.0137923
-0.06    0.0138037
-0.04    0.0138096
-0.02    0.01381
-1.80342e-14    0.0138048
0.02    0.0137941
0.04    0.0137779
0.06    0.0137563
0.08    0.0137293
0.1    0.0136968
0.12    0.0136591
0.14    0.0136161
0.16    0.0135679
0.18    0.0135146
0.2    0.0134562
0.22    0.0133928
0.24    0.0133245
0.26    0.0132514
0.28    0.0131736
0.3    0.0130912
0.32    0.0130042
0.34    0.0129128
0.36    0.0128171
0.38    0.0127172
0.4    0.0126132
0.42    0.0125053
0.44    0.0123935
0.46    0.0122779
0.48    0.0121588
0.5    0.0120362
0.52    0.0119103
0.54    0.0117811
0.56    0.0116489
0.58    0.0115138
0.6    0.0113758
0.62    0.0112352
0.64    0.011092
0.66    0.0109465
0.68    0.0107987
0.7    0.0106488
0.72    0.0104969
0.74    0.0103433
0.76    0.0101879
0.78    0.0100309
0.8    0.00987258
0.82    0.00971296
0.84    0.0095522
0.86    0.00939044
0.88    0.00922781
0.9    0.00906445
0.92    0.00890048
0.94    0.00873605
0.96    0.00857128
0.98    0.00840629
1    0.00824122
1.02    0.00807618
1.04    0.00791129
1.06    0.00774669
1.08    0.00758247
1.1    0.00741876
1.12    0.00725566
1.14    0.00709329
1.16    0.00693175
1.18    0.00677115
1.2    0.00661158
1.22    0.00645314
1.24    0.00629593
1.26    0.00614004
1.28    0.00598555
1.3    0.00583255
1.32    0.00568113
1.34    0.00553135
1.36    0.00538329
1.38    0.00523703
1.4    0.00509264
1.42    0.00495016
1.44    0.00480968
1.46    0.00467124
1.48    0.00453489
1.5    0.00440069
1.52    0.00426869
1.54    0.00413892
1.56    0.00401142
1.58    0.00388623
1.6    0.00376339
1.62    0.00364292
1.64    0.00352484
1.66    0.00340918
1.68    0.00329595
1.7    0.00318517
1.72    0.00307685
1.74    0.00297101
1.76    0.00286763
1.78    0.00276673
1.8    0.00266831
1.82    0.00257235
1.84    0.00247886
1.86    0.00238782
1.88    0.00229922
1.9    0.00221305
1.92    0.00212929
1.94    0.00204791
1.96    0.00196889
1.98    0.00189222
2    0.00181786
2.02    0.00174578
2.04    0.00167596
2.06    0.00160836
2.08    0.00154294
2.1    0.00147967
2.12    0.00141852
2.14    0.00135945
2.16    0.00130241
2.18    0.00124737
2.2    0.00119428
2.22    0.0011431
2.24    0.00109379
2.26    0.00104631
2.28    0.00100061
2.3    0.000956641
2.32    0.000914365
2.34    0.000873736
2.36    0.000834707
2.38    0.000797233
2.4    0.00076127
2.42    0.000726772
2.44    0.000693695
2.46    0.000661994
2.48    0.000631625
2.5    0.000602544
2.52    0.000574709
2.54    0.000548077
2.56    0.000522606
2.58    0.000498254
2.6    0.000474982
2.62    0.000452749
2.64    0.000431517
2.66    0.000411248
2.68    0.000391904
2.7    0.000373448
2.72    0.000355847
2.74    0.000339065
2.76    0.000323068
2.78    0.000307824
2.8    0.000293302
2.82    0.00027947
2.84    0.0002663
2.86    0.000253761
2.88    0.000241827
2.9    0.00023047
2.92    0.000219665
2.94    0.000209386
2.96    0.00019961
2.98    0.000190313
3    0.000181474
3.02    0.000173069
3.04    0.00016508
3.06    0.000157486
3.08    0.000150269
3.1    0.000143409
3.12    0.00013689
3.14    0.000130696
3.16    0.00012481
3.18    0.000119217
3.2    0.000113902
3.22    0.000108852
3.24    0.000104054
3.26    9.94939e-05
3.28    9.51611e-05
3.3    9.10436e-05
3.32    8.71306e-05
3.34    8.34116e-05
3.36    7.98768e-05
3.38    7.65167e-05
3.4    7.33224e-05
3.42    7.02854e-05
3.44    6.73977e-05
3.46    6.46515e-05
3.48    6.20396e-05
3.5    5.95551e-05
3.52    5.71914e-05
3.54    5.49423e-05
3.56    5.28018e-05
3.58    5.07644e-05
3.6    4.88248e-05
3.62    4.69779e-05
3.64    4.5219e-05
3.66    4.35435e-05
3.68    4.19471e-05
3.7    4.04258e-05
3.72    3.89758e-05
3.74    3.75934e-05
3.76    3.62751e-05
3.78    3.50177e-05
3.8    3.38181e-05
3.82    3.26733e-05
3.84    3.15806e-05
3.86    3.05374e-05
3.88    2.95411e-05
3.9    2.85895e-05
3.92    2.76802e-05
3.94    2.68111e-05
3.96    2.59803e-05
3.98    2.51859e-05
4    2.44261e-05
4.02    2.36991e-05
4.04    2.30034e-05
4.06    2.23374e-05
4.08    2.16997e-05
4.1    2.10889e-05
4.12    2.05037e-05
4.14    1.99429e-05
4.16    1.94053e-05
4.18    1.88899e-05
4.2    1.83955e-05
4.22    1.79212e-05
4.24    1.7466e-05
4.26    1.70291e-05
4.28    1.66095e-05
4.3    1.62066e-05
4.32    1.58195e-05
4.34    1.54474e-05
4.36    1.50898e-05
4.38    1.4746e-05
4.4    1.44153e-05
4.42    1.40971e-05
4.44    1.3791e-05
4.46    1.34963e-05
4.48    1.32126e-05
4.5    1.29393e-05
4.52    1.26761e-05
4.54    1.24224e-05
4.56    1.21779e-05
4.58    1.19422e-05
4.6    1.17149e-05
4.62    1.14957e-05
4.64    1.12842e-05
4.66    1.108e-05
4.68    1.0883e-05
4.7    1.06927e-05
4.72    1.0509e-05
4.74    1.03315e-05
4.76    1.01599e-05
4.78    9.99416e-06
4.8    9.83391e-06
4.82    9.67896e-06
4.84    9.52909e-06
4.86    9.38412e-06
4.88    9.24384e-06
4.9    9.10808e-06
4.92    8.97666e-06
4.94    8.84941e-06
4.96    8.72617e-06
4.98    8.6068e-06
