-5    0.0557577
-4.98    0.0558009
-4.96    0.0558442
-4.94    0.0558874
-4.92    0.0559306
-4.9    0.0559738
-4.88    0.056017
-4.86    0.0560601
-4.84    0.0561033
-4.82    0.0561464
-4.8    0.0561894
-4.78    0.0562325
-4.76    0.0562755
-4.74    0.0563185
-4.72    0.0563615
-4.7    0.0564045
-4.68    0.0564474
-4.66    0.0564903
-4.64    0.0565332
-4.62    0.056576
-4.6    0.0566189
-4.58    0.0566617
-4.56    0.0567045
-4.54    0.0567472
-4.52    0.0567899
-4.5    0.0568327
-4.48    0.0568753
-4.46    0.056918
-4.44    0.0569606
-4.42    0.0570033
-4.4    0.0570459
-4.38    0.0570884
-4.36    0.057131
-4.34    0.0571735
-4.32    0.0572161
-4.3    0.0572586
-4.28    0.057301
-4.26    0.0573435
-4.24    0.057386
-4.22    0.0574284
-4.2    0.0574708
-4.18    0.0575133
-4.16    0.0575557
-4.14    0.0575981
-4.12    0.0576405
-4.1    0.0576829
-4.08    0.0577252
-4.06    0.0577676
-4.04    0.05781
-4.02    0.0578524
-4    0.0578948
-3.98    0.0579372
-3.96    0.0579796
-3.94    0.0580221
-3.92    0.0580645
-3.9    0.058107
-3.88    0.0581495
-3.86    0.058192
-3.84    0.0582346
-3.82    0.0582771
-3.8    0.0583198
-3.78    0.0583624
-3.76    0.0584051
-3.74    0.0584479
-3.72    0.0584907
-3.7    0.0585336
-3.68    0.0585765
-3.66    0.0586195
-3.64    0.0586626
-3.62    0.0587058
-3.6    0.0587491
-3.58    0.0587924
-3.56    0.0588359
-3.54    0.0588794
-3.52    0.0589231
-3.5    0.0589669
-3.48    0.0590109
-3.46    0.0590549
-3.44    0.0590992
-3.42    0.0591436
-3.4    0.0591881
-3.38    0.0592329
-3.36    0.0592778
-3.34    0.0593229
-3.32    0.0593683
-3.3    0.0594138
-3.28    0.0594596
-3.26    0.0595057
-3.24    0.059552
-3.22    0.0595986
-3.2    0.0596455
-3.18    0.0596926
-3.16    0.0597401
-3.14    0.059788
-3.12    0.0598362
-3.1    0.0598848
-3.08    0.0599337
-3.06    0.0599831
-3.04    0.0600329
-3.02    0.0600832
-3    0.0601339
-2.98    0.0601851
-2.96    0.0602369
-2.94    0.0602892
-2.92    0.0603421
-2.9    0.0603955
-2.88    0.0604496
-2.86    0.0605044
-2.84    0.0605598
-2.82    0.0606159
-2.8    0.0606728
-2.78    0.0607305
-2.76    0.060789
-2.74    0.0608483
-2.72    0.0609085
-2.7    0.0609697
-2.68    0.0610318
-2.66    0.0610949
-2.64    0.0611591
-2.62    0.0612244
-2.6    0.0612908
-2.58    0.0613584
-2.56    0.0614273
-2.54    0.0614975
-2.52    0.061569
-2.5    0.0616419
-2.48    0.0617162
-2.46    0.0617921
-2.44    0.0618696
-2.42    0.0619488
-2.4    0.0620296
-2.38    0.0621122
-2.36    0.0621967
-2.34    0.0622832
-2.32    0.0623716
-2.3    0.0624621
-2.28    0.0625548
-2.26    0.0626498
-2.24    0.062747
-2.22    0.0628468
-2.2    0.062949
-2.18    0.0630538
-2.16    0.0631614
-2.14    0.0632718
-2.12    0.0633851
-2.1    0.0635015
-2.08    0.0636209
-2.06    0.0637437
-2.04    0.0638698
-2.02    0.0639994
-2    0.0641327
-1.98    0.0642697
-1.96    0.0644106
-1.94    0.0645554
-1.92    0.0647045
-1.9    0.0648579
-1.88    0.0650157
-1.86    0.0651781
-1.84    0.0653452
-1.82    0.0655173
-1.8    0.0656944
-1.78    0.0658767
-1.76    0.0660645
-1.74    0.0662578
-1.72    0.0664568
-1.7    0.0666618
-1.68    0.0668728
-1.66    0.0670901
-1.64    0.0673139
-1.62    0.0675443
-1.6    0.0677814
-1.58    0.0680256
-1.56    0.0682769
-1.54    0.0685356
-1.52    0.0688017
-1.5    0.0690755
-1.48    0.0693572
-1.46    0.0696468
-1.44    0.0699446
-1.42    0.0702506
-1.4    0.070565
-1.38    0.0708879
-1.36    0.0712193
-1.34    0.0715594
-1.32    0.0719082
-1.3    0.0722658
-1.28    0.072632
-1.26    0.0730069
-1.24    0.0733905
-1.22    0.0737826
-1.2    0.0741832
-1.18    0.0745921
-1.16    0.075009
-1.14    0.0754339
-1.12    0.0758663
-1.1    0.0763061
-1.08    0.0767528
-1.06    0.0772062
-1.04    0.0776658
-1.02    0.0781311
-1    0.0786017
-0.98    0.0790771
-0.96    0.0795567
-0.94    0.0800401
-0.92    0.0805265
-0.9    0.0810155
-0.88    0.0815064
-0.86    0.0819986
-0.84    0.0824916
-0.82    0.0829845
-0.8    0.083477
-0.78    0.0839683
-0.76    0.0844578
-0.74    0.0849451
-0.72    0.0854295
-0.7    0.0859105
-0.68    0.0863875
-0.66    0.0868602
-0.64    0.0873281
-0.62    0.0877907
-0.6    0.0882477
-0.58    0.0886988
-0.56    0.0891435
-0.54    0.0895818
-0.52    0.0900132
-0.5    0.0904376
-0.48    0.0908549
-0.46    0.0912649
-0.44    0.0916675
-0.42    0.0920627
-0.4    0.0924503
-0.38    0.0928305
-0.36    0.0932031
-0.34    0.0935682
-0.32    0.093926
-0.3    0.0942764
-0.28    0.0946197
-0.26    0.0949558
-0.24    0.0952849
-0.22    0.0956072
-0.2    0.0959229
-0.18    0.096232
-0.16    0.0965348
-0.14    0.0968315
-0.12    0.0971222
-0.1    0.0974071
-0.08    0.0976865
-0.06    0.0979606
-0.04    0.0982294
-0.02    0.0984934
-1.80342e-14    0.0987526
0.02    0.0990072
0.04    0.0992575
0.06    0.0995036
0.08    0.0997458
0.1    0.0999842
0.12    0.100219
0.14    0.100451
0.16    0.100679
0.18    0.100904
0.2    0.101126
0.22    0.101346
0.24    0.101563
0.26    0.101778
0.28    0.101991
0.3    0.102201
0.32    0.102409
0.34    0.102616
0.36    0.102821
0.38    0.103025
0.4    0.103227
0.42    0.103427
0.44    0.103627
0.46    0.103825
0.48    0.104022
0.5    0.104218
0.52    0.104414
0.54    0.104608
0.56    0.104802
0.58    0.104996
0.6    0.105188
0.62    0.10538
0.64    0.105572
0.66    0.105763
0.68    0.105953
0.7    0.106143
0.72    0.106333
0.74    0.106523
0.76    0.106712
0.78    0.106901
0.8    0.107089
0.82    0.107277
0.84    0.107465
0.86    0.107653
0.88    0.10784
0.9    0.108027
0.92    0.108214
0.94    0.1084
0.96    0.108585
0.98    0.108771
1    0.108956
1.02    0.10914
1.04    0.109324
1.06    0.109507
1.08    0.109689
1.1    0.109871
1.12    0.110052
1.14    0.110233
1.16    0.110412
1.18    0.110591
1.2    0.110768
1.22    0.110945
1.24    0.111121
1.26    0.111295
1.28    0.111468
1.3    0.11164
1.32    0.111811
1.34    0.11198
1.36    0.112148
1.38    0.112315
1.4    0.11248
1.42    0.112643
1.44    0.112804
1.46    0.112964
1.48    0.113122
1.5    0.113279
1.52    0.113433
1.54    0.113586
1.56    0.113736
1.58    0.113885
1.6    0.114031
1.62    0.114175
1.64    0.114318
1.66    0.114458
1.68    0.114595
1.7    0.114731
1.72    0.114864
1.74    0.114995
1.76    0.115124
1.78    0.11525
1.8    0.115374
1.82    0.115495
1.84    0.115614
1.86    0.115731
1.88    0.115845
1.9    0.115957
1.92    0.116066
1.94    0.116173
1.96    0.116277
1.98    0.116379
2    0.116478
2.02    0.116575
2.04    0.116669
2.06    0.116761
2.08    0.11685
2.1    0.116937
2.12    0.117021
2.14    0.117103
2.16    0.117182
2.18    0.117259
2.2    0.117333
2.22    0.117405
2.24    0.117475
2.26    0.117542
2.28    0.117606
2.3    0.117669
2.32    0.117728
2.34    0.117786
2.36    0.117841
2.38    0.117894
2.4    0.117944
2.42    0.117992
2.44    0.118038
2.46    0.118082
2.48    0.118123
2.5    0.118162
2.52    0.118199
2.54    0.118233
2.56    0.118266
2.58    0.118296
2.6    0.118325
2.62    0.118351
2.64    0.118375
2.66    0.118397
2.68    0.118417
2.7    0.118435
2.72    0.118451
2.74    0.118465
2.76    0.118477
2.78    0.118488
2.8    0.118496
2.82    0.118503
2.84    0.118508
2.86    0.118511
2.88    0.118512
2.9    0.118511
2.92    0.118509
2.94    0.118505
2.96    0.1185
2.98    0.118493
3    0.118484
3.02    0.118474
3.04    0.118462
3.06    0.118449
3.08    0.118434
3.1    0.118417
3.12    0.1184
3.14    0.118381
3.16    0.11836
3.18    0.118338
3.2    0.118315
3.22    0.11829
3.24    0.118265
3.26    0.118237
3.28    0.118209
3.3    0.11818
3.32    0.118149
3.34    0.118117
3.36    0.118084
3.38    0.11805
3.4    0.118015
3.42    0.117979
3.44    0.117941
3.46    0.117903
3.48    0.117864
3.5    0.117824
3.52    0.117782
3.54    0.11774
3.56    0.117697
3.58    0.117653
3.6    0.117609
3.62    0.117563
3.64    0.117517
3.66    0.117469
3.68    0.117421
3.7    0.117373
3.72    0.117323
3.74    0.117273
3.76    0.117222
3.78    0.11717
3.8    0.117118
3.82    0.117065
3.84    0.117011
3.86    0.116957
3.88    0.116902
3.9    0.116847
3.92    0.116791
3.94    0.116734
3.96    0.116677
3.98    0.11662
4    0.116561
4.02    0.116503
4.04    0.116444
4.06    0.116384
4.08    0.116324
4.1    0.116263
4.12    0.116202
4.14    0.116141
4.16    0.116079
4.18    0.116017
4.2    0.115954
4.22    0.115891
4.24    0.115828
4.26    0.115764
4.28    0.1157
4.3    0.115636
4.32    0.115571
4.34    0.115506
4.36    0.115441
4.38    0.115375
4.4    0.115309
4.42    0.115243
4.44    0.115177
4.46    0.11511
4.48    0.115043
4.5    0.114976
4.52    0.114908
4.54    0.11484
4.56    0.114772
4.58    0.114704
4.6    0.114636
4.62    0.114567
4.64    0.114499
4.66    0.11443
4.68    0.114361
4.7    0.114291
4.72    0.114222
4.74    0.114152
4.76    0.114082
4.78    0.114012
4.8    0.113942
4.82    0.113872
4.84    0.113802
4.86    0.113731
4.88    0.113661
4.9    0.11359
4.92    0.113519
4.94    0.113448
4.96    0.113377
4.98    0.113306
