-5    0.0182733
-4.98    0.0182674
-4.96    0.0182615
-4.94    0.0182554
-4.92    0.0182492
-4.9    0.018243
-4.88    0.0182366
-4.86    0.0182302
-4.84    0.0182237
-4.82    0.018217
-4.8    0.0182103
-4.78    0.0182034
-4.76    0.0181965
-4.74    0.0181894
-4.72    0.0181822
-4.7    0.0181749
-4.68    0.0181676
-4.66    0.0181601
-4.64    0.0181525
-4.62    0.0181447
-4.6    0.0181369
-4.58    0.0181289
-4.56    0.0181209
-4.54    0.0181127
-4.52    0.0181044
-4.5    0.0180959
-4.48    0.0180874
-4.46    0.0180787
-4.44    0.0180699
-4.42    0.0180609
-4.4    0.0180518
-4.38    0.0180426
-4.36    0.0180333
-4.34    0.0180238
-4.32    0.0180142
-4.3    0.0180044
-4.28    0.0179945
-4.26    0.0179845
-4.24    0.0179743
-4.22    0.017964
-4.2    0.0179535
-4.18    0.0179429
-4.16    0.0179321
-4.14    0.0179212
-4.12    0.0179102
-4.1    0.0178989
-4.08    0.0178875
-4.06    0.017876
-4.04    0.0178643
-4.02    0.0178524
-4    0.0178404
-3.98    0.0178282
-3.96    0.0178159
-3.94    0.0178033
-3.92    0.0177906
-3.9    0.0177778
-3.88    0.0177647
-3.86    0.0177515
-3.84    0.0177381
-3.82    0.0177246
-3.8    0.0177108
-3.78    0.0176969
-3.76    0.0176828
-3.74    0.0176685
-3.72    0.0176541
-3.7    0.0176394
-3.68    0.0176246
-3.66    0.0176095
-3.64    0.0175943
-3.62    0.0175789
-3.6    0.0175633
-3.58    0.0175475
-3.56    0.0175315
-3.54    0.0175153
-3.52    0.0174989
-3.5    0.0174823
-3.48    0.0174655
-3.46    0.0174485
-3.44    0.0174313
-3.42    0.0174139
-3.4    0.0173963
-3.38    0.0173785
-3.36    0.0173605
-3.34    0.0173423
-3.32    0.0173238
-3.3    0.0173052
-3.28    0.0172863
-3.26    0.0172673
-3.24    0.017248
-3.22    0.0172285
-3.2    0.0172088
-3.18    0.0171889
-3.16    0.0171688
-3.14    0.0171484
-3.12    0.0171279
-3.1    0.0171071
-3.08    0.0170861
-3.06    0.017065
-3.04    0.0170435
-3.02    0.0170219
-3    0.0170001
-2.98    0.016978
-2.96    0.0169558
-2.94    0.0169333
-2.92    0.0169106
-2.9    0.0168877
-2.88    0.0168646
-2.86    0.0168413
-2.84    0.0168178
-2.82    0.0167941
-2.8    0.0167701
-2.78    0.016746
-2.76    0.0167216
-2.74    0.0166971
-2.72    0.0166723
-2.7    0.0166474
-2.68    0.0166222
-2.66    0.0165969
-2.64    0.0165714
-2.62    0.0165456
-2.6    0.0165197
-2.58    0.0164936
-2.56    0.0164673
-2.54    0.0164409
-2.52    0.0164142
-2.5    0.0163874
-2.48    0.0163604
-2.46    0.0163333
-2.44    0.0163059
-2.42    0.0162785
-2.4    0.0162508
-2.38    0.016223
-2.36    0.0161951
-2.34    0.016167
-2.32    0.0161387
-2.3    0.0161104
-2.28    0.0160819
-2.26    0.0160532
-2.24    0.0160245
-2.22    0.0159956
-2.2    0.0159666
-2.18    0.0159375
-2.16    0.0159083
-2.14    0.0158791
-2.12    0.0158497
-2.1    0.0158202
-2.08    0.0157907
-2.06    0.0157611
-2.04    0.0157314
-2.02    0.0157017
-2    0.0156719
-1.98    0.0156421
-1.96    0.0156123
-1.94    0.0155824
-1.92    0.0155525
-1.9    0.0155226
-1.88    0.0154927
-1.86    0.0154627
-1.84    0.0154328
-1.82    0.015403
-1.8    0.0153731
-1.78    0.0153433
-1.76    0.0153136
-1.74    0.0152839
-1.72    0.0152542
-1.7    0.0152247
-1.68    0.0151952
-1.66    0.0151658
-1.64    0.0151366
-1.62    0.0151074
-1.6    0.0150784
-1.58    0.0150495
-1.56    0.0150208
-1.54    0.0149922
-1.52    0.0149638
-1.5    0.0149356
-1.48    0.0149075
-1.46    0.0148797
-1.44    0.0148521
-1.42    0.0148247
-1.4    0.0147976
-1.38    0.0147707
-1.36    0.0147441
-1.34    0.0147178
-1.32    0.0146917
-1.3    0.014666
-1.28    0.0146405
-1.26    0.0146154
-1.24    0.0145907
-1.22    0.0145663
-1.2    0.0145422
-1.18    0.0145186
-1.16    0.0144953
-1.14    0.0144725
-1.12    0.0144501
-1.1    0.0144281
-1.08    0.0144066
-1.06    0.0143855
-1.04    0.0143649
-1.02    0.0143448
-1    0.0143253
-0.98    0.0143062
-0.96    0.0142877
-0.94    0.0142698
-0.92    0.0142524
-0.9    0.0142356
-0.88    0.0142194
-0.86    0.0142038
-0.84    0.0141889
-0.82    0.0141746
-0.8    0.0141609
-0.78    0.014148
-0.76    0.0141357
-0.74    0.0141242
-0.72    0.0141134
-0.7    0.0141033
-0.68    0.014094
-0.66    0.0140854
-0.64    0.0140777
-0.62    0.0140708
-0.6    0.0140647
-0.58    0.0140594
-0.56    0.014055
-0.54    0.0140515
-0.52    0.0140489
-0.5    0.0140471
-0.48    0.0140464
-0.46    0.0140465
-0.44    0.0140476
-0.42    0.0140498
-0.4    0.0140529
-0.38    0.014057
-0.36    0.0140622
-0.34    0.0140684
-0.32    0.0140757
-0.3    0.0140841
-0.28    0.0140936
-0.26    0.0141042
-0.24    0.014116
-0.22    0.014129
-0.2    0.0141431
-0.18    0.0141585
-0.16    0.014175
-0.14    0.0141928
-0.12    0.0142119
-0.1    0.0142323
-0.08    0.0142539
-0.06    0.0142769
-0.04    0.0143013
-0.02    0.014327
-1.80342e-14    0.0143541
0.02    0.0143825
0.04    0.0144125
0.06    0.0144438
0.08    0.0144766
0.1    0.014511
0.12    0.0145468
0.14    0.0145841
0.16    0.014623
0.18    0.0146635
0.2    0.0147056
0.22    0.0147493
0.24    0.0147946
0.26    0.0148416
0.28    0.0148903
0.3    0.0149406
0.32    0.0149927
0.34    0.0150466
0.36    0.0151022
0.38    0.0151596
0.4    0.0152188
0.42    0.0152798
0.44    0.0153428
0.46    0.0154075
0.48    0.0154742
0.5    0.0155429
0.52    0.0156134
0.54    0.015686
0.56    0.0157605
0.58    0.015837
0.6    0.0159156
0.62    0.0159962
0.64    0.0160789
0.66    0.0161637
0.68    0.0162506
0.7    0.0163397
0.72    0.0164309
0.74    0.0165243
0.76    0.0166199
0.78    0.0167178
0.8    0.0168178
0.82    0.0169202
0.84    0.0170248
0.86    0.0171317
0.88    0.0172409
0.9    0.0173525
0.92    0.0174664
0.94    0.0175827
0.96    0.0177014
0.98    0.0178225
1    0.017946
1.02    0.0180719
1.04    0.0182003
1.06    0.0183311
1.08    0.0184644
1.1    0.0186002
1.12    0.0187385
1.14    0.0188792
1.16    0.0190225
1.18    0.0191683
1.2    0.0193166
1.22    0.0194675
1.24    0.0196209
1.26    0.0197768
1.28    0.0199353
1.3    0.0200963
1.32    0.0202599
1.34    0.020426
1.36    0.0205947
1.38    0.0207658
1.4    0.0209396
1.42    0.0211158
1.44    0.0212946
1.46    0.0214759
1.48    0.0216597
1.5    0.021846
1.52    0.0220348
1.54    0.022226
1.56    0.0224197
1.58    0.0226158
1.6    0.0228144
1.62    0.0230153
1.64    0.0232186
1.66    0.0234243
1.68    0.0236322
1.7    0.0238425
1.72    0.0240551
1.74    0.0242698
1.76    0.0244868
1.78    0.024706
1.8    0.0249273
1.82    0.0251507
1.84    0.0253761
1.86    0.0256036
1.88    0.0258331
1.9    0.0260645
1.92    0.0262979
1.94    0.026533
1.96    0.02677
1.98    0.0270088
2    0.0272492
2.02    0.0274913
2.04    0.027735
2.06    0.0279803
2.08    0.0282271
2.1    0.0284753
2.12    0.0287249
2.14    0.0289758
2.16    0.029228
2.18    0.0294813
2.2    0.0297359
2.22    0.0299915
2.24    0.0302482
2.26    0.0305058
2.28    0.0307643
2.3    0.0310236
2.32    0.0312837
2.34    0.0315445
2.36    0.0318059
2.38    0.0320679
2.4    0.0323303
2.42    0.0325933
2.44    0.0328565
2.46    0.0331201
2.48    0.0333839
2.5    0.0336479
2.52    0.0339119
2.54    0.034176
2.56    0.03444
2.58    0.0347039
2.6    0.0349677
2.62    0.0352312
2.64    0.0354944
2.66    0.0357572
2.68    0.0360196
2.7    0.0362815
2.72    0.0365429
2.74    0.0368036
2.76    0.0370636
2.78    0.0373229
2.8    0.0375814
2.82    0.037839
2.84    0.0380956
2.86    0.0383513
2.88    0.038606
2.9    0.0388596
2.92    0.039112
2.94    0.0393633
2.96    0.0396133
2.98    0.0398619
3    0.0401093
3.02    0.0403553
3.04    0.0405998
3.06    0.0408428
3.08    0.0410844
3.1    0.0413243
3.12    0.0415627
3.14    0.0417994
3.16    0.0420344
3.18    0.0422677
3.2    0.0424993
3.22    0.0427291
3.24    0.042957
3.26    0.0431831
3.28    0.0434074
3.3    0.0436297
3.32    0.0438501
3.34    0.0440686
3.36    0.0442851
3.38    0.0444995
3.4    0.044712
3.42    0.0449224
3.44    0.0451308
3.46    0.0453371
3.48    0.0455414
3.5    0.0457435
3.52    0.0459435
3.54    0.0461414
3.56    0.0463372
3.58    0.0465308
3.6    0.0467223
3.62    0.0469116
3.64    0.0470988
3.66    0.0472838
3.68    0.0474666
3.7    0.0476473
3.72    0.0478258
3.74    0.0480021
3.76    0.0481763
3.78    0.0483483
3.8    0.0485181
3.82    0.0486858
3.84    0.0488514
3.86    0.0490148
3.88    0.049176
3.9    0.0493351
3.92    0.0494921
3.94    0.049647
3.96    0.0497998
3.98    0.0499504
4    0.050099
4.02    0.0502455
4.04    0.05039
4.06    0.0505324
4.08    0.0506728
4.1    0.0508111
4.12    0.0509474
4.14    0.0510818
4.16    0.0512141
4.18    0.0513445
4.2    0.051473
4.22    0.0515995
4.24    0.0517241
4.26    0.0518468
4.28    0.0519676
4.3    0.0520866
4.32    0.0522037
4.34    0.052319
4.36    0.0524325
4.38    0.0525442
4.4    0.0526541
4.42    0.0527623
4.44    0.0528687
4.46    0.0529734
4.48    0.0530764
4.5    0.0531778
4.52    0.0532774
4.54    0.0533755
4.56    0.0534719
4.58    0.0535667
4.6    0.05366
4.62    0.0537517
4.64    0.0538418
4.66    0.0539304
4.68    0.0540176
4.7    0.0541032
4.72    0.0541874
4.74    0.0542701
4.76    0.0543514
4.78    0.0544314
4.8    0.0545099
4.82    0.0545871
4.84    0.0546629
4.86    0.0547374
4.88    0.0548106
4.9    0.0548825
4.92    0.0549531
4.94    0.0550225
4.96    0.0550906
4.98    0.0551575
