-5    0.894634
-4.98    0.894547
-4.96    0.89446
-4.94    0.894372
-4.92    0.894284
-4.9    0.894195
-4.88    0.894105
-4.86    0.894015
-4.84    0.893924
-4.82    0.893833
-4.8    0.89374
-4.78    0.893648
-4.76    0.893554
-4.74    0.89346
-4.72    0.893365
-4.7    0.893269
-4.68    0.893173
-4.66    0.893076
-4.64    0.892978
-4.62    0.892879
-4.6    0.892779
-4.58    0.892679
-4.56    0.892577
-4.54    0.892475
-4.52    0.892372
-4.5    0.892267
-4.48    0.892162
-4.46    0.892056
-4.44    0.891948
-4.42    0.89184
-4.4    0.89173
-4.38    0.89162
-4.36    0.891508
-4.34    0.891395
-4.32    0.89128
-4.3    0.891165
-4.28    0.891048
-4.26    0.89093
-4.24    0.89081
-4.22    0.890689
-4.2    0.890566
-4.18    0.890442
-4.16    0.890317
-4.14    0.890189
-4.12    0.89006
-4.1    0.88993
-4.08    0.889798
-4.06    0.889663
-4.04    0.889527
-4.02    0.88939
-4    0.88925
-3.98    0.889108
-3.96    0.888964
-3.94    0.888818
-3.92    0.88867
-3.9    0.888519
-3.88    0.888367
-3.86    0.888212
-3.84    0.888054
-3.82    0.887894
-3.8    0.887731
-3.78    0.887566
-3.76    0.887398
-3.74    0.887227
-3.72    0.887053
-3.7    0.886876
-3.68    0.886696
-3.66    0.886513
-3.64    0.886326
-3.62    0.886136
-3.6    0.885943
-3.58    0.885746
-3.56    0.885546
-3.54    0.885341
-3.52    0.885133
-3.5    0.884921
-3.48    0.884704
-3.46    0.884484
-3.44    0.884259
-3.42    0.884029
-3.4    0.883795
-3.38    0.883556
-3.36    0.883313
-3.34    0.883064
-3.32    0.88281
-3.3    0.88255
-3.28    0.882286
-3.26    0.882015
-3.24    0.881739
-3.22    0.881456
-3.2    0.881168
-3.18    0.880873
-3.16    0.880571
-3.14    0.880263
-3.12    0.879948
-3.1    0.879626
-3.08    0.879296
-3.06    0.878959
-3.04    0.878614
-3.02    0.878261
-3    0.8779
-2.98    0.877531
-2.96    0.877153
-2.94    0.876766
-2.92    0.87637
-2.9    0.875964
-2.88    0.875548
-2.86    0.875123
-2.84    0.874688
-2.82    0.874241
-2.8    0.873784
-2.78    0.873316
-2.76    0.872837
-2.74    0.872346
-2.72    0.871842
-2.7    0.871327
-2.68    0.870798
-2.66    0.870257
-2.64    0.869702
-2.62    0.869134
-2.6    0.868551
-2.58    0.867954
-2.56    0.867342
-2.54    0.866715
-2.52    0.866073
-2.5    0.865414
-2.48    0.864739
-2.46    0.864048
-2.44    0.863339
-2.42    0.862613
-2.4    0.861868
-2.38    0.861106
-2.36    0.860324
-2.34    0.859524
-2.32    0.858704
-2.3    0.857864
-2.28    0.857003
-2.26    0.856122
-2.24    0.855219
-2.22    0.854295
-2.2    0.853349
-2.18    0.85238
-2.16    0.851389
-2.14    0.850374
-2.12    0.849336
-2.1    0.848273
-2.08    0.847187
-2.06    0.846076
-2.04    0.84494
-2.02    0.843779
-2    0.842593
-1.98    0.84138
-1.96    0.840142
-1.94    0.838878
-1.92    0.837588
-1.9    0.836271
-1.88    0.834927
-1.86    0.833557
-1.84    0.832161
-1.82    0.830738
-1.8    0.829289
-1.78    0.827813
-1.76    0.826311
-1.74    0.824783
-1.72    0.82323
-1.7    0.821651
-1.68    0.820048
-1.66    0.81842
-1.64    0.816769
-1.62    0.815094
-1.6    0.813397
-1.58    0.811678
-1.56    0.809939
-1.54    0.808179
-1.52    0.806401
-1.5    0.804605
-1.48    0.802793
-1.46    0.800965
-1.44    0.799123
-1.42    0.797269
-1.4    0.795404
-1.38    0.793529
-1.36    0.791646
-1.34    0.789758
-1.32    0.787865
-1.3    0.785969
-1.28    0.784074
-1.26    0.78218
-1.24    0.780289
-1.22    0.778405
-1.2    0.776528
-1.18    0.774661
-1.16    0.772807
-1.14    0.770967
-1.12    0.769143
-1.1    0.767339
-1.08    0.765556
-1.06    0.763797
-1.04    0.762063
-1.02    0.760357
-1    0.758681
-0.98    0.757038
-0.96    0.755429
-0.94    0.753856
-0.92    0.752322
-0.9    0.750828
-0.88    0.749376
-0.86    0.747968
-0.84    0.746606
-0.82    0.745291
-0.8    0.744025
-0.78    0.742809
-0.76    0.741645
-0.74    0.740534
-0.72    0.739476
-0.7    0.738474
-0.68    0.737529
-0.66    0.73664
-0.64    0.735809
-0.62    0.735037
-0.6    0.734325
-0.58    0.733672
-0.56    0.733081
-0.54    0.732551
-0.52    0.732083
-0.5    0.731677
-0.48    0.731334
-0.46    0.731054
-0.44    0.730838
-0.42    0.730686
-0.4    0.730599
-0.38    0.730576
-0.36    0.730619
-0.34    0.730728
-0.32    0.730904
-0.3    0.731146
-0.28    0.731456
-0.26    0.731834
-0.24    0.73228
-0.22    0.732796
-0.2    0.733381
-0.18    0.734036
-0.16    0.734762
-0.14    0.735559
-0.12    0.736427
-0.1    0.737367
-0.08    0.738378
-0.06    0.739461
-0.04    0.740614
-0.02    0.741838
-1.80342e-14    0.743131
0.02    0.744492
0.04    0.74592
0.06    0.747412
0.08    0.748966
0.1    0.750578
0.12    0.752246
0.14    0.753965
0.16    0.755731
0.18    0.757538
0.2    0.759381
0.22    0.761255
0.24    0.763152
0.26    0.765066
0.28    0.76699
0.3    0.768917
0.32    0.77084
0.34    0.772752
0.36    0.774645
0.38    0.776513
0.4    0.77835
0.42    0.780149
0.44    0.781905
0.46    0.783615
0.48    0.785272
0.5    0.786875
0.52    0.788422
0.54    0.78991
0.56    0.791339
0.58    0.79271
0.6    0.794023
0.62    0.79528
0.64    0.796484
0.66    0.797638
0.68    0.798746
0.7    0.799812
0.72    0.800842
0.74    0.80184
0.76    0.802812
0.78    0.803763
0.8    0.8047
0.82    0.805628
0.84    0.806554
0.86    0.807482
0.88    0.808418
0.9    0.809368
0.92    0.810337
0.94    0.811329
0.96    0.81235
0.98    0.813402
1    0.814491
1.02    0.815619
1.04    0.816788
1.06    0.818002
1.08    0.819263
1.1    0.820572
1.12    0.82193
1.14    0.823338
1.16    0.824796
1.18    0.826305
1.2    0.827863
1.22    0.829471
1.24    0.831126
1.26    0.832829
1.28    0.834576
1.3    0.836367
1.32    0.838198
1.34    0.840069
1.36    0.841975
1.38    0.843915
1.4    0.845886
1.42    0.847885
1.44    0.849908
1.46    0.851954
1.48    0.854018
1.5    0.856098
1.52    0.858191
1.54    0.860293
1.56    0.862403
1.58    0.864515
1.6    0.866629
1.62    0.868741
1.64    0.870848
1.66    0.872948
1.68    0.875039
1.7    0.877117
1.72    0.879181
1.74    0.881228
1.76    0.883257
1.78    0.885266
1.8    0.887253
1.82    0.889216
1.84    0.891154
1.86    0.893065
1.88    0.894949
1.9    0.896804
1.92    0.89863
1.94    0.900425
1.96    0.902188
1.98    0.90392
2    0.90562
2.02    0.907287
2.04    0.90892
2.06    0.910521
2.08    0.912088
2.1    0.913621
2.12    0.915121
2.14    0.916587
2.16    0.91802
2.18    0.91942
2.2    0.920787
2.22    0.922122
2.24    0.923424
2.26    0.924694
2.28    0.925933
2.3    0.927141
2.32    0.928319
2.34    0.929466
2.36    0.930584
2.38    0.931673
2.4    0.932734
2.42    0.933766
2.44    0.934772
2.46    0.93575
2.48    0.936703
2.5    0.93763
2.52    0.938532
2.54    0.93941
2.56    0.940264
2.58    0.941094
2.6    0.941902
2.62    0.942688
2.64    0.943453
2.66    0.944196
2.68    0.944919
2.7    0.945623
2.72    0.946307
2.74    0.946972
2.76    0.947619
2.78    0.948248
2.8    0.94886
2.82    0.949455
2.84    0.950034
2.86    0.950597
2.88    0.951144
2.9    0.951677
2.92    0.952195
2.94    0.952698
2.96    0.953188
2.98    0.953665
3    0.954129
3.02    0.95458
3.04    0.955019
3.06    0.955446
3.08    0.955861
3.1    0.956265
3.12    0.956659
3.14    0.957041
3.16    0.957414
3.18    0.957776
3.2    0.958129
3.22    0.958472
3.24    0.958807
3.26    0.959132
3.28    0.959449
3.3    0.959757
3.32    0.960057
3.34    0.960349
3.36    0.960634
3.38    0.96091
3.4    0.96118
3.42    0.961443
3.44    0.961698
3.46    0.961947
3.48    0.96219
3.5    0.962426
3.52    0.962656
3.54    0.96288
3.56    0.963098
3.58    0.963311
3.6    0.963518
3.62    0.96372
3.64    0.963916
3.66    0.964107
3.68    0.964294
3.7    0.964475
3.72    0.964652
3.74    0.964825
3.76    0.964993
3.78    0.965156
3.8    0.965316
3.82    0.965471
3.84    0.965622
3.86    0.96577
3.88    0.965914
3.9    0.966054
3.92    0.96619
3.94    0.966323
3.96    0.966452
3.98    0.966579
4    0.966702
4.02    0.966822
4.04    0.966938
4.06    0.967052
4.08    0.967163
4.1    0.967271
4.12    0.967376
4.14    0.967479
4.16    0.967579
4.18    0.967676
4.2    0.967771
4.22    0.967864
4.24    0.967954
4.26    0.968042
4.28    0.968127
4.3    0.96821
4.32    0.968292
4.34    0.968371
4.36    0.968448
4.38    0.968523
4.4    0.968596
4.42    0.968667
4.44    0.968737
4.46    0.968805
4.48    0.96887
4.5    0.968935
4.52    0.968997
4.54    0.969058
4.56    0.969117
4.58    0.969175
4.6    0.969231
4.62    0.969286
4.64    0.96934
4.66    0.969392
4.68    0.969442
4.7    0.969491
4.72    0.969539
4.74    0.969586
4.76    0.969632
4.78    0.969676
4.8    0.969719
4.82    0.969761
4.84    0.969802
4.86    0.969842
4.88    0.96988
4.9    0.969918
4.92    0.969955
4.94    0.96999
4.96    0.970025
4.98    0.970059
