-5    0.999797
-4.98    0.999799
-4.96    0.9998
-4.94    0.999802
-4.92    0.999803
-4.9    0.999805
-4.88    0.999806
-4.86    0.999808
-4.84    0.999809
-4.82    0.99981
-4.8    0.999812
-4.78    0.999813
-4.76    0.999815
-4.74    0.999816
-4.72    0.999817
-4.7    0.999818
-4.68    0.99982
-4.66    0.999821
-4.64    0.999822
-4.62    0.999823
-4.6    0.999824
-4.58    0.999825
-4.56    0.999826
-4.54    0.999827
-4.52    0.999828
-4.5    0.999829
-4.48    0.99983
-4.46    0.999831
-4.44    0.999832
-4.42    0.999833
-4.4    0.999834
-4.38    0.999835
-4.36    0.999835
-4.34    0.999836
-4.32    0.999837
-4.3    0.999838
-4.28    0.999838
-4.26    0.999839
-4.24    0.999839
-4.22    0.99984
-4.2    0.999841
-4.18    0.999841
-4.16    0.999842
-4.14    0.999842
-4.12    0.999843
-4.1    0.999843
-4.08    0.999843
-4.06    0.999844
-4.04    0.999844
-4.02    0.999844
-4    0.999845
-3.98    0.999845
-3.96    0.999845
-3.94    0.999846
-3.92    0.999846
-3.9    0.999846
-3.88    0.999846
-3.86    0.999846
-3.84    0.999847
-3.82    0.999847
-3.8    0.999847
-3.78    0.999847
-3.76    0.999847
-3.74    0.999847
-3.72    0.999847
-3.7    0.999847
-3.68    0.999847
-3.66    0.999847
-3.64    0.999847
-3.62    0.999847
-3.6    0.999847
-3.58    0.999847
-3.56    0.999847
-3.54    0.999847
-3.52    0.999847
-3.5    0.999847
-3.48    0.999847
-3.46    0.999847
-3.44    0.999847
-3.42    0.999847
-3.4    0.999847
-3.38    0.999847
-3.36    0.999847
-3.34    0.999846
-3.32    0.999846
-3.3    0.999846
-3.28    0.999846
-3.26    0.999846
-3.24    0.999846
-3.22    0.999846
-3.2    0.999846
-3.18    0.999846
-3.16    0.999846
-3.14    0.999846
-3.12    0.999846
-3.1    0.999846
-3.08    0.999846
-3.06    0.999845
-3.04    0.999845
-3.02    0.999845
-3    0.999845
-2.98    0.999845
-2.96    0.999845
-2.94    0.999845
-2.92    0.999845
-2.9    0.999845
-2.88    0.999845
-2.86    0.999845
-2.84    0.999845
-2.82    0.999845
-2.8    0.999845
-2.78    0.999845
-2.76    0.999845
-2.74    0.999845
-2.72    0.999844
-2.7    0.999844
-2.68    0.999844
-2.66    0.999844
-2.64    0.999844
-2.62    0.999844
-2.6    0.999843
-2.58    0.999843
-2.56    0.999843
-2.54    0.999843
-2.52    0.999842
-2.5    0.999842
-2.48    0.999842
-2.46    0.999841
-2.44    0.999841
-2.42    0.99984
-2.4    0.99984
-2.38    0.999839
-2.36    0.999839
-2.34    0.999838
-2.32    0.999837
-2.3    0.999836
-2.28    0.999835
-2.26    0.999834
-2.24    0.999833
-2.22    0.999832
-2.2    0.999831
-2.18    0.999829
-2.16    0.999828
-2.14    0.999826
-2.12    0.999825
-2.1    0.999823
-2.08    0.999821
-2.06    0.999819
-2.04    0.999817
-2.02    0.999814
-2    0.999812
-1.98    0.999809
-1.96    0.999806
-1.94    0.999803
-1.92    0.9998
-1.9    0.999796
-1.88    0.999793
-1.86    0.999789
-1.84    0.999785
-1.82    0.999781
-1.8    0.999776
-1.78    0.999771
-1.76    0.999767
-1.74    0.999761
-1.72    0.999756
-1.7    0.99975
-1.68    0.999744
-1.66    0.999738
-1.64    0.999732
-1.62    0.999725
-1.6    0.999718
-1.58    0.999711
-1.56    0.999704
-1.54    0.999696
-1.52    0.999688
-1.5    0.99968
-1.48    0.999672
-1.46    0.999663
-1.44    0.999655
-1.42    0.999646
-1.4    0.999637
-1.38    0.999628
-1.36    0.999619
-1.34    0.99961
-1.32    0.999601
-1.3    0.999591
-1.28    0.999582
-1.26    0.999573
-1.24    0.999564
-1.22    0.999554
-1.2    0.999545
-1.18    0.999536
-1.16    0.999527
-1.14    0.999519
-1.12    0.99951
-1.1    0.999501
-1.08    0.999493
-1.06    0.999485
-1.04    0.999477
-1.02    0.999469
-1    0.999461
-0.98    0.999453
-0.96    0.999446
-0.94    0.999439
-0.92    0.999432
-0.9    0.999425
-0.88    0.999418
-0.86    0.999411
-0.84    0.999404
-0.82    0.999398
-0.8    0.999391
-0.78    0.999385
-0.76    0.999378
-0.74    0.999372
-0.72    0.999365
-0.7    0.999359
-0.68    0.999352
-0.66    0.999345
-0.64    0.999337
-0.62    0.99933
-0.6    0.999322
-0.58    0.999314
-0.56    0.999305
-0.54    0.999296
-0.52    0.999287
-0.5    0.999277
-0.48    0.999266
-0.46    0.999255
-0.44    0.999244
-0.42    0.999232
-0.4    0.999219
-0.38    0.999207
-0.36    0.999193
-0.34    0.99918
-0.32    0.999167
-0.3    0.999153
-0.28    0.99914
-0.26    0.999127
-0.24    0.999114
-0.22    0.999101
-0.2    0.999089
-0.18    0.999077
-0.16    0.999067
-0.14    0.999056
-0.12    0.999047
-0.1    0.999039
-0.08    0.999031
-0.06    0.999024
-0.04    0.999018
-0.02    0.999013
-1.80342e-14    0.999008
0.02    0.999005
0.04    0.999002
0.06    0.999001
0.08    0.999
0.1    0.999001
0.12    0.999002
0.14    0.999005
0.16    0.999008
0.18    0.999013
0.2    0.999019
0.22    0.999026
0.24    0.999034
0.26    0.999043
0.28    0.999054
0.3    0.999065
0.32    0.999078
0.34    0.999092
0.36    0.999107
0.38    0.999123
0.4    0.999139
0.42    0.999157
0.44    0.999175
0.46    0.999194
0.48    0.999213
0.5    0.999232
0.52    0.999252
0.54    0.999271
0.56    0.999291
0.58    0.99931
0.6    0.999328
0.62    0.999346
0.64    0.999364
0.66    0.999381
0.68    0.999397
0.7    0.999413
0.72    0.999427
0.74    0.999441
0.76    0.999455
0.78    0.999467
0.8    0.999479
0.82    0.999491
0.84    0.999501
0.86    0.999512
0.88    0.999521
0.9    0.99953
0.92    0.999539
0.94    0.999547
0.96    0.999555
0.98    0.999563
1    0.99957
1.02    0.999577
1.04    0.999583
1.06    0.999589
1.08    0.999596
1.1    0.999601
1.12    0.999607
1.14    0.999612
1.16    0.999618
1.18    0.999623
1.2    0.999628
1.22    0.999633
1.24    0.999637
1.26    0.999642
1.28    0.999647
1.3    0.999651
1.32    0.999655
1.34    0.99966
1.36    0.999664
1.38    0.999668
1.4    0.999672
1.42    0.999676
1.44    0.99968
1.46    0.999683
1.48    0.999687
1.5    0.999691
1.52    0.999694
1.54    0.999698
1.56    0.999701
1.58    0.999705
1.6    0.999708
1.62    0.999712
1.64    0.999715
1.66    0.999718
1.68    0.999721
1.7    0.999725
1.72    0.999728
1.74    0.999731
1.76    0.999734
1.78    0.999737
1.8    0.99974
1.82    0.999743
1.84    0.999746
1.86    0.999748
1.88    0.999751
1.9    0.999754
1.92    0.999757
1.94    0.999759
1.96    0.999762
1.98    0.999765
2    0.999767
2.02    0.99977
2.04    0.999772
2.06    0.999775
2.08    0.999777
2.1    0.99978
2.12    0.999782
2.14    0.999784
2.16    0.999787
2.18    0.999789
2.2    0.999791
2.22    0.999793
2.24    0.999795
2.26    0.999797
2.28    0.9998
2.3    0.999802
2.32    0.999804
2.34    0.999806
2.36    0.999808
2.38    0.999809
2.4    0.999811
2.42    0.999813
2.44    0.999815
2.46    0.999817
2.48    0.999819
2.5    0.99982
2.52    0.999822
2.54    0.999824
2.56    0.999826
2.58    0.999827
2.6    0.999829
2.62    0.99983
2.64    0.999832
2.66    0.999834
2.68    0.999835
2.7    0.999837
2.72    0.999838
2.74    0.99984
2.76    0.999841
2.78    0.999842
2.8    0.999844
2.82    0.999845
2.84    0.999846
2.86    0.999848
2.88    0.999849
2.9    0.99985
2.92    0.999852
2.94    0.999853
2.96    0.999854
2.98    0.999855
3    0.999856
3.02    0.999858
3.04    0.999859
3.06    0.99986
3.08    0.999861
3.1    0.999862
3.12    0.999863
3.14    0.999864
3.16    0.999865
3.18    0.999866
3.2    0.999867
3.22    0.999868
3.24    0.999869
3.26    0.99987
3.28    0.999871
3.3    0.999872
3.32    0.999873
3.34    0.999874
3.36    0.999875
3.38    0.999876
3.4    0.999877
3.42    0.999877
3.44    0.999878
3.46    0.999879
3.48    0.99988
3.5    0.999881
3.52    0.999881
3.54    0.999882
3.56    0.999883
3.58    0.999884
3.6    0.999884
3.62    0.999885
3.64    0.999886
3.66    0.999887
3.68    0.999887
3.7    0.999888
3.72    0.999889
3.74    0.999889
3.76    0.99989
3.78    0.999891
3.8    0.999891
3.82    0.999892
3.84    0.999892
3.86    0.999893
3.88    0.999894
3.9    0.999894
3.92    0.999895
3.94    0.999895
3.96    0.999896
3.98    0.999896
4    0.999897
4.02    0.999898
4.04    0.999898
4.06    0.999899
4.08    0.999899
4.1    0.9999
4.12    0.9999
4.14    0.999901
4.16    0.999901
4.18    0.999902
4.2    0.999902
4.22    0.999903
4.24    0.999903
4.26    0.999903
4.28    0.999904
4.3    0.999904
4.32    0.999905
4.34    0.999905
4.36    0.999906
4.38    0.999906
4.4    0.999906
4.42    0.999907
4.44    0.999907
4.46    0.999908
4.48    0.999908
4.5    0.999908
4.52    0.999909
4.54    0.999909
4.56    0.999909
4.58    0.99991
4.6    0.99991
4.62    0.999911
4.64    0.999911
4.66    0.999911
4.68    0.999912
4.7    0.999912
4.72    0.999912
4.74    0.999913
4.76    0.999913
4.78    0.999913
4.8    0.999913
4.82    0.999914
4.84    0.999914
4.86    0.999914
4.88    0.999915
4.9    0.999915
4.92    0.999915
4.94    0.999916
4.96    0.999916
4.98    0.999916
