-5    0.232527
-4.98    0.23373
-4.96    0.234938
-4.94    0.236152
-4.92    0.237371
-4.9    0.238597
-4.88    0.239827
-4.86    0.241064
-4.84    0.242306
-4.82    0.243554
-4.8    0.244808
-4.78    0.246067
-4.76    0.247332
-4.74    0.248603
-4.72    0.24988
-4.7    0.251162
-4.68    0.252449
-4.66    0.253743
-4.64    0.255042
-4.62    0.256347
-4.6    0.257658
-4.58    0.258974
-4.56    0.260296
-4.54    0.261624
-4.52    0.262957
-4.5    0.264296
-4.48    0.265641
-4.46    0.266991
-4.44    0.268347
-4.42    0.269709
-4.4    0.271076
-4.38    0.272449
-4.36    0.273828
-4.34    0.275212
-4.32    0.276602
-4.3    0.277997
-4.28    0.279398
-4.26    0.280804
-4.24    0.282216
-4.22    0.283634
-4.2    0.285057
-4.18    0.286486
-4.16    0.28792
-4.14    0.289359
-4.12    0.290804
-4.1    0.292255
-4.08    0.293711
-4.06    0.295172
-4.04    0.296638
-4.02    0.29811
-4    0.299587
-3.98    0.30107
-3.96    0.302558
-3.94    0.30405
-3.92    0.305549
-3.9    0.307052
-3.88    0.30856
-3.86    0.310074
-3.84    0.311592
-3.82    0.313116
-3.8    0.314644
-3.78    0.316178
-3.76    0.317716
-3.74    0.319259
-3.72    0.320807
-3.7    0.32236
-3.68    0.323917
-3.66    0.325479
-3.64    0.327045
-3.62    0.328617
-3.6    0.330192
-3.58    0.331772
-3.56    0.333357
-3.54    0.334945
-3.52    0.336538
-3.5    0.338135
-3.48    0.339737
-3.46    0.341342
-3.44    0.342951
-3.42    0.344564
-3.4    0.346181
-3.38    0.347802
-3.36    0.349426
-3.34    0.351054
-3.32    0.352686
-3.3    0.354321
-3.28    0.355959
-3.26    0.357601
-3.24    0.359245
-3.22    0.360893
-3.2    0.362544
-3.18    0.364197
-3.16    0.365854
-3.14    0.367513
-3.12    0.369175
-3.1    0.370839
-3.08    0.372505
-3.06    0.374174
-3.04    0.375845
-3.02    0.377518
-3    0.379193
-2.98    0.380869
-2.96    0.382548
-2.94    0.384228
-2.92    0.385909
-2.9    0.387592
-2.88    0.389276
-2.86    0.390961
-2.84    0.392646
-2.82    0.394333
-2.8    0.39602
-2.78    0.397708
-2.76    0.399396
-2.74    0.401085
-2.72    0.402773
-2.7    0.404462
-2.68    0.40615
-2.66    0.407838
-2.64    0.409525
-2.62    0.411212
-2.6    0.412898
-2.58    0.414583
-2.56    0.416267
-2.54    0.417949
-2.52    0.41963
-2.5    0.421309
-2.48    0.422987
-2.46    0.424663
-2.44    0.426336
-2.42    0.428007
-2.4    0.429675
-2.38    0.431341
-2.36    0.433004
-2.34    0.434664
-2.32    0.43632
-2.3    0.437973
-2.28    0.439623
-2.26    0.441268
-2.24    0.44291
-2.22    0.444547
-2.2    0.446179
-2.18    0.447807
-2.16    0.44943
-2.14    0.451048
-2.12    0.45266
-2.1    0.454267
-2.08    0.455868
-2.06    0.457463
-2.04    0.459052
-2.02    0.460633
-2    0.462209
-1.98    0.463777
-1.96    0.465337
-1.94    0.46689
-1.92    0.468436
-1.9    0.469973
-1.88    0.471501
-1.86    0.473021
-1.84    0.474531
-1.82    0.476033
-1.8    0.477524
-1.78    0.479005
-1.76    0.480476
-1.74    0.481937
-1.72    0.483386
-1.7    0.484824
-1.68    0.486249
-1.66    0.487663
-1.64    0.489064
-1.62    0.490451
-1.6    0.491826
-1.58    0.493186
-1.56    0.494532
-1.54    0.495863
-1.52    0.497178
-1.5    0.498478
-1.48    0.499761
-1.46    0.501027
-1.44    0.502275
-1.42    0.503506
-1.4    0.504717
-1.38    0.50591
-1.36    0.507082
-1.34    0.508234
-1.32    0.509364
-1.3    0.510472
-1.28    0.511557
-1.26    0.512619
-1.24    0.513657
-1.22    0.514669
-1.2    0.515656
-1.18    0.516615
-1.16    0.517547
-1.14    0.518451
-1.12    0.519325
-1.1    0.520168
-1.08    0.520981
-1.06    0.521761
-1.04    0.522507
-1.02    0.52322
-1    0.523897
-0.98    0.524537
-0.96    0.525141
-0.94    0.525705
-0.92    0.526231
-0.9    0.526715
-0.88    0.527158
-0.86    0.527558
-0.84    0.527915
-0.82    0.528226
-0.8    0.528492
-0.78    0.52871
-0.76    0.528881
-0.74    0.529003
-0.72    0.529076
-0.7    0.529097
-0.68    0.529068
-0.66    0.528986
-0.64    0.528852
-0.62    0.528665
-0.6    0.528423
-0.58    0.528128
-0.56    0.527778
-0.54    0.527374
-0.52    0.526914
-0.5    0.526401
-0.48    0.525833
-0.46    0.52521
-0.44    0.524535
-0.42    0.523806
-0.4    0.523026
-0.38    0.522195
-0.36    0.521314
-0.34    0.520384
-0.32    0.519408
-0.3    0.518387
-0.28    0.517323
-0.26    0.516219
-0.24    0.515075
-0.22    0.513896
-0.2    0.512684
-0.18    0.511441
-0.16    0.510171
-0.14    0.508877
-0.12    0.507563
-0.1    0.506231
-0.08    0.504887
-0.06    0.503532
-0.04    0.502172
-0.02    0.50081
-1.80342e-14    0.49945
0.02    0.498097
0.04    0.496754
0.06    0.495426
0.08    0.494117
0.1    0.49283
0.12    0.491571
0.14    0.490343
0.16    0.48915
0.18    0.487995
0.2    0.486884
0.22    0.485819
0.24    0.484804
0.26    0.483843
0.28    0.482938
0.3    0.482093
0.32    0.481311
0.34    0.480595
0.36    0.479947
0.38    0.47937
0.4    0.478865
0.42    0.478436
0.44    0.478084
0.46    0.47781
0.48    0.477617
0.5    0.477506
0.52    0.477477
0.54    0.477533
0.56    0.477673
0.58    0.477899
0.6    0.478212
0.62    0.478611
0.64    0.479097
0.66    0.479671
0.68    0.480332
0.7    0.481081
0.72    0.481917
0.74    0.482839
0.76    0.483849
0.78    0.484945
0.8    0.486127
0.82    0.487394
0.84    0.488746
0.86    0.490183
0.88    0.491702
0.9    0.493304
0.92    0.494988
0.94    0.496753
0.96    0.498598
0.98    0.500521
1    0.502523
1.02    0.504602
1.04    0.506756
1.06    0.508986
1.08    0.511289
1.1    0.513665
1.12    0.516113
1.14    0.51863
1.16    0.521217
1.18    0.523872
1.2    0.526593
1.22    0.52938
1.24    0.532231
1.26    0.535145
1.28    0.53812
1.3    0.541155
1.32    0.544249
1.34    0.547401
1.36    0.550609
1.38    0.553871
1.4    0.557186
1.42    0.560553
1.44    0.56397
1.46    0.567436
1.48    0.570949
1.5    0.574508
1.52    0.57811
1.54    0.581755
1.56    0.58544
1.58    0.589165
1.6    0.592927
1.62    0.596724
1.64    0.600556
1.66    0.604419
1.68    0.608313
1.7    0.612236
1.72    0.616186
1.74    0.62016
1.76    0.624158
1.78    0.628177
1.8    0.632215
1.82    0.636272
1.84    0.640343
1.86    0.644429
1.88    0.648526
1.9    0.652633
1.92    0.656748
1.94    0.66087
1.96    0.664995
1.98    0.669123
2    0.673251
2.02    0.677378
2.04    0.681501
2.06    0.685619
2.08    0.68973
2.1    0.693832
2.12    0.697923
2.14    0.702002
2.16    0.706066
2.18    0.710115
2.2    0.714146
2.22    0.718157
2.24    0.722147
2.26    0.726115
2.28    0.730059
2.3    0.733977
2.32    0.737868
2.34    0.74173
2.36    0.745563
2.38    0.749364
2.4    0.753133
2.42    0.756868
2.44    0.760569
2.46    0.764234
2.48    0.767861
2.5    0.771451
2.52    0.775002
2.54    0.778513
2.56    0.781983
2.58    0.785412
2.6    0.788799
2.62    0.792144
2.64    0.795445
2.66    0.798702
2.68    0.801914
2.7    0.805082
2.72    0.808205
2.74    0.811282
2.76    0.814314
2.78    0.817299
2.8    0.820238
2.82    0.823131
2.84    0.825977
2.86    0.828777
2.88    0.831531
2.9    0.834238
2.92    0.836899
2.94    0.839513
2.96    0.842082
2.98    0.844604
3    0.847081
3.02    0.849513
3.04    0.8519
3.06    0.854242
3.08    0.856539
3.1    0.858793
3.12    0.861003
3.14    0.863169
3.16    0.865293
3.18    0.867375
3.2    0.869415
3.22    0.871414
3.24    0.873372
3.26    0.87529
3.28    0.877168
3.3    0.879006
3.32    0.880807
3.34    0.882569
3.36    0.884294
3.38    0.885981
3.4    0.887633
3.42    0.889249
3.44    0.89083
3.46    0.892376
3.48    0.893888
3.5    0.895367
3.52    0.896814
3.54    0.898228
3.56    0.899611
3.58    0.900963
3.6    0.902284
3.62    0.903576
3.64    0.904838
3.66    0.906072
3.68    0.907278
3.7    0.908457
3.72    0.909608
3.74    0.910734
3.76    0.911833
3.78    0.912908
3.8    0.913957
3.82    0.914983
3.84    0.915984
3.86    0.916963
3.88    0.917919
3.9    0.918853
3.92    0.919765
3.94    0.920656
3.96    0.921526
3.98    0.922376
4    0.923207
4.02    0.924018
4.04    0.92481
4.06    0.925583
4.08    0.926339
4.1    0.927077
4.12    0.927798
4.14    0.928501
4.16    0.929189
4.18    0.92986
4.2    0.930516
4.22    0.931157
4.24    0.931782
4.26    0.932393
4.28    0.93299
4.3    0.933573
4.32    0.934142
4.34    0.934698
4.36    0.935241
4.38    0.935771
4.4    0.936289
4.42    0.936795
4.44    0.937289
4.46    0.937772
4.48    0.938243
4.5    0.938704
4.52    0.939153
4.54    0.939593
4.56    0.940022
4.58    0.940441
4.6    0.940851
4.62    0.941251
4.64    0.941641
4.66    0.942023
4.68    0.942396
4.7    0.94276
4.72    0.943116
4.74    0.943464
4.76    0.943803
4.78    0.944135
4.8    0.944459
4.82    0.944776
4.84    0.945086
4.86    0.945388
4.88    0.945683
4.9    0.945972
4.92    0.946254
4.94    0.946529
4.96    0.946798
4.98    0.947061
