-5    0.284576
-4.98    0.28458
-4.96    0.284584
-4.94    0.284588
-4.92    0.284592
-4.9    0.284597
-4.88    0.284601
-4.86    0.284605
-4.84    0.28461
-4.82    0.284615
-4.8    0.284619
-4.78    0.284624
-4.76    0.284629
-4.74    0.284634
-4.72    0.28464
-4.7    0.284645
-4.68    0.28465
-4.66    0.284656
-4.64    0.284662
-4.62    0.284667
-4.6    0.284673
-4.58    0.284679
-4.56    0.284686
-4.54    0.284692
-4.52    0.284698
-4.5    0.284705
-4.48    0.284712
-4.46    0.284719
-4.44    0.284726
-4.42    0.284733
-4.4    0.28474
-4.38    0.284748
-4.36    0.284756
-4.34    0.284764
-4.32    0.284772
-4.3    0.28478
-4.28    0.284788
-4.26    0.284797
-4.24    0.284806
-4.22    0.284815
-4.2    0.284824
-4.18    0.284834
-4.16    0.284844
-4.14    0.284854
-4.12    0.284864
-4.1    0.284875
-4.08    0.284885
-4.06    0.284896
-4.04    0.284908
-4.02    0.284919
-4    0.284931
-3.98    0.284943
-3.96    0.284956
-3.94    0.284969
-3.92    0.284982
-3.9    0.284995
-3.88    0.285009
-3.86    0.285023
-3.84    0.285038
-3.82    0.285053
-3.8    0.285068
-3.78    0.285084
-3.76    0.2851
-3.74    0.285116
-3.72    0.285133
-3.7    0.285151
-3.68    0.285169
-3.66    0.285187
-3.64    0.285206
-3.62    0.285226
-3.6    0.285246
-3.58    0.285266
-3.56    0.285287
-3.54    0.285309
-3.52    0.285332
-3.5    0.285355
-3.48    0.285378
-3.46    0.285403
-3.44    0.285428
-3.42    0.285454
-3.4    0.28548
-3.38    0.285508
-3.36    0.285536
-3.34    0.285565
-3.32    0.285595
-3.3    0.285626
-3.28    0.285658
-3.26    0.28569
-3.24    0.285724
-3.22    0.285759
-3.2    0.285795
-3.18    0.285832
-3.16    0.28587
-3.14    0.28591
-3.12    0.285951
-3.1    0.285993
-3.08    0.286036
-3.06    0.286081
-3.04    0.286127
-3.02    0.286175
-3    0.286224
-2.98    0.286275
-2.96    0.286328
-2.94    0.286382
-2.92    0.286439
-2.9    0.286497
-2.88    0.286557
-2.86    0.286619
-2.84    0.286684
-2.82    0.28675
-2.8    0.286819
-2.78    0.28689
-2.76    0.286964
-2.74    0.28704
-2.72    0.287119
-2.7    0.287201
-2.68    0.287286
-2.66    0.287373
-2.64    0.287464
-2.62    0.287558
-2.6    0.287655
-2.58    0.287756
-2.56    0.28786
-2.54    0.287969
-2.52    0.288081
-2.5    0.288197
-2.48    0.288317
-2.46    0.288442
-2.44    0.288571
-2.42    0.288705
-2.4    0.288844
-2.38    0.288987
-2.36    0.289137
-2.34    0.289291
-2.32    0.289451
-2.3    0.289617
-2.28    0.28979
-2.26    0.289968
-2.24    0.290153
-2.22    0.290345
-2.2    0.290544
-2.18    0.29075
-2.16    0.290963
-2.14    0.291184
-2.12    0.291414
-2.1    0.291651
-2.08    0.291897
-2.06    0.292152
-2.04    0.292416
-2.02    0.29269
-2    0.292973
-1.98    0.293266
-1.96    0.29357
-1.94    0.293884
-1.92    0.294208
-1.9    0.294544
-1.88    0.294892
-1.86    0.295251
-1.84    0.295622
-1.82    0.296006
-1.8    0.296402
-1.78    0.296811
-1.76    0.297232
-1.74    0.297667
-1.72    0.298116
-1.7    0.298578
-1.68    0.299054
-1.66    0.299544
-1.64    0.300047
-1.62    0.300565
-1.6    0.301097
-1.58    0.301643
-1.56    0.302202
-1.54    0.302776
-1.52    0.303363
-1.5    0.303964
-1.48    0.304578
-1.46    0.305204
-1.44    0.305843
-1.42    0.306493
-1.4    0.307154
-1.38    0.307826
-1.36    0.308507
-1.34    0.309196
-1.32    0.309893
-1.3    0.310596
-1.28    0.311304
-1.26    0.312016
-1.24    0.31273
-1.22    0.313445
-1.2    0.314158
-1.18    0.314869
-1.16    0.315574
-1.14    0.316273
-1.12    0.316962
-1.1    0.31764
-1.08    0.318305
-1.06    0.318953
-1.04    0.319583
-1.02    0.320191
-1    0.320777
-0.98    0.321336
-0.96    0.321867
-0.94    0.322367
-0.92    0.322834
-0.9    0.323265
-0.88    0.323659
-0.86    0.324012
-0.84    0.324324
-0.82    0.324593
-0.8    0.324817
-0.78    0.324994
-0.76    0.325123
-0.74    0.325204
-0.72    0.325236
-0.7    0.325218
-0.68    0.32515
-0.66    0.325033
-0.64    0.324866
-0.62    0.324651
-0.6    0.324387
-0.58    0.324077
-0.56    0.323721
-0.54    0.323321
-0.52    0.322879
-0.5    0.322396
-0.48    0.321874
-0.46    0.321315
-0.44    0.320723
-0.42    0.320098
-0.4    0.319444
-0.38    0.318763
-0.36    0.318056
-0.34    0.317327
-0.32    0.316578
-0.3    0.315812
-0.28    0.31503
-0.26    0.314235
-0.24    0.313428
-0.22    0.312613
-0.2    0.31179
-0.18    0.310963
-0.16    0.310132
-0.14    0.309299
-0.12    0.308466
-0.1    0.307634
-0.08    0.306804
-0.06    0.305978
-0.04    0.305157
-0.02    0.304341
-1.80342e-14    0.303531
0.02    0.302729
0.04    0.301935
0.06    0.30115
0.08    0.300373
0.1    0.299605
0.12    0.298848
0.14    0.2981
0.16    0.297363
0.18    0.296635
0.2    0.295919
0.22    0.295213
0.24    0.294517
0.26    0.293832
0.28    0.293157
0.3    0.292492
0.32    0.291838
0.34    0.291193
0.36    0.290559
0.38    0.289934
0.4    0.289319
0.42    0.288713
0.44    0.288116
0.46    0.287527
0.48    0.286948
0.5    0.286376
0.52    0.285813
0.54    0.285258
0.56    0.28471
0.58    0.28417
0.6    0.283637
0.62    0.283111
0.64    0.282591
0.66    0.282078
0.68    0.281571
0.7    0.281071
0.72    0.280576
0.74    0.280087
0.76    0.279603
0.78    0.279125
0.8    0.278651
0.82    0.278183
0.84    0.277719
0.86    0.27726
0.88    0.276806
0.9    0.276356
0.92    0.27591
0.94    0.275469
0.96    0.275031
0.98    0.274597
1    0.274167
1.02    0.273741
1.04    0.273318
1.06    0.272899
1.08    0.272483
1.1    0.272071
1.12    0.271662
1.14    0.271256
1.16    0.270853
1.18    0.270454
1.2    0.270057
1.22    0.269664
1.24    0.269273
1.26    0.268886
1.28    0.268502
1.3    0.26812
1.32    0.267742
1.34    0.267366
1.36    0.266993
1.38    0.266623
1.4    0.266256
1.42    0.265892
1.44    0.265531
1.46    0.265172
1.48    0.264817
1.5    0.264464
1.52    0.264114
1.54    0.263767
1.56    0.263423
1.58    0.263081
1.6    0.262743
1.62    0.262407
1.64    0.262074
1.66    0.261744
1.68    0.261417
1.7    0.261093
1.72    0.260772
1.74    0.260454
1.76    0.260139
1.78    0.259826
1.8    0.259517
1.82    0.25921
1.84    0.258907
1.86    0.258606
1.88    0.258309
1.9    0.258014
1.92    0.257723
1.94    0.257434
1.96    0.257148
1.98    0.256866
2    0.256586
2.02    0.25631
2.04    0.256036
2.06    0.255766
2.08    0.255498
2.1    0.255234
2.12    0.254973
2.14    0.254714
2.16    0.254459
2.18    0.254207
2.2    0.253957
2.22    0.253711
2.24    0.253468
2.26    0.253227
2.28    0.25299
2.3    0.252755
2.32    0.252524
2.34    0.252295
2.36    0.25207
2.38    0.251847
2.4    0.251627
2.42    0.251411
2.44    0.251197
2.46    0.250986
2.48    0.250777
2.5    0.250572
2.52    0.250369
2.54    0.25017
2.56    0.249973
2.58    0.249778
2.6    0.249587
2.62    0.249398
2.64    0.249212
2.66    0.249029
2.68    0.248848
2.7    0.24867
2.72    0.248494
2.74    0.248322
2.76    0.248151
2.78    0.247983
2.8    0.247818
2.82    0.247655
2.84    0.247495
2.86    0.247337
2.88    0.247182
2.9    0.247029
2.92    0.246878
2.94    0.24673
2.96    0.246583
2.98    0.24644
3    0.246298
3.02    0.246159
3.04    0.246022
3.06    0.245887
3.08    0.245754
3.1    0.245624
3.12    0.245495
3.14    0.245369
3.16    0.245244
3.18    0.245122
3.2    0.245002
3.22    0.244883
3.24    0.244767
3.26    0.244652
3.28    0.24454
3.3    0.244429
3.32    0.24432
3.34    0.244213
3.36    0.244108
3.38    0.244004
3.4    0.243902
3.42    0.243802
3.44    0.243704
3.46    0.243607
3.48    0.243512
3.5    0.243419
3.52    0.243327
3.54    0.243236
3.56    0.243148
3.58    0.24306
3.6    0.242975
3.62    0.24289
3.64    0.242807
3.66    0.242726
3.68    0.242646
3.7    0.242568
3.72    0.24249
3.74    0.242414
3.76    0.24234
3.78    0.242267
3.8    0.242195
3.82    0.242124
3.84    0.242054
3.86    0.241986
3.88    0.241919
3.9    0.241853
3.92    0.241788
3.94    0.241725
3.96    0.241662
3.98    0.241601
4    0.241541
4.02    0.241481
4.04    0.241423
4.06    0.241366
4.08    0.24131
4.1    0.241255
4.12    0.241201
4.14    0.241148
4.16    0.241095
4.18    0.241044
4.2    0.240994
4.22    0.240944
4.24    0.240896
4.26    0.240848
4.28    0.240801
4.3    0.240755
4.32    0.24071
4.34    0.240665
4.36    0.240622
4.38    0.240579
4.4    0.240537
4.42    0.240496
4.44    0.240455
4.46    0.240415
4.48    0.240376
4.5    0.240338
4.52    0.2403
4.54    0.240263
4.56    0.240227
4.58    0.240191
4.6    0.240156
4.62    0.240122
4.64    0.240088
4.66    0.240055
4.68    0.240022
4.7    0.23999
4.72    0.239959
4.74    0.239928
4.76    0.239898
4.78    0.239868
4.8    0.239839
4.82    0.23981
4.84    0.239782
4.86    0.239755
4.88    0.239728
4.9    0.239701
4.92    0.239675
4.94    0.239649
4.96    0.239624
4.98    0.239599
