-5    0.110445
-4.98    0.110256
-4.96    0.110064
-4.94    0.10987
-4.92    0.109674
-4.9    0.109476
-4.88    0.109275
-4.86    0.109072
-4.84    0.108867
-4.82    0.10866
-4.8    0.10845
-4.78    0.108239
-4.76    0.108025
-4.74    0.107809
-4.72    0.107591
-4.7    0.107371
-4.68    0.107148
-4.66    0.106924
-4.64    0.106698
-4.62    0.106469
-4.6    0.106239
-4.58    0.106006
-4.56    0.105772
-4.54    0.105536
-4.52    0.105298
-4.5    0.105058
-4.48    0.104816
-4.46    0.104573
-4.44    0.104328
-4.42    0.104081
-4.4    0.103832
-4.38    0.103582
-4.36    0.103331
-4.34    0.103077
-4.32    0.102823
-4.3    0.102567
-4.28    0.102309
-4.26    0.10205
-4.24    0.10179
-4.22    0.101529
-4.2    0.101266
-4.18    0.101003
-4.16    0.100738
-4.14    0.100472
-4.12    0.100205
-4.1    0.0999378
-4.08    0.0996693
-4.06    0.0994001
-4.04    0.0991302
-4.02    0.0988596
-4    0.0985884
-3.98    0.0983167
-3.96    0.0980446
-3.94    0.097772
-3.92    0.0974992
-3.9    0.0972261
-3.88    0.0969529
-3.86    0.0966795
-3.84    0.0964062
-3.82    0.0961329
-3.8    0.0958597
-3.78    0.0955867
-3.76    0.095314
-3.74    0.0950416
-3.72    0.0947697
-3.7    0.0944983
-3.68    0.0942275
-3.66    0.0939574
-3.64    0.093688
-3.62    0.0934195
-3.6    0.0931519
-3.58    0.0928853
-3.56    0.0926198
-3.54    0.0923554
-3.52    0.0920924
-3.5    0.0918307
-3.48    0.0915704
-3.46    0.0913117
-3.44    0.0910545
-3.42    0.0907991
-3.4    0.0905455
-3.38    0.0902937
-3.36    0.0900439
-3.34    0.0897962
-3.32    0.0895506
-3.3    0.0893072
-3.28    0.0890662
-3.26    0.0888276
-3.24    0.0885915
-3.22    0.088358
-3.2    0.0881273
-3.18    0.0878993
-3.16    0.0876742
-3.14    0.0874521
-3.12    0.087233
-3.1    0.0870172
-3.08    0.0868046
-3.06    0.0865953
-3.04    0.0863895
-3.02    0.0861873
-3    0.0859887
-2.98    0.0857939
-2.96    0.0856029
-2.94    0.0854159
-2.92    0.0852329
-2.9    0.085054
-2.88    0.0848794
-2.86    0.0847092
-2.84    0.0845434
-2.82    0.0843821
-2.8    0.0842255
-2.78    0.0840737
-2.76    0.0839268
-2.74    0.0837848
-2.72    0.0836479
-2.7    0.0835162
-2.68    0.0833898
-2.66    0.0832689
-2.64    0.0831534
-2.62    0.0830436
-2.6    0.0829396
-2.58    0.0828415
-2.56    0.0827493
-2.54    0.0826633
-2.52    0.0825835
-2.5    0.0825101
-2.48    0.0824433
-2.46    0.082383
-2.44    0.0823295
-2.42    0.0822829
-2.4    0.0822434
-2.38    0.082211
-2.36    0.082186
-2.34    0.0821684
-2.32    0.0821585
-2.3    0.0821563
-2.28    0.0821621
-2.26    0.082176
-2.24    0.0821981
-2.22    0.0822287
-2.2    0.0822678
-2.18    0.0823158
-2.16    0.0823727
-2.14    0.0824388
-2.12    0.0825142
-2.1    0.0825992
-2.08    0.0826939
-2.06    0.0827986
-2.04    0.0829135
-2.02    0.0830387
-2    0.0831746
-1.98    0.0833213
-1.96    0.0834792
-1.94    0.0836484
-1.92    0.0838292
-1.9    0.0840218
-1.88    0.0842267
-1.86    0.0844439
-1.84    0.0846739
-1.82    0.0849168
-1.8    0.0851731
-1.78    0.0854431
-1.76    0.085727
-1.74    0.0860252
-1.72    0.086338
-1.7    0.0866659
-1.68    0.0870091
-1.66    0.087368
-1.64    0.0877431
-1.62    0.0881347
-1.6    0.0885432
-1.58    0.0889691
-1.56    0.0894127
-1.54    0.0898745
-1.52    0.090355
-1.5    0.0908545
-1.48    0.0913736
-1.46    0.0919127
-1.44    0.0924722
-1.42    0.0930527
-1.4    0.0936547
-1.38    0.0942785
-1.36    0.0949247
-1.34    0.0955938
-1.32    0.0962863
-1.3    0.0970025
-1.28    0.0977431
-1.26    0.0985084
-1.24    0.0992988
-1.22    0.100115
-1.2    0.100957
-1.18    0.101825
-1.16    0.102721
-1.14    0.103643
-1.12    0.104592
-1.1    0.10557
-1.08    0.106575
-1.06    0.107608
-1.04    0.108669
-1.02    0.109758
-1    0.110875
-0.98    0.112021
-0.96    0.113194
-0.94    0.114395
-0.92    0.115623
-0.9    0.116878
-0.88    0.11816
-0.86    0.119467
-0.84    0.1208
-0.82    0.122157
-0.8    0.123538
-0.78    0.124941
-0.76    0.126366
-0.74    0.127811
-0.72    0.129275
-0.7    0.130756
-0.68    0.132254
-0.66    0.133766
-0.64    0.135291
-0.62    0.136828
-0.6    0.138373
-0.58    0.139926
-0.56    0.141485
-0.54    0.143046
-0.52    0.14461
-0.5    0.146172
-0.48    0.147731
-0.46    0.149286
-0.44    0.150833
-0.42    0.152371
-0.4    0.153898
-0.38    0.155411
-0.36    0.156908
-0.34    0.158388
-0.32    0.159848
-0.3    0.161286
-0.28    0.162701
-0.26    0.164091
-0.24    0.165455
-0.22    0.166789
-0.2    0.168094
-0.18    0.169368
-0.16    0.170609
-0.14    0.171817
-0.12    0.172989
-0.1    0.174126
-0.08    0.175226
-0.06    0.176289
-0.04    0.177313
-0.02    0.178299
-1.80342e-14    0.179246
0.02    0.180153
0.04    0.18102
0.06    0.181847
0.08    0.182634
0.1    0.183381
0.12    0.184088
0.14    0.184754
0.16    0.185381
0.18    0.185968
0.2    0.186516
0.22    0.187025
0.24    0.187495
0.26    0.187926
0.28    0.18832
0.3    0.188676
0.32    0.188996
0.34    0.189279
0.36    0.189526
0.38    0.189739
0.4    0.189916
0.42    0.190059
0.44    0.19017
0.46    0.190247
0.48    0.190292
0.5    0.190305
0.52    0.190287
0.54    0.190239
0.56    0.190162
0.58    0.190055
0.6    0.189919
0.62    0.189756
0.64    0.189565
0.66    0.189347
0.68    0.189104
0.7    0.188834
0.72    0.18854
0.74    0.188221
0.76    0.187878
0.78    0.187512
0.8    0.187123
0.82    0.186711
0.84    0.186278
0.86    0.185824
0.88    0.185348
0.9    0.184852
0.92    0.184337
0.94    0.183802
0.96    0.183248
0.98    0.182676
1    0.182085
1.02    0.181478
1.04    0.180853
1.06    0.180211
1.08    0.179553
1.1    0.17888
1.12    0.178191
1.14    0.177487
1.16    0.176769
1.18    0.176037
1.2    0.17529
1.22    0.174531
1.24    0.173759
1.26    0.172974
1.28    0.172177
1.3    0.171368
1.32    0.170549
1.34    0.169718
1.36    0.168876
1.38    0.168025
1.4    0.167164
1.42    0.166293
1.44    0.165413
1.46    0.164525
1.48    0.163629
1.5    0.162724
1.52    0.161812
1.54    0.160893
1.56    0.159967
1.58    0.159035
1.6    0.158097
1.62    0.157153
1.64    0.156203
1.66    0.155249
1.68    0.15429
1.7    0.153327
1.72    0.15236
1.74    0.151389
1.76    0.150415
1.78    0.149439
1.8    0.148459
1.82    0.147478
1.84    0.146495
1.86    0.14551
1.88    0.144524
1.9    0.143537
1.92    0.142549
1.94    0.141561
1.96    0.140573
1.98    0.139586
2    0.138599
2.02    0.137613
2.04    0.136629
2.06    0.135646
2.08    0.134664
2.1    0.133685
2.12    0.132708
2.14    0.131734
2.16    0.130763
2.18    0.129795
2.2    0.12883
2.22    0.127869
2.24    0.126912
2.26    0.125958
2.28    0.12501
2.3    0.124065
2.32    0.123126
2.34    0.122191
2.36    0.121262
2.38    0.120338
2.4    0.11942
2.42    0.118507
2.44    0.117601
2.46    0.1167
2.48    0.115806
2.5    0.114918
2.52    0.114036
2.54    0.113162
2.56    0.112294
2.58    0.111433
2.6    0.110579
2.62    0.109732
2.64    0.108893
2.66    0.108061
2.68    0.107237
2.7    0.10642
2.72    0.105611
2.74    0.10481
2.76    0.104017
2.78    0.103232
2.8    0.102454
2.82    0.101685
2.84    0.100923
2.86    0.10017
2.88    0.0994255
2.9    0.0986888
2.92    0.0979603
2.94    0.0972402
2.96    0.0965283
2.98    0.0958248
3    0.0951296
3.02    0.0944427
3.04    0.0937642
3.06    0.093094
3.08    0.0924321
3.1    0.0917786
3.12    0.0911334
3.14    0.0904964
3.16    0.0898678
3.18    0.0892474
3.2    0.0886352
3.22    0.0880312
3.24    0.0874353
3.26    0.0868476
3.28    0.0862679
3.3    0.0856963
3.32    0.0851326
3.34    0.0845769
3.36    0.0840291
3.38    0.0834892
3.4    0.082957
3.42    0.0824325
3.44    0.0819157
3.46    0.0814065
3.48    0.0809049
3.5    0.0804108
3.52    0.079924
3.54    0.0794447
3.56    0.0789726
3.58    0.0785077
3.6    0.07805
3.62    0.0775993
3.64    0.0771557
3.66    0.076719
3.68    0.0762891
3.7    0.075866
3.72    0.0754497
3.74    0.07504
3.76    0.0746368
3.78    0.0742401
3.8    0.0738498
3.82    0.0734658
3.84    0.0730881
3.86    0.0727166
3.88    0.0723512
3.9    0.0719917
3.92    0.0716383
3.94    0.0712907
3.96    0.0709488
3.98    0.0706127
4    0.0702823
4.02    0.0699573
4.04    0.0696379
4.06    0.0693239
4.08    0.0690152
4.1    0.0687117
4.12    0.0684135
4.14    0.0681203
4.16    0.0678322
4.18    0.067549
4.2    0.0672707
4.22    0.0669972
4.24    0.0667285
4.26    0.0664644
4.28    0.066205
4.3    0.06595
4.32    0.0656996
4.34    0.0654535
4.36    0.0652117
4.38    0.0649742
4.4    0.0647409
4.42    0.0645117
4.44    0.0642866
4.46    0.0640654
4.48    0.0638482
4.5    0.0636349
4.52    0.0634253
4.54    0.0632195
4.56    0.0630174
4.58    0.0628189
4.6    0.0626239
4.62    0.0624325
4.64    0.0622445
4.66    0.0620599
4.68    0.0618786
4.7    0.0617006
4.72    0.0615258
4.74    0.0613542
4.76    0.0611857
4.78    0.0610203
4.8    0.0608578
4.82    0.0606984
4.84    0.0605418
4.86    0.0603881
4.88    0.0602371
4.9    0.060089
4.92    0.0599435
4.94    0.0598008
4.96    0.0596606
4.98    0.059523
