-5    0.021945
-4.98    0.021945
-4.96    0.021945
-4.94    0.021945
-4.92    0.021945
-4.9    0.021945
-4.88    0.021945
-4.86    0.021945
-4.84    0.021945
-4.82    0.021945
-4.8    0.021945
-4.78    0.021945
-4.76    0.021945
-4.74    0.021945
-4.72    0.021945
-4.7    0.021945
-4.68    0.021945
-4.66    0.021945
-4.64    0.021945
-4.62    0.021945
-4.6    0.021945
-4.58    0.021945
-4.56    0.021945
-4.54    0.021945
-4.52    0.021945
-4.5    0.021945
-4.48    0.021945
-4.46    0.021945
-4.44    0.021945
-4.42    0.021945
-4.4    0.021945
-4.38    0.021945
-4.36    0.021945
-4.34    0.021945
-4.32    0.021945
-4.3    0.021945
-4.28    0.021945
-4.26    0.021945
-4.24    0.021945
-4.22    0.021945
-4.2    0.021945
-4.18    0.021945
-4.16    0.021945
-4.14    0.021945
-4.12    0.021945
-4.1    0.021945
-4.08    0.021945
-4.06    0.021945
-4.04    0.021945
-4.02    0.021945
-4    0.021945
-3.98    0.021945
-3.96    0.021945
-3.94    0.021945
-3.92    0.021945
-3.9    0.021945
-3.88    0.021945
-3.86    0.021945
-3.84    0.021945
-3.82    0.021945
-3.8    0.021945
-3.78    0.021945
-3.76    0.021945
-3.74    0.021945
-3.72    0.021945
-3.7    0.021945
-3.68    0.021945
-3.66    0.021945
-3.64    0.021945
-3.62    0.021945
-3.6    0.021945
-3.58    0.021945
-3.56    0.021945
-3.54    0.021945
-3.52    0.021945
-3.5    0.021945
-3.48    0.021945
-3.46    0.021945
-3.44    0.021945
-3.42    0.021945
-3.4    0.021945
-3.38    0.021945
-3.36    0.021945
-3.34    0.021945
-3.32    0.021945
-3.3    0.021945
-3.28    0.021945
-3.26    0.021945
-3.24    0.021945
-3.22    0.021945
-3.2    0.021945
-3.18    0.021945
-3.16    0.021945
-3.14    0.021945
-3.12    0.021945
-3.1    0.021945
-3.08    0.021945
-3.06    0.021945
-3.04    0.021945
-3.02    0.021945
-3    0.021945
-2.98    0.021945
-2.96    0.021945
-2.94    0.021945
-2.92    0.021945
-2.9    0.021945
-2.88    0.021945
-2.86    0.021945
-2.84    0.021945
-2.82    0.021945
-2.8    0.021945
-2.78    0.021945
-2.76    0.021945
-2.74    0.021945
-2.72    0.021945
-2.7    0.021945
-2.68    0.021945
-2.66    0.021945
-2.64    0.021945
-2.62    0.021945
-2.6    0.021945
-2.58    0.021945
-2.56    0.021945
-2.54    0.021945
-2.52    0.021945
-2.5    0.021945
-2.48    0.021945
-2.46    0.021945
-2.44    0.021945
-2.42    0.021945
-2.4    0.021945
-2.38    0.021945
-2.36    0.021945
-2.34    0.021945
-2.32    0.021945
-2.3    0.021945
-2.28    0.021945
-2.26    0.021945
-2.24    0.021945
-2.22    0.021945
-2.2    0.021945
-2.18    0.021945
-2.16    0.021945
-2.14    0.021945
-2.12    0.021945
-2.1    0.021945
-2.08    0.021945
-2.06    0.021945
-2.04    0.021945
-2.02    0.021945
-2    0.021945
-1.98    0.021945
-1.96    0.021945
-1.94    0.021945
-1.92    0.021945
-1.9    0.021945
-1.88    0.021945
-1.86    0.021945
-1.84    0.021945
-1.82    0.021945
-1.8    0.021945
-1.78    0.021945
-1.76    0.021945
-1.74    0.021945
-1.72    0.021945
-1.7    0.021945
-1.68    0.021945
-1.66    0.021945
-1.64    0.021945
-1.62    0.021945
-1.6    0.021945
-1.58    0.021945
-1.56    0.021945
-1.54    0.021945
-1.52    0.021945
-1.5    0.021945
-1.48    0.021945
-1.46    0.021945
-1.44    0.021945
-1.42    0.021945
-1.4    0.021945
-1.38    0.021945
-1.36    0.021945
-1.34    0.021945
-1.32    0.021945
-1.3    0.021945
-1.28    0.021945
-1.26    0.021945
-1.24    0.021945
-1.22    0.021945
-1.2    0.021945
-1.18    0.021945
-1.16    0.021945
-1.14    0.021945
-1.12    0.021945
-1.1    0.021945
-1.08    0.021945
-1.06    0.021945
-1.04    0.021945
-1.02    0.021945
-1    0.021945
-0.98    0.021945
-0.96    0.021945
-0.94    0.021945
-0.92    0.021945
-0.9    0.021945
-0.88    0.021945
-0.86    0.021945
-0.84    0.021945
-0.82    0.021945
-0.8    0.021945
-0.78    0.021945
-0.76    0.021945
-0.74    0.021945
-0.72    0.021945
-0.7    0.021945
-0.68    0.021945
-0.66    0.021945
-0.64    0.021945
-0.62    0.021945
-0.6    0.021945
-0.58    0.021945
-0.56    0.021945
-0.54    0.021945
-0.52    0.021945
-0.5    0.021945
-0.48    0.021945
-0.46    0.021945
-0.44    0.021945
-0.42    0.021945
-0.4    0.021945
-0.38    0.021945
-0.36    0.021945
-0.34    0.021945
-0.32    0.021945
-0.3    0.021945
-0.28    0.021945
-0.26    0.021945
-0.24    0.021945
-0.22    0.021945
-0.2    0.021945
-0.18    0.021945
-0.16    0.021945
-0.14    0.021945
-0.12    0.021945
-0.1    0.021945
-0.08    0.021945
-0.06    0.021945
-0.04    0.021945
-0.02    0.021945
-1.80342e-14    0.021945
0.02    0.021945
0.04    0.021945
0.06    0.021945
0.08    0.021945
0.1    0.021945
0.12    0.021945
0.14    0.0219449
0.16    0.0219449
0.18    0.0219449
0.2    0.0219449
0.22    0.0219449
0.24    0.0219449
0.26    0.0219449
0.28    0.0219449
0.3    0.0219449
0.32    0.0219449
0.34    0.0219449
0.36    0.0219448
0.38    0.0219448
0.4    0.0219448
0.42    0.0219448
0.44    0.0219448
0.46    0.0219448
0.48    0.0219447
0.5    0.0219447
0.52    0.0219447
0.54    0.0219447
0.56    0.0219446
0.58    0.0219446
0.6    0.0219446
0.62    0.0219445
0.64    0.0219445
0.66    0.0219445
0.68    0.0219444
0.7    0.0219444
0.72    0.0219443
0.74    0.0219443
0.76    0.0219442
0.78    0.0219442
0.8    0.0219441
0.82    0.021944
0.84    0.0219439
0.86    0.0219439
0.88    0.0219438
0.9    0.0219437
0.92    0.0219436
0.94    0.0219435
0.96    0.0219433
0.98    0.0219432
1    0.0219431
1.02    0.0219429
1.04    0.0219428
1.06    0.0219426
1.08    0.0219424
1.1    0.0219422
1.12    0.021942
1.14    0.0219418
1.16    0.0219416
1.18    0.0219413
1.2    0.021941
1.22    0.0219407
1.24    0.0219404
1.26    0.02194
1.28    0.0219396
1.3    0.0219392
1.32    0.0219388
1.34    0.0219383
1.36    0.0219378
1.38    0.0219372
1.4    0.0219366
1.42    0.021936
1.44    0.0219352
1.46    0.0219345
1.48    0.0219336
1.5    0.0219327
1.52    0.0219317
1.54    0.0219307
1.56    0.0219295
1.58    0.0219282
1.6    0.0219268
1.62    0.0219253
1.64    0.0219237
1.66    0.0219219
1.68    0.0219199
1.7    0.0219178
1.72    0.0219154
1.74    0.0219128
1.76    0.0219099
1.78    0.0219067
1.8    0.0219033
1.82    0.0218994
1.84    0.0218951
1.86    0.0218904
1.88    0.0218851
1.9    0.0218793
1.92    0.0218727
1.94    0.0218654
1.96    0.0218572
1.98    0.021848
2    0.0218377
2.02    0.021826
2.04    0.0218128
2.06    0.0217979
2.08    0.0217809
2.1    0.0217617
2.12    0.0217397
2.14    0.0217147
2.16    0.021686
2.18    0.0216532
2.2    0.0216156
2.22    0.0215723
2.24    0.0215226
2.26    0.0214653
2.28    0.0213993
2.3    0.0213233
2.32    0.0212358
2.34    0.0211349
2.36    0.0210189
2.38    0.0208857
2.4    0.0207329
2.42    0.0205581
2.44    0.0203588
2.46    0.0201323
2.48    0.0198761
2.5    0.0195875
2.52    0.0192644
2.54    0.0189049
2.56    0.0185075
2.58    0.0180717
2.6    0.0175975
2.62    0.0170861
2.64    0.0165395
2.66    0.0159611
2.68    0.0153551
2.7    0.0147265
2.72    0.0140814
2.74    0.0134262
2.76    0.0127676
2.78    0.0121123
2.8    0.0114667
2.82    0.0108365
2.84    0.0102269
2.86    0.0096421
2.88    0.00908541
2.9    0.00855918
2.92    0.00806488
2.94    0.00760318
2.96    0.00717406
2.98    0.0067769
3    0.00641066
3.02    0.00607396
3.04    0.00576517
3.06    0.00548254
3.08    0.00522426
3.1    0.00498849
3.12    0.00477343
3.14    0.00457737
3.16    0.00439866
3.18    0.00423577
3.2    0.00408727
3.22    0.00395185
3.24    0.00382829
3.26    0.0037155
3.28    0.00361247
3.3    0.00351829
3.32    0.00343215
3.34    0.00335329
3.36    0.00328104
3.38    0.00321481
3.4    0.00315404
3.42    0.00309823
3.44    0.00304695
3.46    0.0029998
3.48    0.00295641
3.5    0.00291645
3.52    0.00287963
3.54    0.00284568
3.56    0.00281436
3.58    0.00278544
3.6    0.00275873
3.62    0.00273405
3.64    0.00271123
3.66    0.00269013
3.68    0.00267059
3.7    0.00265251
3.72    0.00263576
3.74    0.00262024
3.76    0.00260585
3.78    0.00259252
3.8    0.00258015
3.82    0.00256867
3.84    0.00255802
3.86    0.00254814
3.88    0.00253896
3.9    0.00253044
3.92    0.00252253
3.94    0.00251517
3.96    0.00250834
3.98    0.00250199
4    0.00249608
4.02    0.0024906
4.04    0.00248549
4.06    0.00248075
4.08    0.00247633
4.1    0.00247223
4.12    0.00246841
4.14    0.00246486
4.16    0.00246155
4.18    0.00245848
4.2    0.00245561
4.22    0.00245295
4.24    0.00245047
4.26    0.00244816
4.28    0.00244601
4.3    0.00244402
4.32    0.00244215
4.34    0.00244042
4.36    0.00243881
4.38    0.0024373
4.4    0.0024359
4.42    0.0024346
4.44    0.00243339
4.46    0.00243226
4.48    0.00243121
4.5    0.00243023
4.52    0.00242932
4.54    0.00242847
4.56    0.00242767
4.58    0.00242694
4.6    0.00242625
4.62    0.00242561
4.64    0.00242502
4.66    0.00242446
4.68    0.00242394
4.7    0.00242346
4.72    0.00242301
4.74    0.0024226
4.76    0.00242221
4.78    0.00242185
4.8    0.00242151
4.82    0.00242119
4.84    0.0024209
4.86    0.00242063
4.88    0.00242037
4.9    0.00242014
4.92    0.00241992
4.94    0.00241971
4.96    0.00241952
4.98    0.00241934
