-5    0.900909
-4.98    0.900909
-4.96    0.900909
-4.94    0.900909
-4.92    0.900909
-4.9    0.900909
-4.88    0.900909
-4.86    0.900909
-4.84    0.900909
-4.82    0.900909
-4.8    0.900909
-4.78    0.900909
-4.76    0.900909
-4.74    0.900909
-4.72    0.900909
-4.7    0.900909
-4.68    0.900909
-4.66    0.900909
-4.64    0.900909
-4.62    0.900909
-4.6    0.900909
-4.58    0.900909
-4.56    0.900909
-4.54    0.900909
-4.52    0.900909
-4.5    0.900909
-4.48    0.900909
-4.46    0.900909
-4.44    0.900909
-4.42    0.900909
-4.4    0.900909
-4.38    0.900909
-4.36    0.900909
-4.34    0.900909
-4.32    0.900909
-4.3    0.900909
-4.28    0.900909
-4.26    0.900909
-4.24    0.900909
-4.22    0.900909
-4.2    0.900909
-4.18    0.900909
-4.16    0.900909
-4.14    0.900909
-4.12    0.900909
-4.1    0.900909
-4.08    0.900909
-4.06    0.900909
-4.04    0.900909
-4.02    0.900909
-4    0.900909
-3.98    0.900909
-3.96    0.900909
-3.94    0.900909
-3.92    0.900909
-3.9    0.900909
-3.88    0.900909
-3.86    0.900909
-3.84    0.900909
-3.82    0.900909
-3.8    0.900909
-3.78    0.900909
-3.76    0.900909
-3.74    0.900909
-3.72    0.900909
-3.7    0.900909
-3.68    0.900909
-3.66    0.900909
-3.64    0.900909
-3.62    0.900909
-3.6    0.900909
-3.58    0.900909
-3.56    0.900909
-3.54    0.900909
-3.52    0.900909
-3.5    0.900909
-3.48    0.900909
-3.46    0.900909
-3.44    0.900909
-3.42    0.900909
-3.4    0.900909
-3.38    0.900909
-3.36    0.900909
-3.34    0.900909
-3.32    0.900909
-3.3    0.900909
-3.28    0.900909
-3.26    0.900909
-3.24    0.900909
-3.22    0.900909
-3.2    0.900909
-3.18    0.900909
-3.16    0.900909
-3.14    0.900909
-3.12    0.900909
-3.1    0.900909
-3.08    0.900909
-3.06    0.900909
-3.04    0.900909
-3.02    0.900909
-3    0.900909
-2.98    0.900909
-2.96    0.900909
-2.94    0.900909
-2.92    0.900909
-2.9    0.900909
-2.88    0.900909
-2.86    0.900909
-2.84    0.900909
-2.82    0.900909
-2.8    0.900909
-2.78    0.900909
-2.76    0.900909
-2.74    0.900909
-2.72    0.900909
-2.7    0.900909
-2.68    0.900909
-2.66    0.900909
-2.64    0.900909
-2.62    0.900909
-2.6    0.900909
-2.58    0.900909
-2.56    0.900909
-2.54    0.900909
-2.52    0.900909
-2.5    0.900909
-2.48    0.900909
-2.46    0.900909
-2.44    0.900909
-2.42    0.900909
-2.4    0.900909
-2.38    0.900909
-2.36    0.900909
-2.34    0.900909
-2.32    0.900909
-2.3    0.900909
-2.28    0.900909
-2.26    0.900909
-2.24    0.900909
-2.22    0.900909
-2.2    0.900909
-2.18    0.900909
-2.16    0.900909
-2.14    0.900909
-2.12    0.900909
-2.1    0.900909
-2.08    0.900909
-2.06    0.900909
-2.04    0.900909
-2.02    0.900909
-2    0.900909
-1.98    0.900909
-1.96    0.900909
-1.94    0.900909
-1.92    0.900909
-1.9    0.900909
-1.88    0.900909
-1.86    0.900909
-1.84    0.900909
-1.82    0.900909
-1.8    0.900909
-1.78    0.900909
-1.76    0.900909
-1.74    0.900908
-1.72    0.900908
-1.7    0.900908
-1.68    0.900908
-1.66    0.900908
-1.64    0.900908
-1.62    0.900908
-1.6    0.900908
-1.58    0.900908
-1.56    0.900907
-1.54    0.900907
-1.52    0.900907
-1.5    0.900907
-1.48    0.900906
-1.46    0.900906
-1.44    0.900906
-1.42    0.900905
-1.4    0.900905
-1.38    0.900904
-1.36    0.900904
-1.34    0.900903
-1.32    0.900903
-1.3    0.900902
-1.28    0.900901
-1.26    0.9009
-1.24    0.900899
-1.22    0.900898
-1.2    0.900896
-1.18    0.900895
-1.16    0.900893
-1.14    0.900891
-1.12    0.900889
-1.1    0.900886
-1.08    0.900883
-1.06    0.90088
-1.04    0.900877
-1.02    0.900873
-1    0.900868
-0.98    0.900863
-0.96    0.900857
-0.94    0.900851
-0.92    0.900844
-0.9    0.900836
-0.88    0.900827
-0.86    0.900817
-0.84    0.900806
-0.82    0.900793
-0.8    0.900779
-0.78    0.900763
-0.76    0.900745
-0.74    0.900725
-0.72    0.900703
-0.7    0.900678
-0.68    0.90065
-0.66    0.900618
-0.64    0.900583
-0.62    0.900543
-0.6    0.900499
-0.58    0.900449
-0.56    0.900394
-0.54    0.900332
-0.52    0.900263
-0.5    0.900185
-0.48    0.900099
-0.46    0.900002
-0.44    0.899895
-0.42    0.899775
-0.4    0.899642
-0.38    0.899494
-0.36    0.89933
-0.34    0.899148
-0.32    0.898947
-0.3    0.898724
-0.28    0.898479
-0.26    0.898209
-0.24    0.897913
-0.22    0.897588
-0.2    0.897234
-0.18    0.896849
-0.16    0.896431
-0.14    0.895979
-0.12    0.895493
-0.1    0.894972
-0.08    0.894417
-0.06    0.893827
-0.04    0.893204
-0.02    0.89255
-1.80342e-14    0.891867
0.02    0.891159
0.04    0.890428
0.06    0.889679
0.08    0.888917
0.1    0.888145
0.12    0.887369
0.14    0.886594
0.16    0.885823
0.18    0.885061
0.2    0.884312
0.22    0.883579
0.24    0.882865
0.26    0.882171
0.28    0.881501
0.3    0.880856
0.32    0.880236
0.34    0.879642
0.36    0.879076
0.38    0.878538
0.4    0.878028
0.42    0.877546
0.44    0.877093
0.46    0.876667
0.48    0.876269
0.5    0.875897
0.52    0.875552
0.54    0.875231
0.56    0.874935
0.58    0.874662
0.6    0.874411
0.62    0.87418
0.64    0.873968
0.66    0.873775
0.68    0.873597
0.7    0.873435
0.72    0.873288
0.74    0.873153
0.76    0.873029
0.78    0.872917
0.8    0.872813
0.82    0.872719
0.84    0.872632
0.86    0.872552
0.88    0.872478
0.9    0.872409
0.92    0.872345
0.94    0.872285
0.96    0.872228
0.98    0.872174
1    0.872123
1.02    0.872074
1.04    0.872026
1.06    0.871979
1.08    0.871934
1.1    0.871888
1.12    0.871843
1.14    0.871798
1.16    0.871752
1.18    0.871705
1.2    0.871657
1.22    0.871608
1.24    0.871557
1.26    0.871505
1.28    0.87145
1.3    0.871393
1.32    0.871333
1.34    0.87127
1.36    0.871204
1.38    0.871135
1.4    0.871062
1.42    0.870984
1.44    0.870902
1.46    0.870815
1.48    0.870723
1.5    0.870626
1.52    0.870522
1.54    0.870412
1.56    0.870295
1.58    0.870171
1.6    0.870039
1.62    0.869899
1.64    0.86975
1.66    0.869591
1.68    0.869422
1.7    0.869241
1.72    0.86905
1.74    0.868845
1.76    0.868628
1.78    0.868395
1.8    0.868148
1.82    0.867884
1.84    0.867603
1.86    0.867303
1.88    0.866982
1.9    0.86664
1.92    0.866275
1.94    0.865885
1.96    0.865469
1.98    0.865023
2    0.864547
2.02    0.864038
2.04    0.863493
2.06    0.86291
2.08    0.862285
2.1    0.861616
2.12    0.860899
2.14    0.860129
2.16    0.859304
2.18    0.858418
2.2    0.857466
2.22    0.856443
2.24    0.855342
2.26    0.854158
2.28    0.852882
2.3    0.851507
2.32    0.850024
2.34    0.848422
2.36    0.846692
2.38    0.84482
2.4    0.842794
2.42    0.840598
2.44    0.838216
2.46    0.83563
2.48    0.832819
2.5    0.829759
2.52    0.826426
2.54    0.822791
2.56    0.818821
2.58    0.81448
2.6    0.809728
2.62    0.804521
2.64    0.798807
2.66    0.79253
2.68    0.785628
2.7    0.778031
2.72    0.769661
2.74    0.760433
2.76    0.750254
2.78    0.739022
2.8    0.726628
2.82    0.712957
2.84    0.69789
2.86    0.681305
2.88    0.663084
2.9    0.64312
2.92    0.62132
2.94    0.597622
2.96    0.572001
2.98    0.544483
3    0.515161
3.02    0.484202
3.04    0.451856
3.06    0.418461
3.08    0.38443
3.1    0.350239
3.12    0.316401
3.14    0.283435
3.16    0.25183
3.18    0.222011
3.2    0.194318
3.22    0.168984
3.24    0.146136
3.26    0.125798
3.28    0.107906
3.3    0.0923273
3.32    0.0788843
3.34    0.0673702
3.36    0.0575674
3.38    0.0492606
3.4    0.0422456
3.42    0.0363349
3.44    0.0313609
3.46    0.0271765
3.48    0.0236545
3.5    0.0206867
3.52    0.0181815
3.54    0.016062
3.56    0.0142641
3.58    0.0127345
3.6    0.011429
3.62    0.0103109
3.64    0.00935009
3.66    0.00852139
3.68    0.00780407
3.7    0.0071809
3.72    0.00663758
3.74    0.0061622
3.76    0.00574481
3.78    0.00537711
3.8    0.0050521
3.82    0.00476392
3.84    0.00450761
3.86    0.00427897
3.88    0.00407443
3.9    0.00389095
3.92    0.00372595
3.94    0.00357719
3.96    0.00344275
3.98    0.00332099
4    0.00321047
4.02    0.00310995
4.04    0.00301836
4.06    0.00293474
4.08    0.00285828
4.1    0.00278824
4.12    0.00272399
4.14    0.00266496
4.16    0.00261065
4.18    0.00256063
4.2    0.00251449
4.22    0.00247188
4.24    0.0024325
4.26    0.00239606
4.28    0.0023623
4.3    0.00233101
4.32    0.00230197
4.34    0.002275
4.36    0.00224994
4.38    0.00222663
4.4    0.00220494
4.42    0.00218474
4.44    0.00216591
4.46    0.00214836
4.48    0.00213199
4.5    0.00211671
4.52    0.00210244
4.54    0.00208911
4.56    0.00207665
4.58    0.002065
4.6    0.0020541
4.62    0.00204391
4.64    0.00203437
4.66    0.00202543
4.68    0.00201707
4.7    0.00200923
4.72    0.00200188
4.74    0.001995
4.76    0.00198855
4.78    0.0019825
4.8    0.00197682
4.82    0.0019715
4.84    0.0019665
4.86    0.00196182
4.88    0.00195742
4.9    0.00195329
4.92    0.00194941
4.94    0.00194577
4.96    0.00194236
4.98    0.00193915
