-5    0.342202
-4.98    0.342202
-4.96    0.342202
-4.94    0.342202
-4.92    0.342202
-4.9    0.342202
-4.88    0.342202
-4.86    0.342202
-4.84    0.342202
-4.82    0.342202
-4.8    0.342202
-4.78    0.342202
-4.76    0.342202
-4.74    0.342202
-4.72    0.342202
-4.7    0.342202
-4.68    0.342202
-4.66    0.342202
-4.64    0.342202
-4.62    0.342202
-4.6    0.342202
-4.58    0.342202
-4.56    0.342202
-4.54    0.342202
-4.52    0.342202
-4.5    0.342202
-4.48    0.342202
-4.46    0.342202
-4.44    0.342202
-4.42    0.342202
-4.4    0.342202
-4.38    0.342202
-4.36    0.342202
-4.34    0.342202
-4.32    0.342202
-4.3    0.342202
-4.28    0.342202
-4.26    0.342202
-4.24    0.342202
-4.22    0.342202
-4.2    0.342202
-4.18    0.342202
-4.16    0.342202
-4.14    0.342202
-4.12    0.342202
-4.1    0.342202
-4.08    0.342202
-4.06    0.342202
-4.04    0.342202
-4.02    0.342202
-4    0.342202
-3.98    0.342201
-3.96    0.342201
-3.94    0.342201
-3.92    0.342201
-3.9    0.342201
-3.88    0.342201
-3.86    0.342201
-3.84    0.342201
-3.82    0.342201
-3.8    0.342201
-3.78    0.342201
-3.76    0.342201
-3.74    0.342201
-3.72    0.342201
-3.7    0.342201
-3.68    0.3422
-3.66    0.3422
-3.64    0.3422
-3.62    0.3422
-3.6    0.3422
-3.58    0.3422
-3.56    0.3422
-3.54    0.3422
-3.52    0.342199
-3.5    0.342199
-3.48    0.342199
-3.46    0.342199
-3.44    0.342199
-3.42    0.342198
-3.4    0.342198
-3.38    0.342198
-3.36    0.342198
-3.34    0.342197
-3.32    0.342197
-3.3    0.342197
-3.28    0.342196
-3.26    0.342196
-3.24    0.342196
-3.22    0.342195
-3.2    0.342195
-3.18    0.342195
-3.16    0.342194
-3.14    0.342194
-3.12    0.342193
-3.1    0.342193
-3.08    0.342192
-3.06    0.342192
-3.04    0.342191
-3.02    0.34219
-3    0.34219
-2.98    0.342189
-2.96    0.342188
-2.94    0.342188
-2.92    0.342187
-2.9    0.342186
-2.88    0.342185
-2.86    0.342184
-2.84    0.342183
-2.82    0.342182
-2.8    0.342181
-2.78    0.34218
-2.76    0.342179
-2.74    0.342178
-2.72    0.342176
-2.7    0.342175
-2.68    0.342174
-2.66    0.342172
-2.64    0.342171
-2.62    0.342169
-2.6    0.342167
-2.58    0.342166
-2.56    0.342164
-2.54    0.342162
-2.52    0.34216
-2.5    0.342158
-2.48    0.342156
-2.46    0.342153
-2.44    0.342151
-2.42    0.342149
-2.4    0.342146
-2.38    0.342143
-2.36    0.34214
-2.34    0.342137
-2.32    0.342134
-2.3    0.342131
-2.28    0.342128
-2.26    0.342124
-2.24    0.34212
-2.22    0.342116
-2.2    0.342112
-2.18    0.342108
-2.16    0.342104
-2.14    0.342099
-2.12    0.342094
-2.1    0.342089
-2.08    0.342084
-2.06    0.342079
-2.04    0.342073
-2.02    0.342067
-2    0.342061
-1.98    0.342054
-1.96    0.342047
-1.94    0.34204
-1.92    0.342033
-1.9    0.342025
-1.88    0.342017
-1.86    0.342009
-1.84    0.342
-1.82    0.341991
-1.8    0.341982
-1.78    0.341972
-1.76    0.341962
-1.74    0.341951
-1.72    0.34194
-1.7    0.341928
-1.68    0.341916
-1.66    0.341904
-1.64    0.341891
-1.62    0.341877
-1.6    0.341863
-1.58    0.341848
-1.56    0.341833
-1.54    0.341817
-1.52    0.3418
-1.5    0.341783
-1.48    0.341765
-1.46    0.341746
-1.44    0.341727
-1.42    0.341706
-1.4    0.341685
-1.38    0.341663
-1.36    0.34164
-1.34    0.341617
-1.32    0.341592
-1.3    0.341566
-1.28    0.34154
-1.26    0.341512
-1.24    0.341483
-1.22    0.341454
-1.2    0.341423
-1.18    0.34139
-1.16    0.341357
-1.14    0.341322
-1.12    0.341286
-1.1    0.341249
-1.08    0.34121
-1.06    0.34117
-1.04    0.341129
-1.02    0.341085
-1    0.341041
-0.98    0.340994
-0.96    0.340946
-0.94    0.340897
-0.92    0.340845
-0.9    0.340792
-0.88    0.340736
-0.86    0.340679
-0.84    0.34062
-0.82    0.340559
-0.8    0.340496
-0.78    0.34043
-0.76    0.340363
-0.74    0.340293
-0.72    0.340221
-0.7    0.340146
-0.68    0.340069
-0.66    0.33999
-0.64    0.339908
-0.62    0.339824
-0.6    0.339737
-0.58    0.339647
-0.56    0.339555
-0.54    0.33946
-0.52    0.339362
-0.5    0.339261
-0.48    0.339158
-0.46    0.339051
-0.44    0.338942
-0.42    0.33883
-0.4    0.338715
-0.38    0.338597
-0.36    0.338476
-0.34    0.338352
-0.32    0.338224
-0.3    0.338094
-0.28    0.337961
-0.26    0.337826
-0.24    0.337687
-0.22    0.337545
-0.2    0.3374
-0.18    0.337253
-0.16    0.337102
-0.14    0.33695
-0.12    0.336794
-0.1    0.336636
-0.08    0.336475
-0.06    0.336312
-0.04    0.336147
-0.02    0.335979
-1.80342e-14    0.33581
0.02    0.335638
0.04    0.335465
0.06    0.33529
0.08    0.335114
0.1    0.334937
0.12    0.334758
0.14    0.334579
0.16    0.334399
0.18    0.334219
0.2    0.334038
0.22    0.333858
0.24    0.333677
0.26    0.333497
0.28    0.333318
0.3    0.333141
0.32    0.332964
0.34    0.332789
0.36    0.332616
0.38    0.332445
0.4    0.332277
0.42    0.332111
0.44    0.331948
0.46    0.331789
0.48    0.331634
0.5    0.331483
0.52    0.331336
0.54    0.331193
0.56    0.331056
0.58    0.330924
0.6    0.330797
0.62    0.330676
0.64    0.330562
0.66    0.330454
0.68    0.330352
0.7    0.330258
0.72    0.330171
0.74    0.330091
0.76    0.33002
0.78    0.329956
0.8    0.329901
0.82    0.329854
0.84    0.329816
0.86    0.329787
0.88    0.329767
0.9    0.329756
0.92    0.329756
0.94    0.329764
0.96    0.329783
0.98    0.329812
1    0.329851
1.02    0.3299
1.04    0.32996
1.06    0.330031
1.08    0.330112
1.1    0.330203
1.12    0.330306
1.14    0.330419
1.16    0.330544
1.18    0.330679
1.2    0.330825
1.22    0.330982
1.24    0.33115
1.26    0.331329
1.28    0.331519
1.3    0.331719
1.32    0.33193
1.34    0.332152
1.36    0.332385
1.38    0.332627
1.4    0.332881
1.42    0.333144
1.44    0.333417
1.46    0.3337
1.48    0.333993
1.5    0.334295
1.52    0.334606
1.54    0.334927
1.56    0.335256
1.58    0.335593
1.6    0.335939
1.62    0.336292
1.64    0.336653
1.66    0.337021
1.68    0.337396
1.7    0.337778
1.72    0.338166
1.74    0.33856
1.76    0.338959
1.78    0.339363
1.8    0.339773
1.82    0.340186
1.84    0.340603
1.86    0.341024
1.88    0.341448
1.9    0.341875
1.92    0.342304
1.94    0.342735
1.96    0.343168
1.98    0.343602
2    0.344036
2.02    0.344471
2.04    0.344906
2.06    0.34534
2.08    0.345773
2.1    0.346206
2.12    0.346637
2.14    0.347066
2.16    0.347493
2.18    0.347917
2.2    0.348338
2.22    0.348757
2.24    0.349172
2.26    0.349583
2.28    0.349991
2.3    0.350394
2.32    0.350793
2.34    0.351188
2.36    0.351578
2.38    0.351962
2.4    0.352342
2.42    0.352716
2.44    0.353085
2.46    0.353448
2.48    0.353806
2.5    0.354158
2.52    0.354504
2.54    0.354845
2.56    0.355179
2.58    0.355507
2.6    0.355829
2.62    0.356145
2.64    0.356455
2.66    0.356759
2.68    0.357057
2.7    0.357348
2.72    0.357634
2.74    0.357913
2.76    0.358186
2.78    0.358454
2.8    0.358715
2.82    0.358971
2.84    0.35922
2.86    0.359464
2.88    0.359702
2.9    0.359935
2.92    0.360162
2.94    0.360383
2.96    0.360599
2.98    0.36081
3    0.361015
3.02    0.361215
3.04    0.36141
3.06    0.361601
3.08    0.361786
3.1    0.361966
3.12    0.362142
3.14    0.362313
3.16    0.36248
3.18    0.362642
3.2    0.3628
3.22    0.362953
3.24    0.363103
3.26    0.363248
3.28    0.363389
3.3    0.363527
3.32    0.363661
3.34    0.363791
3.36    0.363917
3.38    0.36404
3.4    0.36416
3.42    0.364276
3.44    0.364389
3.46    0.364498
3.48    0.364605
3.5    0.364708
3.52    0.364809
3.54    0.364907
3.56    0.365002
3.58    0.365094
3.6    0.365183
3.62    0.36527
3.64    0.365355
3.66    0.365437
3.68    0.365516
3.7    0.365594
3.72    0.365669
3.74    0.365742
3.76    0.365812
3.78    0.365881
3.8    0.365948
3.82    0.366013
3.84    0.366075
3.86    0.366136
3.88    0.366196
3.9    0.366253
3.92    0.366309
3.94    0.366363
3.96    0.366415
3.98    0.366466
4    0.366516
4.02    0.366564
4.04    0.36661
4.06    0.366656
4.08    0.366699
4.1    0.366742
4.12    0.366783
4.14    0.366823
4.16    0.366862
4.18    0.3669
4.2    0.366936
4.22    0.366972
4.24    0.367006
4.26    0.36704
4.28    0.367072
4.3    0.367103
4.32    0.367134
4.34    0.367163
4.36    0.367192
4.38    0.36722
4.4    0.367247
4.42    0.367273
4.44    0.367298
4.46    0.367323
4.48    0.367347
4.5    0.36737
4.52    0.367393
4.54    0.367414
4.56    0.367436
4.58    0.367456
4.6    0.367476
4.62    0.367495
4.64    0.367514
4.66    0.367532
4.68    0.36755
4.7    0.367567
4.72    0.367583
4.74    0.367599
4.76    0.367615
4.78    0.36763
4.8    0.367645
4.82    0.367659
4.84    0.367673
4.86    0.367686
4.88    0.367699
4.9    0.367712
4.92    0.367724
4.94    0.367736
4.96    0.367747
4.98    0.367758
