-5    0.0011655
-4.98    0.00116561
-4.96    0.00116573
-4.94    0.00116585
-4.92    0.00116599
-4.9    0.00116613
-4.88    0.00116628
-4.86    0.00116643
-4.84    0.0011666
-4.82    0.00116678
-4.8    0.00116697
-4.78    0.00116716
-4.76    0.00116737
-4.74    0.00116759
-4.72    0.00116783
-4.7    0.00116808
-4.68    0.00116834
-4.66    0.00116862
-4.64    0.00116892
-4.62    0.00116923
-4.6    0.00116956
-4.58    0.00116991
-4.56    0.00117028
-4.54    0.00117067
-4.52    0.00117109
-4.5    0.00117153
-4.48    0.00117199
-4.46    0.00117249
-4.44    0.00117301
-4.42    0.00117356
-4.4    0.00117415
-4.38    0.00117477
-4.36    0.00117543
-4.34    0.00117612
-4.32    0.00117686
-4.3    0.00117764
-4.28    0.00117846
-4.26    0.00117934
-4.24    0.00118026
-4.22    0.00118125
-4.2    0.00118228
-4.18    0.00118338
-4.16    0.00118455
-4.14    0.00118579
-4.12    0.00118709
-4.1    0.00118848
-4.08    0.00118995
-4.06    0.0011915
-4.04    0.00119315
-4.02    0.0011949
-4    0.00119675
-3.98    0.00119871
-3.96    0.00120078
-3.94    0.00120299
-3.92    0.00120532
-3.9    0.00120779
-3.88    0.00121042
-3.86    0.0012132
-3.84    0.00121614
-3.82    0.00121927
-3.8    0.00122258
-3.78    0.0012261
-3.76    0.00122983
-3.74    0.00123378
-3.72    0.00123798
-3.7    0.00124243
-3.68    0.00124716
-3.66    0.00125218
-3.64    0.0012575
-3.62    0.00126315
-3.6    0.00126916
-3.58    0.00127553
-3.56    0.00128231
-3.54    0.00128951
-3.52    0.00129716
-3.5    0.00130529
-3.48    0.00131394
-3.46    0.00132313
-3.44    0.00133291
-3.42    0.00134332
-3.4    0.00135441
-3.38    0.0013662
-3.36    0.00137877
-3.34    0.00139216
-3.32    0.00140643
-3.3    0.00142165
-3.28    0.00143788
-3.26    0.0014552
-3.24    0.00147369
-3.22    0.00149344
-3.2    0.00151454
-3.18    0.0015371
-3.16    0.00156123
-3.14    0.00158706
-3.12    0.00161472
-3.1    0.00164436
-3.08    0.00167614
-3.06    0.00171023
-3.04    0.00174684
-3.02    0.00178616
-3    0.00182845
-2.98    0.00187394
-2.96    0.00192293
-2.94    0.00197573
-2.92    0.00203268
-2.9    0.00209416
-2.88    0.00216059
-2.86    0.00223244
-2.84    0.00231022
-2.82    0.00239451
-2.8    0.00248595
-2.78    0.00258523
-2.76    0.00269315
-2.74    0.00281059
-2.72    0.00293852
-2.7    0.00307802
-2.68    0.00323032
-2.66    0.00339678
-2.64    0.00357891
-2.62    0.00377841
-2.6    0.00399718
-2.58    0.00423733
-2.56    0.00450124
-2.54    0.00479156
-2.52    0.00511126
-2.5    0.00546365
-2.48    0.00585242
-2.46    0.00628172
-2.44    0.00675614
-2.42    0.00728081
-2.4    0.00786142
-2.38    0.00850429
-2.36    0.00921643
-2.34    0.0100056
-2.32    0.0108802
-2.3    0.0118498
-2.28    0.0129245
-2.26    0.0141155
-2.24    0.015435
-2.22    0.016896
-2.2    0.0185126
-2.18    0.0202999
-2.16    0.0222739
-2.14    0.0244512
-2.12    0.0268495
-2.1    0.0294869
-2.08    0.0323818
-2.06    0.035553
-2.04    0.039019
-2.02    0.0427981
-2    0.0469077
-1.98    0.0513641
-1.96    0.0561821
-1.94    0.0613745
-1.92    0.0669517
-1.9    0.0729213
-1.88    0.0792877
-1.86    0.0860518
-1.84    0.0932106
-1.82    0.100757
-1.8    0.10868
-1.78    0.116965
-1.76    0.125592
-1.74    0.134538
-1.72    0.143776
-1.7    0.153277
-1.68    0.163009
-1.66    0.172935
-1.64    0.183021
-1.62    0.193229
-1.6    0.203521
-1.58    0.213859
-1.56    0.224207
-1.54    0.23453
-1.52    0.244793
-1.5    0.254964
-1.48    0.265013
-1.46    0.274914
-1.44    0.284641
-1.42    0.294173
-1.4    0.303491
-1.38    0.312578
-1.36    0.321421
-1.34    0.330008
-1.32    0.338332
-1.3    0.346385
-1.28    0.354162
-1.26    0.361663
-1.24    0.368885
-1.22    0.375829
-1.2    0.382498
-1.18    0.388895
-1.16    0.395023
-1.14    0.400889
-1.12    0.406498
-1.1    0.411855
-1.08    0.416969
-1.06    0.421847
-1.04    0.426495
-1.02    0.430921
-1    0.435134
-0.98    0.43914
-0.96    0.442948
-0.94    0.446566
-0.92    0.45
-0.9    0.453259
-0.88    0.456349
-0.86    0.459278
-0.84    0.462053
-0.82    0.46468
-0.8    0.467165
-0.78    0.469515
-0.76    0.471736
-0.74    0.473833
-0.72    0.475811
-0.7    0.477676
-0.68    0.479433
-0.66    0.481085
-0.64    0.482638
-0.62    0.484095
-0.6    0.48546
-0.58    0.486736
-0.56    0.487926
-0.54    0.489034
-0.52    0.490062
-0.5    0.491012
-0.48    0.491887
-0.46    0.492688
-0.44    0.493416
-0.42    0.494074
-0.4    0.494661
-0.38    0.495178
-0.36    0.495627
-0.34    0.496006
-0.32    0.496315
-0.3    0.496555
-0.28    0.496723
-0.26    0.496818
-0.24    0.496839
-0.22    0.496784
-0.2    0.496649
-0.18    0.496432
-0.16    0.496129
-0.14    0.495737
-0.12    0.49525
-0.1    0.494664
-0.08    0.493972
-0.06    0.49317
-0.04    0.492249
-0.02    0.491202
-1.80342e-14    0.49002
0.02    0.488695
0.04    0.487217
0.06    0.485574
0.08    0.483755
0.1    0.481747
0.12    0.479537
0.14    0.477111
0.16    0.474452
0.18    0.471544
0.2    0.468371
0.22    0.464913
0.24    0.461152
0.26    0.457067
0.28    0.452639
0.3    0.447846
0.32    0.442667
0.34    0.43708
0.36    0.431066
0.38    0.424602
0.4    0.417672
0.42    0.410257
0.44    0.402343
0.46    0.393919
0.48    0.384975
0.5    0.375511
0.52    0.365527
0.54    0.355034
0.56    0.344048
0.58    0.332594
0.6    0.320704
0.62    0.308422
0.64    0.295798
0.66    0.282893
0.68    0.269775
0.7    0.256521
0.72    0.243211
0.74    0.22993
0.76    0.216765
0.78    0.203803
0.8    0.191124
0.82    0.178808
0.84    0.166921
0.86    0.155526
0.88    0.144671
0.9    0.134393
0.92    0.124719
0.94    0.115663
0.96    0.107231
0.98    0.0994152
1    0.0922032
1.02    0.0855743
1.04    0.0795025
1.06    0.0739583
1.08    0.0689091
1.1    0.0643214
1.12    0.0601607
1.14    0.0563932
1.16    0.0529859
1.18    0.0499072
1.2    0.0471274
1.22    0.0446185
1.24    0.0423545
1.26    0.0403119
1.28    0.0384686
1.3    0.0368049
1.32    0.0353029
1.34    0.0339462
1.36    0.0327202
1.38    0.0316117
1.4    0.030609
1.42    0.0297013
1.44    0.0288793
1.46    0.0281343
1.48    0.0274588
1.5    0.0268459
1.52    0.0262895
1.54    0.025784
1.56    0.0253247
1.58    0.024907
1.6    0.024527
1.62    0.0241812
1.64    0.0238663
1.66    0.0235794
1.68    0.023318
1.7    0.0230796
1.72    0.0228622
1.74    0.022664
1.76    0.022483
1.78    0.0223178
1.8    0.022167
1.82    0.0220293
1.84    0.0219035
1.86    0.0217885
1.88    0.0216835
1.9    0.0215875
1.92    0.0214997
1.94    0.0214195
1.96    0.0213461
1.98    0.021279
2    0.0212176
2.02    0.0211615
2.04    0.0211101
2.06    0.0210631
2.08    0.0210201
2.1    0.0209807
2.12    0.0209447
2.14    0.0209118
2.16    0.0208816
2.18    0.020854
2.2    0.0208287
2.22    0.0208056
2.24    0.0207844
2.26    0.020765
2.28    0.0207473
2.3    0.020731
2.32    0.0207161
2.34    0.0207025
2.36    0.0206901
2.38    0.0206786
2.4    0.0206682
2.42    0.0206586
2.44    0.0206498
2.46    0.0206418
2.48    0.0206345
2.5    0.0206277
2.52    0.0206216
2.54    0.0206159
2.56    0.0206107
2.58    0.020606
2.6    0.0206017
2.62    0.0205977
2.64    0.0205941
2.66    0.0205907
2.68    0.0205877
2.7    0.0205849
2.72    0.0205823
2.74    0.02058
2.76    0.0205779
2.78    0.0205759
2.8    0.0205741
2.82    0.0205724
2.84    0.0205709
2.86    0.0205696
2.88    0.0205683
2.9    0.0205671
2.92    0.0205661
2.94    0.0205651
2.96    0.0205642
2.98    0.0205634
3    0.0205627
3.02    0.020562
3.04    0.0205613
3.06    0.0205608
3.08    0.0205602
3.1    0.0205598
3.12    0.0205593
3.14    0.0205589
3.16    0.0205586
3.18    0.0205582
3.2    0.0205579
3.22    0.0205576
3.24    0.0205574
3.26    0.0205571
3.28    0.0205569
3.3    0.0205567
3.32    0.0205565
3.34    0.0205564
3.36    0.0205562
3.38    0.0205561
3.4    0.0205559
3.42    0.0205558
3.44    0.0205557
3.46    0.0205556
3.48    0.0205555
3.5    0.0205554
3.52    0.0205554
3.54    0.0205553
3.56    0.0205552
3.58    0.0205552
3.6    0.0205551
3.62    0.0205551
3.64    0.020555
3.66    0.020555
3.68    0.020555
3.7    0.0205549
3.72    0.0205549
3.74    0.0205549
3.76    0.0205548
3.78    0.0205548
3.8    0.0205548
3.82    0.0205548
3.84    0.0205548
3.86    0.0205547
3.88    0.0205547
3.9    0.0205547
3.92    0.0205547
3.94    0.0205547
3.96    0.0205547
3.98    0.0205547
4    0.0205547
4.02    0.0205546
4.04    0.0205546
4.06    0.0205546
4.08    0.0205546
4.1    0.0205546
4.12    0.0205546
4.14    0.0205546
4.16    0.0205546
4.18    0.0205546
4.2    0.0205546
4.22    0.0205546
4.24    0.0205546
4.26    0.0205546
4.28    0.0205546
4.3    0.0205546
4.32    0.0205546
4.34    0.0205546
4.36    0.0205546
4.38    0.0205546
4.4    0.0205546
4.42    0.0205546
4.44    0.0205546
4.46    0.0205546
4.48    0.0205546
4.5    0.0205546
4.52    0.0205546
4.54    0.0205546
4.56    0.0205546
4.58    0.0205546
4.6    0.0205546
4.62    0.0205546
4.64    0.0205546
4.66    0.0205546
4.68    0.0205546
4.7    0.0205546
4.72    0.0205546
4.74    0.0205546
4.76    0.0205546
4.78    0.0205546
4.8    0.0205546
4.82    0.0205546
4.84    0.0205546
4.86    0.0205546
4.88    0.0205546
4.9    0.0205546
4.92    0.0205546
4.94    0.0205546
4.96    0.0205546
4.98    0.0205546
