-5    0.0263392
-4.98    0.0263519
-4.96    0.0263649
-4.94    0.0263782
-4.92    0.0263917
-4.9    0.0264056
-4.88    0.0264198
-4.86    0.0264342
-4.84    0.026449
-4.82    0.0264641
-4.8    0.0264796
-4.78    0.0264953
-4.76    0.0265115
-4.74    0.0265279
-4.72    0.0265447
-4.7    0.0265619
-4.68    0.0265795
-4.66    0.0265974
-4.64    0.0266157
-4.62    0.0266344
-4.6    0.0266535
-4.58    0.026673
-4.56    0.026693
-4.54    0.0267134
-4.52    0.0267342
-4.5    0.0267554
-4.48    0.0267771
-4.46    0.0267993
-4.44    0.026822
-4.42    0.0268451
-4.4    0.0268687
-4.38    0.0268929
-4.36    0.0269175
-4.34    0.0269427
-4.32    0.0269684
-4.3    0.0269947
-4.28    0.0270215
-4.26    0.0270489
-4.24    0.0270769
-4.22    0.0271054
-4.2    0.0271346
-4.18    0.0271644
-4.16    0.0271948
-4.14    0.0272259
-4.12    0.0272576
-4.1    0.02729
-4.08    0.027323
-4.06    0.0273568
-4.04    0.0273912
-4.02    0.0274264
-4    0.0274624
-3.98    0.027499
-3.96    0.0275365
-3.94    0.0275747
-3.92    0.0276137
-3.9    0.0276535
-3.88    0.0276942
-3.86    0.0277357
-3.84    0.027778
-3.82    0.0278213
-3.8    0.0278654
-3.78    0.0279104
-3.76    0.0279563
-3.74    0.0280032
-3.72    0.028051
-3.7    0.0280998
-3.68    0.0281496
-3.66    0.0282005
-3.64    0.0282523
-3.62    0.0283052
-3.6    0.0283591
-3.58    0.0284141
-3.56    0.0284702
-3.54    0.0285275
-3.52    0.0285858
-3.5    0.0286454
-3.48    0.0287061
-3.46    0.028768
-3.44    0.0288311
-3.42    0.0288954
-3.4    0.028961
-3.38    0.0290279
-3.36    0.029096
-3.34    0.0291655
-3.32    0.0292362
-3.3    0.0293084
-3.28    0.0293819
-3.26    0.0294567
-3.24    0.029533
-3.22    0.0296107
-3.2    0.0296898
-3.18    0.0297704
-3.16    0.0298525
-3.14    0.029936
-3.12    0.0300211
-3.1    0.0301077
-3.08    0.0301958
-3.06    0.0302855
-3.04    0.0303767
-3.02    0.0304696
-3    0.030564
-2.98    0.03066
-2.96    0.0307577
-2.94    0.030857
-2.92    0.0309579
-2.9    0.0310605
-2.88    0.0311647
-2.86    0.0312706
-2.84    0.0313781
-2.82    0.0314874
-2.8    0.0315983
-2.78    0.0317108
-2.76    0.0318251
-2.74    0.031941
-2.72    0.0320585
-2.7    0.0321777
-2.68    0.0322986
-2.66    0.032421
-2.64    0.0325451
-2.62    0.0326707
-2.6    0.0327979
-2.58    0.0329267
-2.56    0.0330569
-2.54    0.0331886
-2.52    0.0333218
-2.5    0.0334563
-2.48    0.0335922
-2.46    0.0337294
-2.44    0.0338678
-2.42    0.0340074
-2.4    0.0341481
-2.38    0.0342898
-2.36    0.0344325
-2.34    0.0345761
-2.32    0.0347204
-2.3    0.0348655
-2.28    0.0350111
-2.26    0.0351572
-2.24    0.0353037
-2.22    0.0354503
-2.2    0.0355971
-2.18    0.0357438
-2.16    0.0358903
-2.14    0.0360364
-2.12    0.036182
-2.1    0.0363268
-2.08    0.0364708
-2.06    0.0366136
-2.04    0.0367551
-2.02    0.036895
-2    0.0370332
-1.98    0.0371693
-1.96    0.0373031
-1.94    0.0374344
-1.92    0.0375629
-1.9    0.0376883
-1.88    0.0378103
-1.86    0.0379286
-1.84    0.0380429
-1.82    0.0381529
-1.8    0.0382582
-1.78    0.0383585
-1.76    0.0384535
-1.74    0.0385428
-1.72    0.0386261
-1.7    0.0387029
-1.68    0.0387731
-1.66    0.0388361
-1.64    0.0388916
-1.62    0.0389393
-1.6    0.0389788
-1.58    0.0390098
-1.56    0.039032
-1.54    0.0390449
-1.52    0.0390484
-1.5    0.039042
-1.48    0.0390256
-1.46    0.0389988
-1.44    0.0389615
-1.42    0.0389133
-1.4    0.0388542
-1.38    0.038784
-1.36    0.0387025
-1.34    0.0386098
-1.32    0.0385056
-1.3    0.0383901
-1.28    0.0382632
-1.26    0.0381251
-1.24    0.0379759
-1.22    0.0378157
-1.2    0.0376447
-1.18    0.0374633
-1.16    0.0372717
-1.14    0.0370703
-1.12    0.0368595
-1.1    0.0366397
-1.08    0.0364115
-1.06    0.0361752
-1.04    0.0359316
-1.02    0.0356811
-1    0.0354244
-0.98    0.0351622
-0.96    0.034895
-0.94    0.0346237
-0.92    0.0343488
-0.9    0.0340711
-0.88    0.0337914
-0.86    0.0335102
-0.84    0.0332283
-0.82    0.0329464
-0.8    0.0326652
-0.78    0.0323853
-0.76    0.0321074
-0.74    0.0318321
-0.72    0.0315599
-0.7    0.0312915
-0.68    0.0310273
-0.66    0.0307678
-0.64    0.0305135
-0.62    0.0302648
-0.6    0.0300221
-0.58    0.0297857
-0.56    0.0295559
-0.54    0.029333
-0.52    0.0291172
-0.5    0.0289088
-0.48    0.0287078
-0.46    0.0285144
-0.44    0.0283288
-0.42    0.0281508
-0.4    0.0279807
-0.38    0.0278184
-0.36    0.0276638
-0.34    0.027517
-0.32    0.0273779
-0.3    0.0272463
-0.28    0.0271223
-0.26    0.0270057
-0.24    0.0268963
-0.22    0.026794
-0.2    0.0266987
-0.18    0.0266102
-0.16    0.0265283
-0.14    0.0264529
-0.12    0.0263837
-0.1    0.0263206
-0.08    0.0262634
-0.06    0.0262119
-0.04    0.0261659
-0.02    0.0261251
-1.80342e-14    0.0260895
0.02    0.0260588
0.04    0.0260328
0.06    0.0260113
0.08    0.0259942
0.1    0.0259812
0.12    0.0259721
0.14    0.0259669
0.16    0.0259652
0.18    0.0259669
0.2    0.0259719
0.22    0.02598
0.24    0.0259909
0.26    0.0260047
0.28    0.0260211
0.3    0.0260399
0.32    0.0260611
0.34    0.0260845
0.36    0.0261099
0.38    0.0261372
0.4    0.0261663
0.42    0.0261972
0.44    0.0262295
0.46    0.0262634
0.48    0.0262986
0.5    0.026335
0.52    0.0263726
0.54    0.0264112
0.56    0.0264508
0.58    0.0264912
0.6    0.0265325
0.62    0.0265744
0.64    0.0266171
0.66    0.0266602
0.68    0.0267039
0.7    0.026748
0.72    0.0267925
0.74    0.0268373
0.76    0.0268824
0.78    0.0269277
0.8    0.0269731
0.82    0.0270186
0.84    0.0270642
0.86    0.0271099
0.88    0.0271555
0.9    0.027201
0.92    0.0272465
0.94    0.0272918
0.96    0.027337
0.98    0.027382
1    0.0274267
1.02    0.0274713
1.04    0.0275155
1.06    0.0275595
1.08    0.0276032
1.1    0.0276465
1.12    0.0276895
1.14    0.0277322
1.16    0.0277744
1.18    0.0278163
1.2    0.0278578
1.22    0.0278988
1.24    0.0279394
1.26    0.0279796
1.28    0.0280194
1.3    0.0280586
1.32    0.0280975
1.34    0.0281358
1.36    0.0281737
1.38    0.0282111
1.4    0.028248
1.42    0.0282845
1.44    0.0283204
1.46    0.0283559
1.48    0.0283908
1.5    0.0284253
1.52    0.0284593
1.54    0.0284928
1.56    0.0285258
1.58    0.0285583
1.6    0.0285903
1.62    0.0286218
1.64    0.0286529
1.66    0.0286834
1.68    0.0287135
1.7    0.0287431
1.72    0.0287722
1.74    0.0288008
1.76    0.028829
1.78    0.0288567
1.8    0.0288839
1.82    0.0289107
1.84    0.028937
1.86    0.0289629
1.88    0.0289884
1.9    0.0290134
1.92    0.0290379
1.94    0.029062
1.96    0.0290857
1.98    0.029109
2    0.0291319
2.02    0.0291544
2.04    0.0291764
2.06    0.0291981
2.08    0.0292193
2.1    0.0292402
2.12    0.0292607
2.14    0.0292808
2.16    0.0293005
2.18    0.0293199
2.2    0.0293389
2.22    0.0293575
2.24    0.0293758
2.26    0.0293938
2.28    0.0294114
2.3    0.0294286
2.32    0.0294456
2.34    0.0294622
2.36    0.0294785
2.38    0.0294945
2.4    0.0295102
2.42    0.0295255
2.44    0.0295406
2.46    0.0295554
2.48    0.0295698
2.5    0.029584
2.52    0.029598
2.54    0.0296116
2.56    0.029625
2.58    0.0296381
2.6    0.029651
2.62    0.0296635
2.64    0.0296759
2.66    0.029688
2.68    0.0296998
2.7    0.0297115
2.72    0.0297228
2.74    0.029734
2.76    0.0297449
2.78    0.0297556
2.8    0.0297661
2.82    0.0297764
2.84    0.0297865
2.86    0.0297963
2.88    0.029806
2.9    0.0298155
2.92    0.0298247
2.94    0.0298338
2.96    0.0298427
2.98    0.0298514
3    0.02986
3.02    0.0298683
3.04    0.0298765
3.06    0.0298845
3.08    0.0298924
3.1    0.0299001
3.12    0.0299076
3.14    0.029915
3.16    0.0299222
3.18    0.0299293
3.2    0.0299362
3.22    0.029943
3.24    0.0299497
3.26    0.0299562
3.28    0.0299625
3.3    0.0299688
3.32    0.0299749
3.34    0.0299808
3.36    0.0299867
3.38    0.0299924
3.4    0.029998
3.42    0.0300035
3.44    0.0300089
3.46    0.0300142
3.48    0.0300193
3.5    0.0300244
3.52    0.0300293
3.54    0.0300341
3.56    0.0300389
3.58    0.0300435
3.6    0.030048
3.62    0.0300525
3.64    0.0300568
3.66    0.0300611
3.68    0.0300653
3.7    0.0300693
3.72    0.0300733
3.74    0.0300772
3.76    0.030081
3.78    0.0300848
3.8    0.0300885
3.82    0.030092
3.84    0.0300956
3.86    0.030099
3.88    0.0301023
3.9    0.0301056
3.92    0.0301089
3.94    0.030112
3.96    0.0301151
3.98    0.0301181
4    0.0301211
4.02    0.030124
4.04    0.0301268
4.06    0.0301296
4.08    0.0301323
4.1    0.0301349
4.12    0.0301375
4.14    0.0301401
4.16    0.0301426
4.18    0.030145
4.2    0.0301474
4.22    0.0301497
4.24    0.030152
4.26    0.0301542
4.28    0.0301564
4.3    0.0301586
4.32    0.0301606
4.34    0.0301627
4.36    0.0301647
4.38    0.0301667
4.4    0.0301686
4.42    0.0301705
4.44    0.0301723
4.46    0.0301741
4.48    0.0301759
4.5    0.0301776
4.52    0.0301793
4.54    0.0301809
4.56    0.0301825
4.58    0.0301841
4.6    0.0301857
4.62    0.0301872
4.64    0.0301886
4.66    0.0301901
4.68    0.0301915
4.7    0.0301929
4.72    0.0301943
4.74    0.0301956
4.76    0.0301969
4.78    0.0301982
4.8    0.0301994
4.82    0.0302006
4.84    0.0302018
4.86    0.030203
4.88    0.0302041
4.9    0.0302052
4.92    0.0302063
4.94    0.0302074
4.96    0.0302084
4.98    0.0302095
