-5    0.688107
-4.98    0.688118
-4.96    0.688128
-4.94    0.688139
-4.92    0.688149
-4.9    0.688159
-4.88    0.68817
-4.86    0.68818
-4.84    0.68819
-4.82    0.688201
-4.8    0.688211
-4.78    0.688221
-4.76    0.688231
-4.74    0.688242
-4.72    0.688252
-4.7    0.688262
-4.68    0.688272
-4.66    0.688282
-4.64    0.688292
-4.62    0.688302
-4.6    0.688313
-4.58    0.688323
-4.56    0.688333
-4.54    0.688343
-4.52    0.688353
-4.5    0.688363
-4.48    0.688373
-4.46    0.688383
-4.44    0.688393
-4.42    0.688403
-4.4    0.688412
-4.38    0.688422
-4.36    0.688432
-4.34    0.688442
-4.32    0.688452
-4.3    0.688462
-4.28    0.688472
-4.26    0.688481
-4.24    0.688491
-4.22    0.688501
-4.2    0.688511
-4.18    0.68852
-4.16    0.68853
-4.14    0.68854
-4.12    0.688549
-4.1    0.688559
-4.08    0.688569
-4.06    0.688578
-4.04    0.688588
-4.02    0.688597
-4    0.688607
-3.98    0.688617
-3.96    0.688626
-3.94    0.688636
-3.92    0.688645
-3.9    0.688655
-3.88    0.688664
-3.86    0.688674
-3.84    0.688683
-3.82    0.688692
-3.8    0.688702
-3.78    0.688711
-3.76    0.68872
-3.74    0.68873
-3.72    0.688739
-3.7    0.688748
-3.68    0.688758
-3.66    0.688767
-3.64    0.688776
-3.62    0.688786
-3.6    0.688795
-3.58    0.688804
-3.56    0.688813
-3.54    0.688822
-3.52    0.688831
-3.5    0.688841
-3.48    0.68885
-3.46    0.688859
-3.44    0.688868
-3.42    0.688877
-3.4    0.688886
-3.38    0.688895
-3.36    0.688904
-3.34    0.688913
-3.32    0.688922
-3.3    0.688931
-3.28    0.68894
-3.26    0.688949
-3.24    0.688958
-3.22    0.688967
-3.2    0.688976
-3.18    0.688985
-3.16    0.688994
-3.14    0.689002
-3.12    0.689011
-3.1    0.68902
-3.08    0.689029
-3.06    0.689038
-3.04    0.689046
-3.02    0.689055
-3    0.689064
-2.98    0.689073
-2.96    0.689081
-2.94    0.68909
-2.92    0.689099
-2.9    0.689107
-2.88    0.689116
-2.86    0.689125
-2.84    0.689133
-2.82    0.689142
-2.8    0.689151
-2.78    0.689159
-2.76    0.689168
-2.74    0.689176
-2.72    0.689185
-2.7    0.689193
-2.68    0.689202
-2.66    0.68921
-2.64    0.689219
-2.62    0.689227
-2.6    0.689236
-2.58    0.689244
-2.56    0.689253
-2.54    0.689261
-2.52    0.689269
-2.5    0.689278
-2.48    0.689286
-2.46    0.689295
-2.44    0.689303
-2.42    0.689311
-2.4    0.68932
-2.38    0.689328
-2.36    0.689336
-2.34    0.689345
-2.32    0.689353
-2.3    0.689361
-2.28    0.689369
-2.26    0.689378
-2.24    0.689386
-2.22    0.689394
-2.2    0.689403
-2.18    0.689411
-2.16    0.689419
-2.14    0.689427
-2.12    0.689436
-2.1    0.689444
-2.08    0.689452
-2.06    0.689461
-2.04    0.689469
-2.02    0.689477
-2    0.689486
-1.98    0.689494
-1.96    0.689502
-1.94    0.689511
-1.92    0.689519
-1.9    0.689528
-1.88    0.689536
-1.86    0.689545
-1.84    0.689554
-1.82    0.689562
-1.8    0.689571
-1.78    0.68958
-1.76    0.689589
-1.74    0.689598
-1.72    0.689608
-1.7    0.689617
-1.68    0.689627
-1.66    0.689637
-1.64    0.689647
-1.62    0.689657
-1.6    0.689668
-1.58    0.689679
-1.56    0.68969
-1.54    0.689702
-1.52    0.689714
-1.5    0.689727
-1.48    0.689741
-1.46    0.689755
-1.44    0.68977
-1.42    0.689787
-1.4    0.689804
-1.38    0.689823
-1.36    0.689843
-1.34    0.689866
-1.32    0.68989
-1.3    0.689916
-1.28    0.689946
-1.26    0.689978
-1.24    0.690015
-1.22    0.690055
-1.2    0.690101
-1.18    0.690152
-1.16    0.69021
-1.14    0.690276
-1.12    0.69035
-1.1    0.690435
-1.08    0.690533
-1.06    0.690645
-1.04    0.690773
-1.02    0.69092
-1    0.69109
-0.98    0.691287
-0.96    0.691514
-0.94    0.691776
-0.92    0.692081
-0.9    0.692434
-0.88    0.692844
-0.86    0.69332
-0.84    0.693873
-0.82    0.694517
-0.8    0.695266
-0.78    0.696137
-0.76    0.697151
-0.74    0.698331
-0.72    0.699704
-0.7    0.7013
-0.68    0.703156
-0.66    0.705311
-0.64    0.707811
-0.62    0.710708
-0.6    0.71406
-0.58    0.71793
-0.56    0.722387
-0.54    0.727506
-0.52    0.733365
-0.5    0.740043
-0.48    0.747616
-0.46    0.756154
-0.44    0.765715
-0.42    0.776332
-0.4    0.788012
-0.38    0.800718
-0.36    0.814365
-0.34    0.82881
-0.32    0.843848
-0.3    0.85922
-0.28    0.874619
-0.26    0.889713
-0.24    0.904175
-0.22    0.917708
-0.2    0.930078
-0.18    0.941126
-0.16    0.950782
-0.14    0.959054
-0.12    0.966018
-0.1    0.971796
-0.08    0.976533
-0.06    0.980382
-0.04    0.983493
-0.02    0.985999
-1.80342e-14    0.988017
0.02    0.989645
0.04    0.990962
0.06    0.992035
0.08    0.992914
0.1    0.993641
0.12    0.994247
0.14    0.994758
0.16    0.995194
0.18    0.995569
0.2    0.995897
0.22    0.996186
0.24    0.996445
0.26    0.99668
0.28    0.996894
0.3    0.997091
0.32    0.997276
0.34    0.997448
0.36    0.997611
0.38    0.997764
0.4    0.99791
0.42    0.998049
0.44    0.998181
0.46    0.998306
0.48    0.998425
0.5    0.998537
0.52    0.998644
0.54    0.998745
0.56    0.99884
0.58    0.998929
0.6    0.999013
0.62    0.999092
0.64    0.999165
0.66    0.999234
0.68    0.999297
0.7    0.999357
0.72    0.999412
0.74    0.999462
0.76    0.999509
0.78    0.999552
0.8    0.999592
0.82    0.999628
0.84    0.999662
0.86    0.999692
0.88    0.99972
0.9    0.999745
0.92    0.999768
0.94    0.999788
0.96    0.999807
0.98    0.999824
1    0.999839
1.02    0.999853
1.04    0.999865
1.06    0.999876
1.08    0.999886
1.1    0.999895
1.12    0.999903
1.14    0.99991
1.16    0.999916
1.18    0.999922
1.2    0.999927
1.22    0.999932
1.24    0.999936
1.26    0.999939
1.28    0.999943
1.3    0.999946
1.32    0.999948
1.34    0.999951
1.36    0.999953
1.38    0.999955
1.4    0.999957
1.42    0.999958
1.44    0.99996
1.46    0.999961
1.48    0.999962
1.5    0.999963
1.52    0.999964
1.54    0.999965
1.56    0.999966
1.58    0.999967
1.6    0.999967
1.62    0.999968
1.64    0.999968
1.66    0.999969
1.68    0.999969
1.7    0.99997
1.72    0.99997
1.74    0.99997
1.76    0.999971
1.78    0.999971
1.8    0.999971
1.82    0.999972
1.84    0.999972
1.86    0.999972
1.88    0.999972
1.9    0.999972
1.92    0.999973
1.94    0.999973
1.96    0.999973
1.98    0.999973
2    0.999973
2.02    0.999973
2.04    0.999973
2.06    0.999973
2.08    0.999973
2.1    0.999974
2.12    0.999974
2.14    0.999974
2.16    0.999974
2.18    0.999974
2.2    0.999974
2.22    0.999974
2.24    0.999974
2.26    0.999974
2.28    0.999974
2.3    0.999974
2.32    0.999974
2.34    0.999974
2.36    0.999974
2.38    0.999974
2.4    0.999974
2.42    0.999974
2.44    0.999974
2.46    0.999974
2.48    0.999974
2.5    0.999974
2.52    0.999974
2.54    0.999974
2.56    0.999974
2.58    0.999974
2.6    0.999974
2.62    0.999974
2.64    0.999974
2.66    0.999974
2.68    0.999974
2.7    0.999974
2.72    0.999974
2.74    0.999974
2.76    0.999974
2.78    0.999974
2.8    0.999974
2.82    0.999974
2.84    0.999974
2.86    0.999974
2.88    0.999974
2.9    0.999974
2.92    0.999974
2.94    0.999974
2.96    0.999974
2.98    0.999974
3    0.999974
3.02    0.999974
3.04    0.999974
3.06    0.999974
3.08    0.999974
3.1    0.999974
3.12    0.999974
3.14    0.999974
3.16    0.999974
3.18    0.999974
3.2    0.999974
3.22    0.999974
3.24    0.999974
3.26    0.999974
3.28    0.999974
3.3    0.999974
3.32    0.999974
3.34    0.999974
3.36    0.999974
3.38    0.999974
3.4    0.999974
3.42    0.999974
3.44    0.999974
3.46    0.999974
3.48    0.999974
3.5    0.999974
3.52    0.999974
3.54    0.999974
3.56    0.999974
3.58    0.999974
3.6    0.999974
3.62    0.999974
3.64    0.999974
3.66    0.999974
3.68    0.999974
3.7    0.999974
3.72    0.999974
3.74    0.999974
3.76    0.999974
3.78    0.999974
3.8    0.999974
3.82    0.999974
3.84    0.999974
3.86    0.999974
3.88    0.999974
3.9    0.999974
3.92    0.999974
3.94    0.999974
3.96    0.999974
3.98    0.999974
4    0.999974
4.02    0.999974
4.04    0.999974
4.06    0.999974
4.08    0.999974
4.1    0.999974
4.12    0.999974
4.14    0.999974
4.16    0.999974
4.18    0.999974
4.2    0.999974
4.22    0.999974
4.24    0.999974
4.26    0.999974
4.28    0.999974
4.3    0.999974
4.32    0.999974
4.34    0.999974
4.36    0.999974
4.38    0.999974
4.4    0.999974
4.42    0.999974
4.44    0.999974
4.46    0.999974
4.48    0.999974
4.5    0.999974
4.52    0.999974
4.54    0.999974
4.56    0.999974
4.58    0.999974
4.6    0.999974
4.62    0.999974
4.64    0.999974
4.66    0.999974
4.68    0.999974
4.7    0.999974
4.72    0.999974
4.74    0.999974
4.76    0.999974
4.78    0.999974
4.8    0.999974
4.82    0.999974
4.84    0.999974
4.86    0.999974
4.88    0.999974
4.9    0.999974
4.92    0.999974
4.94    0.999974
4.96    0.999974
4.98    0.999974
