-5    1.27977e-05
-4.98    1.32551e-05
-4.96    1.37329e-05
-4.94    1.42323e-05
-4.92    1.47541e-05
-4.9    1.52997e-05
-4.88    1.58702e-05
-4.86    1.64669e-05
-4.84    1.70911e-05
-4.82    1.77442e-05
-4.8    1.84278e-05
-4.78    1.91433e-05
-4.76    1.98925e-05
-4.74    2.06772e-05
-4.72    2.14991e-05
-4.7    2.23602e-05
-4.68    2.32627e-05
-4.66    2.42086e-05
-4.64    2.52003e-05
-4.62    2.62402e-05
-4.6    2.73309e-05
-4.58    2.84751e-05
-4.56    2.96756e-05
-4.54    3.09356e-05
-4.52    3.22582e-05
-4.5    3.36467e-05
-4.48    3.51048e-05
-4.46    3.66363e-05
-4.44    3.82451e-05
-4.42    3.99355e-05
-4.4    4.17119e-05
-4.38    4.3579e-05
-4.36    4.55419e-05
-4.34    4.76057e-05
-4.32    4.97762e-05
-4.3    5.20591e-05
-4.28    5.44607e-05
-4.26    5.69876e-05
-4.24    5.96467e-05
-4.22    6.24455e-05
-4.2    6.53916e-05
-4.18    6.84934e-05
-4.16    7.17595e-05
-4.14    7.5199e-05
-4.12    7.88219e-05
-4.1    8.26382e-05
-4.08    8.66589e-05
-4.06    9.08955e-05
-4.04    9.536e-05
-4.02    0.000100065
-4    0.000105025
-3.98    0.000110254
-3.96    0.000115766
-3.94    0.000121578
-3.92    0.000127707
-3.9    0.00013417
-3.88    0.000140987
-3.86    0.000148177
-3.84    0.000155761
-3.82    0.000163762
-3.8    0.000172203
-3.78    0.000181109
-3.76    0.000190505
-3.74    0.00020042
-3.72    0.000210882
-3.7    0.000221922
-3.68    0.000233572
-3.66    0.000245867
-3.64    0.000258843
-3.62    0.000272536
-3.6    0.000286988
-3.58    0.00030224
-3.56    0.000318336
-3.54    0.000335324
-3.52    0.000353251
-3.5    0.000372171
-3.48    0.000392137
-3.46    0.000413206
-3.44    0.000435438
-3.42    0.000458898
-3.4    0.00048365
-3.38    0.000509765
-3.36    0.000537316
-3.34    0.000566381
-3.32    0.000597039
-3.3    0.000629375
-3.28    0.000663479
-3.26    0.000699442
-3.24    0.000737364
-3.22    0.000777345
-3.2    0.000819493
-3.18    0.00086392
-3.16    0.000910742
-3.14    0.000960082
-3.12    0.00101207
-3.1    0.00106683
-3.08    0.00112452
-3.06    0.00118527
-3.04    0.00124923
-3.02    0.00131657
-3    0.00138745
-2.98    0.00146204
-2.96    0.00154051
-2.94    0.00162307
-2.92    0.00170988
-2.9    0.00180117
-2.88    0.00189713
-2.86    0.00199798
-2.84    0.00210395
-2.82    0.00221526
-2.8    0.00233216
-2.78    0.00245489
-2.76    0.00258371
-2.74    0.00271888
-2.72    0.00286068
-2.7    0.00300939
-2.68    0.00316529
-2.66    0.00332869
-2.64    0.00349989
-2.62    0.00367921
-2.6    0.00386697
-2.58    0.0040635
-2.56    0.00426914
-2.54    0.00448425
-2.52    0.00470916
-2.5    0.00494425
-2.48    0.00518989
-2.46    0.00544645
-2.44    0.00571432
-2.42    0.00599388
-2.4    0.00628554
-2.38    0.00658968
-2.36    0.00690672
-2.34    0.00723706
-2.32    0.00758112
-2.3    0.00793932
-2.28    0.00831206
-2.26    0.00869978
-2.24    0.00910288
-2.22    0.0095218
-2.2    0.00995694
-2.18    0.0104087
-2.16    0.0108776
-2.14    0.0113639
-2.12    0.0118681
-2.1    0.0123906
-2.08    0.0129317
-2.06    0.0134919
-2.04    0.0140715
-2.02    0.0146709
-2    0.0152904
-1.98    0.0159304
-1.96    0.0165912
-1.94    0.0172731
-1.92    0.0179764
-1.9    0.0187013
-1.88    0.0194481
-1.86    0.0202171
-1.84    0.0210084
-1.82    0.0218222
-1.8    0.0226587
-1.78    0.0235179
-1.76    0.0244001
-1.74    0.0253052
-1.72    0.0262333
-1.7    0.0271843
-1.68    0.0281584
-1.66    0.0291553
-1.64    0.0301751
-1.62    0.0312175
-1.6    0.0322823
-1.58    0.0333695
-1.56    0.0344786
-1.54    0.0356095
-1.52    0.0367617
-1.5    0.037935
-1.48    0.0391288
-1.46    0.0403428
-1.44    0.0415764
-1.42    0.0428291
-1.4    0.0441002
-1.38    0.0453893
-1.36    0.0466955
-1.34    0.0480182
-1.32    0.0493567
-1.3    0.0507101
-1.28    0.0520776
-1.26    0.0534583
-1.24    0.0548514
-1.22    0.0562558
-1.2    0.0576707
-1.18    0.0590949
-1.16    0.0605275
-1.14    0.0619674
-1.12    0.0634134
-1.1    0.0648644
-1.08    0.0663192
-1.06    0.0677767
-1.04    0.0692357
-1.02    0.0706948
-1    0.072153
-0.98    0.0736088
-0.96    0.075061
-0.94    0.0765084
-0.92    0.0779495
-0.9    0.0793831
-0.88    0.0808079
-0.86    0.0822225
-0.84    0.0836256
-0.82    0.0850159
-0.8    0.0863921
-0.78    0.0877528
-0.76    0.0890967
-0.74    0.0904225
-0.72    0.091729
-0.7    0.0930148
-0.68    0.0942786
-0.66    0.0955193
-0.64    0.0967356
-0.62    0.0979262
-0.6    0.0990901
-0.58    0.100226
-0.56    0.101333
-0.54    0.102409
-0.52    0.103455
-0.5    0.104468
-0.48    0.105447
-0.46    0.106393
-0.44    0.107303
-0.42    0.108176
-0.4    0.109013
-0.38    0.109812
-0.36    0.110573
-0.34    0.111293
-0.32    0.111974
-0.3    0.112614
-0.28    0.113213
-0.26    0.113769
-0.24    0.114283
-0.22    0.114754
-0.2    0.115182
-0.18    0.115565
-0.16    0.115905
-0.14    0.116199
-0.12    0.11645
-0.1    0.116655
-0.08    0.116815
-0.06    0.11693
-0.04    0.116999
-0.02    0.117023
-1.80342e-14    0.117002
0.02    0.116936
0.04    0.116824
0.06    0.116668
0.08    0.116467
0.1    0.116221
0.12    0.115931
0.14    0.115598
0.16    0.115221
0.18    0.114801
0.2    0.114339
0.22    0.113835
0.24    0.11329
0.26    0.112704
0.28    0.112078
0.3    0.111412
0.32    0.110708
0.34    0.109966
0.36    0.109188
0.38    0.108372
0.4    0.107522
0.42    0.106637
0.44    0.105719
0.46    0.104769
0.48    0.103787
0.5    0.102774
0.52    0.101732
0.54    0.100662
0.56    0.099565
0.58    0.0984417
0.6    0.0972935
0.62    0.0961216
0.64    0.0949271
0.66    0.0937113
0.68    0.0924754
0.7    0.0912205
0.72    0.089948
0.74    0.0886589
0.76    0.0873547
0.78    0.0860364
0.8    0.0847054
0.82    0.0833629
0.84    0.0820101
0.86    0.0806482
0.88    0.0792786
0.9    0.0779023
0.92    0.0765207
0.94    0.0751349
0.96    0.073746
0.98    0.0723553
1    0.0709639
1.02    0.0695729
1.04    0.0681834
1.06    0.0667965
1.08    0.0654133
1.1    0.0640348
1.12    0.062662
1.14    0.0612959
1.16    0.0599375
1.18    0.0585876
1.2    0.0572471
1.22    0.055917
1.24    0.054598
1.26    0.0532909
1.28    0.0519965
1.3    0.0507155
1.32    0.0494485
1.34    0.0481963
1.36    0.0469595
1.38    0.0457386
1.4    0.0445341
1.42    0.0433466
1.44    0.0421766
1.46    0.0410244
1.48    0.0398905
1.5    0.0387752
1.52    0.0376789
1.54    0.0366018
1.56    0.0355442
1.58    0.0345063
1.6    0.0334884
1.62    0.0324905
1.64    0.0315128
1.66    0.0305554
1.68    0.0296184
1.7    0.0287018
1.72    0.0278055
1.74    0.0269297
1.76    0.0260742
1.78    0.025239
1.8    0.024424
1.82    0.0236291
1.84    0.0228541
1.86    0.0220989
1.88    0.0213633
1.9    0.0206472
1.92    0.0199502
1.94    0.0192723
1.96    0.0186131
1.98    0.0179724
2    0.01735
2.02    0.0167455
2.04    0.0161587
2.06    0.0155893
2.08    0.015037
2.1    0.0145015
2.12    0.0139824
2.14    0.0134794
2.16    0.0129922
2.18    0.0125205
2.2    0.0120639
2.22    0.0116221
2.24    0.0111948
2.26    0.0107815
2.28    0.0103821
2.3    0.00999605
2.32    0.00962311
2.34    0.00926291
2.36    0.00891512
2.38    0.00857942
2.4    0.00825545
2.42    0.0079429
2.44    0.00764145
2.46    0.00735076
2.48    0.00707052
2.5    0.00680043
2.52    0.00654017
2.54    0.00628944
2.56    0.00604794
2.58    0.00581538
2.6    0.00559148
2.62    0.00537596
2.64    0.00516853
2.66    0.00496894
2.68    0.00477692
2.7    0.00459222
2.72    0.00441457
2.74    0.00424375
2.76    0.00407951
2.78    0.00392163
2.8    0.00376987
2.82    0.00362402
2.84    0.00348387
2.86    0.0033492
2.88    0.00321982
2.9    0.00309554
2.92    0.00297616
2.94    0.0028615
2.96    0.00275139
2.98    0.00264565
3    0.00254411
3.02    0.00244663
3.04    0.00235303
3.06    0.00226318
3.08    0.00217692
3.1    0.00209412
3.12    0.00201463
3.14    0.00193834
3.16    0.00186512
3.18    0.00179483
3.2    0.00172737
3.22    0.00166263
3.24    0.00160049
3.26    0.00154085
3.28    0.00148362
3.3    0.00142868
3.32    0.00137596
3.34    0.00132535
3.36    0.00127678
3.38    0.00123016
3.4    0.00118541
3.42    0.00114246
3.44    0.00110123
3.46    0.00106165
3.48    0.00102365
3.5    0.000987176
3.52    0.000952152
3.54    0.000918525
3.56    0.000886235
3.58    0.000855228
3.6    0.000825451
3.62    0.000796852
3.64    0.000769384
3.66    0.000742999
3.68    0.000717653
3.7    0.000693302
3.72    0.000669906
3.74    0.000647425
3.76    0.00062582
3.78    0.000605057
3.8    0.0005851
3.82    0.000565915
3.84    0.000547472
3.86    0.000529739
3.88    0.000512687
3.9    0.000496288
3.92    0.000480515
3.94    0.000465342
3.96    0.000450746
3.98    0.000436702
4    0.000423187
4.02    0.00041018
4.04    0.000397661
4.06    0.000385609
4.08    0.000374005
4.1    0.000362832
4.12    0.000352071
4.14    0.000341707
4.16    0.000331723
4.18    0.000322103
4.2    0.000312834
4.22    0.0003039
4.24    0.000295289
4.26    0.000286988
4.28    0.000278985
4.3    0.000271267
4.32    0.000263823
4.34    0.000256643
4.36    0.000249716
4.38    0.000243032
4.4    0.000236582
4.42    0.000230356
4.44    0.000224345
4.46    0.000218542
4.48    0.000212939
4.5    0.000207526
4.52    0.000202298
4.54    0.000197248
4.56    0.000192367
4.58    0.000187651
4.6    0.000183092
4.62    0.000178684
4.64    0.000174423
4.66    0.000170302
4.68    0.000166316
4.7    0.00016246
4.72    0.000158729
4.74    0.000155119
4.76    0.000151625
4.78    0.000148243
4.8    0.000144969
4.82    0.000141799
4.84    0.000138728
4.86    0.000135754
4.88    0.000132873
4.9    0.000130082
4.92    0.000127376
4.94    0.000124754
4.96    0.000122213
4.98    0.000119748
