-5    0.473762
-4.98    0.473762
-4.96    0.473762
-4.94    0.473762
-4.92    0.473762
-4.9    0.473762
-4.88    0.473762
-4.86    0.473762
-4.84    0.473762
-4.82    0.473762
-4.8    0.473762
-4.78    0.473762
-4.76    0.473762
-4.74    0.473762
-4.72    0.473762
-4.7    0.473762
-4.68    0.473762
-4.66    0.473762
-4.64    0.473762
-4.62    0.473762
-4.6    0.473762
-4.58    0.473762
-4.56    0.473762
-4.54    0.473762
-4.52    0.473762
-4.5    0.473762
-4.48    0.473762
-4.46    0.473762
-4.44    0.473762
-4.42    0.473762
-4.4    0.473762
-4.38    0.473762
-4.36    0.473762
-4.34    0.473762
-4.32    0.473762
-4.3    0.473762
-4.28    0.473762
-4.26    0.473762
-4.24    0.473762
-4.22    0.473762
-4.2    0.473762
-4.18    0.473762
-4.16    0.473762
-4.14    0.473762
-4.12    0.473762
-4.1    0.473762
-4.08    0.473762
-4.06    0.473762
-4.04    0.473762
-4.02    0.473762
-4    0.473762
-3.98    0.473762
-3.96    0.473762
-3.94    0.473762
-3.92    0.473762
-3.9    0.473762
-3.88    0.473762
-3.86    0.473762
-3.84    0.473762
-3.82    0.473762
-3.8    0.473762
-3.78    0.473762
-3.76    0.473762
-3.74    0.473762
-3.72    0.473762
-3.7    0.473762
-3.68    0.473762
-3.66    0.473762
-3.64    0.473762
-3.62    0.473762
-3.6    0.473762
-3.58    0.473762
-3.56    0.473762
-3.54    0.473762
-3.52    0.473762
-3.5    0.473762
-3.48    0.473762
-3.46    0.473762
-3.44    0.473762
-3.42    0.473762
-3.4    0.473762
-3.38    0.473762
-3.36    0.473762
-3.34    0.473762
-3.32    0.473762
-3.3    0.473762
-3.28    0.473762
-3.26    0.473762
-3.24    0.473762
-3.22    0.473762
-3.2    0.473762
-3.18    0.473762
-3.16    0.473762
-3.14    0.473762
-3.12    0.473762
-3.1    0.473762
-3.08    0.473762
-3.06    0.473762
-3.04    0.473762
-3.02    0.473762
-3    0.473762
-2.98    0.473762
-2.96    0.473762
-2.94    0.473762
-2.92    0.473762
-2.9    0.473762
-2.88    0.473762
-2.86    0.473762
-2.84    0.473762
-2.82    0.473762
-2.8    0.473762
-2.78    0.473762
-2.76    0.473762
-2.74    0.473762
-2.72    0.473762
-2.7    0.473762
-2.68    0.473762
-2.66    0.473762
-2.64    0.473762
-2.62    0.473762
-2.6    0.473762
-2.58    0.473762
-2.56    0.473762
-2.54    0.473762
-2.52    0.473762
-2.5    0.473762
-2.48    0.473762
-2.46    0.473762
-2.44    0.473762
-2.42    0.473762
-2.4    0.473762
-2.38    0.473762
-2.36    0.473762
-2.34    0.473762
-2.32    0.473762
-2.3    0.473762
-2.28    0.473762
-2.26    0.473762
-2.24    0.473762
-2.22    0.473762
-2.2    0.473762
-2.18    0.473762
-2.16    0.473762
-2.14    0.473762
-2.12    0.473762
-2.1    0.473762
-2.08    0.473762
-2.06    0.473762
-2.04    0.473762
-2.02    0.473762
-2    0.473762
-1.98    0.473762
-1.96    0.473762
-1.94    0.473762
-1.92    0.473762
-1.9    0.473762
-1.88    0.473762
-1.86    0.473762
-1.84    0.473762
-1.82    0.473762
-1.8    0.473762
-1.78    0.473762
-1.76    0.473762
-1.74    0.473762
-1.72    0.473762
-1.7    0.473762
-1.68    0.473762
-1.66    0.473762
-1.64    0.473762
-1.62    0.473762
-1.6    0.473762
-1.58    0.473762
-1.56    0.473762
-1.54    0.473762
-1.52    0.473762
-1.5    0.473762
-1.48    0.473762
-1.46    0.473762
-1.44    0.473762
-1.42    0.473762
-1.4    0.473762
-1.38    0.473762
-1.36    0.473762
-1.34    0.473762
-1.32    0.473762
-1.3    0.473762
-1.28    0.473762
-1.26    0.473762
-1.24    0.473762
-1.22    0.473762
-1.2    0.473762
-1.18    0.473762
-1.16    0.473762
-1.14    0.473762
-1.12    0.473762
-1.1    0.473762
-1.08    0.473762
-1.06    0.473762
-1.04    0.473762
-1.02    0.473762
-1    0.473762
-0.98    0.473762
-0.96    0.473762
-0.94    0.473762
-0.92    0.473762
-0.9    0.473762
-0.88    0.473762
-0.86    0.473762
-0.84    0.473762
-0.82    0.473762
-0.8    0.473762
-0.78    0.473762
-0.76    0.473762
-0.74    0.473762
-0.72    0.473762
-0.7    0.473762
-0.68    0.473762
-0.66    0.473762
-0.64    0.473762
-0.62    0.473762
-0.6    0.473762
-0.58    0.473762
-0.56    0.473762
-0.54    0.473762
-0.52    0.473761
-0.5    0.473761
-0.48    0.473761
-0.46    0.473761
-0.44    0.473761
-0.42    0.473761
-0.4    0.473761
-0.38    0.473761
-0.36    0.473761
-0.34    0.473761
-0.32    0.473761
-0.3    0.473761
-0.28    0.473761
-0.26    0.473761
-0.24    0.473761
-0.22    0.473761
-0.2    0.473761
-0.18    0.47376
-0.16    0.47376
-0.14    0.47376
-0.12    0.47376
-0.1    0.47376
-0.08    0.47376
-0.06    0.473759
-0.04    0.473759
-0.02    0.473759
-1.80342e-14    0.473758
0.02    0.473758
0.04    0.473758
0.06    0.473757
0.08    0.473757
0.1    0.473756
0.12    0.473756
0.14    0.473755
0.16    0.473754
0.18    0.473753
0.2    0.473752
0.22    0.473751
0.24    0.47375
0.26    0.473749
0.28    0.473747
0.3    0.473745
0.32    0.473743
0.34    0.473741
0.36    0.473738
0.38    0.473734
0.4    0.473731
0.42    0.473726
0.44    0.473721
0.46    0.473715
0.48    0.473708
0.5    0.473699
0.52    0.473689
0.54    0.473676
0.56    0.473661
0.58    0.473643
0.6    0.473621
0.62    0.473595
0.64    0.473562
0.66    0.473522
0.68    0.473473
0.7    0.473412
0.72    0.473338
0.74    0.473246
0.76    0.473133
0.78    0.472994
0.8    0.472824
0.82    0.472615
0.84    0.472361
0.86    0.472053
0.88    0.471681
0.9    0.471235
0.92    0.470705
0.94    0.470079
0.96    0.469346
0.98    0.468496
1    0.467518
1.02    0.466406
1.04    0.465152
1.06    0.463754
1.08    0.46221
1.1    0.460524
1.12    0.4587
1.14    0.456748
1.16    0.454679
1.18    0.452507
1.2    0.450249
1.22    0.447922
1.24    0.445545
1.26    0.443136
1.28    0.440714
1.3    0.438298
1.32    0.435903
1.34    0.433545
1.36    0.431238
1.38    0.428993
1.4    0.426821
1.42    0.424728
1.44    0.422722
1.46    0.420808
1.48    0.418987
1.5    0.417261
1.52    0.415632
1.54    0.414097
1.56    0.412656
1.58    0.411307
1.6    0.410046
1.62    0.40887
1.64    0.407776
1.66    0.40676
1.68    0.405817
1.7    0.404944
1.72    0.404137
1.74    0.403391
1.76    0.402703
1.78    0.402069
1.8    0.401485
1.82    0.400948
1.84    0.400454
1.86    0.4
1.88    0.399584
1.9    0.399202
1.92    0.398852
1.94    0.398531
1.96    0.398237
1.98    0.397967
2    0.397721
2.02    0.397495
2.04    0.397289
2.06    0.3971
2.08    0.396928
2.1    0.39677
2.12    0.396626
2.14    0.396494
2.16    0.396374
2.18    0.396264
2.2    0.396163
2.22    0.396072
2.24    0.395988
2.26    0.395912
2.28    0.395842
2.3    0.395779
2.32    0.39572
2.34    0.395667
2.36    0.395619
2.38    0.395575
2.4    0.395535
2.42    0.395498
2.44    0.395465
2.46    0.395434
2.48    0.395406
2.5    0.395381
2.52    0.395358
2.54    0.395336
2.56    0.395317
2.58    0.395299
2.6    0.395283
2.62    0.395269
2.64    0.395255
2.66    0.395243
2.68    0.395232
2.7    0.395222
2.72    0.395213
2.74    0.395204
2.76    0.395197
2.78    0.39519
2.8    0.395183
2.82    0.395178
2.84    0.395172
2.86    0.395167
2.88    0.395163
2.9    0.395159
2.92    0.395155
2.94    0.395152
2.96    0.395149
2.98    0.395146
3    0.395144
3.02    0.395141
3.04    0.395139
3.06    0.395137
3.08    0.395135
3.1    0.395134
3.12    0.395132
3.14    0.395131
3.16    0.39513
3.18    0.395129
3.2    0.395128
3.22    0.395127
3.24    0.395126
3.26    0.395125
3.28    0.395124
3.3    0.395124
3.32    0.395123
3.34    0.395123
3.36    0.395122
3.38    0.395122
3.4    0.395121
3.42    0.395121
3.44    0.395121
3.46    0.39512
3.48    0.39512
3.5    0.39512
3.52    0.39512
3.54    0.395119
3.56    0.395119
3.58    0.395119
3.6    0.395119
3.62    0.395119
3.64    0.395119
3.66    0.395119
3.68    0.395118
3.7    0.395118
3.72    0.395118
3.74    0.395118
3.76    0.395118
3.78    0.395118
3.8    0.395118
3.82    0.395118
3.84    0.395118
3.86    0.395118
3.88    0.395118
3.9    0.395118
3.92    0.395118
3.94    0.395118
3.96    0.395118
3.98    0.395118
4    0.395118
4.02    0.395118
4.04    0.395117
4.06    0.395117
4.08    0.395117
4.1    0.395117
4.12    0.395117
4.14    0.395117
4.16    0.395117
4.18    0.395117
4.2    0.395117
4.22    0.395117
4.24    0.395117
4.26    0.395117
4.28    0.395117
4.3    0.395117
4.32    0.395117
4.34    0.395117
4.36    0.395117
4.38    0.395117
4.4    0.395117
4.42    0.395117
4.44    0.395117
4.46    0.395117
4.48    0.395117
4.5    0.395117
4.52    0.395117
4.54    0.395117
4.56    0.395117
4.58    0.395117
4.6    0.395117
4.62    0.395117
4.64    0.395117
4.66    0.395117
4.68    0.395117
4.7    0.395117
4.72    0.395117
4.74    0.395117
4.76    0.395117
4.78    0.395117
4.8    0.395117
4.82    0.395117
4.84    0.395117
4.86    0.395117
4.88    0.395117
4.9    0.395117
4.92    0.395117
4.94    0.395117
4.96    0.395117
4.98    0.395117
