-5    0.585187
-4.98    0.585101
-4.96    0.585015
-4.94    0.584929
-4.92    0.584843
-4.9    0.584756
-4.88    0.58467
-4.86    0.584583
-4.84    0.584496
-4.82    0.584409
-4.8    0.584322
-4.78    0.584234
-4.76    0.584146
-4.74    0.584059
-4.72    0.583971
-4.7    0.583882
-4.68    0.583794
-4.66    0.583705
-4.64    0.583617
-4.62    0.583528
-4.6    0.583439
-4.58    0.58335
-4.56    0.583261
-4.54    0.583171
-4.52    0.583081
-4.5    0.582992
-4.48    0.582902
-4.46    0.582812
-4.44    0.582721
-4.42    0.582631
-4.4    0.582541
-4.38    0.58245
-4.36    0.582359
-4.34    0.582268
-4.32    0.582177
-4.3    0.582086
-4.28    0.581995
-4.26    0.581903
-4.24    0.581812
-4.22    0.58172
-4.2    0.581628
-4.18    0.581536
-4.16    0.581444
-4.14    0.581352
-4.12    0.581259
-4.1    0.581167
-4.08    0.581074
-4.06    0.580981
-4.04    0.580889
-4.02    0.580796
-4    0.580703
-3.98    0.580609
-3.96    0.580516
-3.94    0.580423
-3.92    0.580329
-3.9    0.580236
-3.88    0.580142
-3.86    0.580048
-3.84    0.579954
-3.82    0.579861
-3.8    0.579766
-3.78    0.579672
-3.76    0.579578
-3.74    0.579484
-3.72    0.579389
-3.7    0.579295
-3.68    0.5792
-3.66    0.579106
-3.64    0.579011
-3.62    0.578916
-3.6    0.578821
-3.58    0.578726
-3.56    0.578631
-3.54    0.578536
-3.52    0.578441
-3.5    0.578346
-3.48    0.57825
-3.46    0.578155
-3.44    0.578059
-3.42    0.577964
-3.4    0.577868
-3.38    0.577773
-3.36    0.577677
-3.34    0.577581
-3.32    0.577486
-3.3    0.57739
-3.28    0.577294
-3.26    0.577198
-3.24    0.577102
-3.22    0.577006
-3.2    0.57691
-3.18    0.576814
-3.16    0.576718
-3.14    0.576622
-3.12    0.576526
-3.1    0.57643
-3.08    0.576333
-3.06    0.576237
-3.04    0.576141
-3.02    0.576045
-3    0.575948
-2.98    0.575852
-2.96    0.575756
-2.94    0.575659
-2.92    0.575563
-2.9    0.575467
-2.88    0.57537
-2.86    0.575274
-2.84    0.575178
-2.82    0.575081
-2.8    0.574985
-2.78    0.574888
-2.76    0.574792
-2.74    0.574696
-2.72    0.574599
-2.7    0.574503
-2.68    0.574407
-2.66    0.57431
-2.64    0.574214
-2.62    0.574118
-2.6    0.574021
-2.58    0.573925
-2.56    0.573829
-2.54    0.573733
-2.52    0.573636
-2.5    0.57354
-2.48    0.573444
-2.46    0.573348
-2.44    0.573252
-2.42    0.573156
-2.4    0.57306
-2.38    0.572964
-2.36    0.572868
-2.34    0.572772
-2.32    0.572676
-2.3    0.57258
-2.28    0.572485
-2.26    0.572389
-2.24    0.572293
-2.22    0.572198
-2.2    0.572102
-2.18    0.572007
-2.16    0.571911
-2.14    0.571816
-2.12    0.571721
-2.1    0.571625
-2.08    0.57153
-2.06    0.571435
-2.04    0.57134
-2.02    0.571245
-2    0.57115
-1.98    0.571056
-1.96    0.570961
-1.94    0.570866
-1.92    0.570772
-1.9    0.570677
-1.88    0.570583
-1.86    0.570489
-1.84    0.570395
-1.82    0.570301
-1.8    0.570207
-1.78    0.570113
-1.76    0.570019
-1.74    0.569926
-1.72    0.569832
-1.7    0.569739
-1.68    0.569645
-1.66    0.569552
-1.64    0.569459
-1.62    0.569366
-1.6    0.569273
-1.58    0.569181
-1.56    0.569088
-1.54    0.568996
-1.52    0.568904
-1.5    0.568812
-1.48    0.56872
-1.46    0.568628
-1.44    0.568537
-1.42    0.568445
-1.4    0.568354
-1.38    0.568263
-1.36    0.568172
-1.34    0.568082
-1.32    0.567991
-1.3    0.567901
-1.28    0.567811
-1.26    0.567721
-1.24    0.567632
-1.22    0.567542
-1.2    0.567453
-1.18    0.567365
-1.16    0.567276
-1.14    0.567188
-1.12    0.5671
-1.1    0.567013
-1.08    0.566926
-1.06    0.566839
-1.04    0.566752
-1.02    0.566666
-1    0.566581
-0.98    0.566496
-0.96    0.566411
-0.94    0.566327
-0.92    0.566243
-0.9    0.56616
-0.88    0.566077
-0.86    0.565995
-0.84    0.565914
-0.82    0.565833
-0.8    0.565753
-0.78    0.565674
-0.76    0.565595
-0.74    0.565518
-0.72    0.565441
-0.7    0.565365
-0.68    0.565291
-0.66    0.565217
-0.64    0.565145
-0.62    0.565073
-0.6    0.565004
-0.58    0.564935
-0.56    0.564868
-0.54    0.564803
-0.52    0.56474
-0.5    0.564678
-0.48    0.564619
-0.46    0.564561
-0.44    0.564506
-0.42    0.564453
-0.4    0.564403
-0.38    0.564356
-0.36    0.564312
-0.34    0.564271
-0.32    0.564233
-0.3    0.5642
-0.28    0.56417
-0.26    0.564145
-0.24    0.564124
-0.22    0.564108
-0.2    0.564097
-0.18    0.564093
-0.16    0.564094
-0.14    0.564102
-0.12    0.564117
-0.1    0.564139
-0.08    0.564169
-0.06    0.564208
-0.04    0.564257
-0.02    0.564315
-1.80342e-14    0.564383
0.02    0.564463
0.04    0.564555
0.06    0.56466
0.08    0.564778
0.1    0.564911
0.12    0.56506
0.14    0.565225
0.16    0.565408
0.18    0.565609
0.2    0.565831
0.22    0.566073
0.24    0.566337
0.26    0.566625
0.28    0.566938
0.3    0.567277
0.32    0.567644
0.34    0.568039
0.36    0.568466
0.38    0.568924
0.4    0.569416
0.42    0.569942
0.44    0.570506
0.46    0.571107
0.48    0.571749
0.5    0.572431
0.52    0.573157
0.54    0.573926
0.56    0.574741
0.58    0.575603
0.6    0.576513
0.62    0.577472
0.64    0.578482
0.66    0.579543
0.68    0.580656
0.7    0.581821
0.72    0.58304
0.74    0.584313
0.76    0.585639
0.78    0.587018
0.8    0.58845
0.82    0.589935
0.84    0.591471
0.86    0.593058
0.88    0.594694
0.9    0.596377
0.92    0.598105
0.94    0.599877
0.96    0.601689
0.98    0.603539
1    0.605424
1.02    0.60734
1.04    0.609285
1.06    0.611254
1.08    0.613244
1.1    0.615252
1.12    0.617271
1.14    0.6193
1.16    0.621333
1.18    0.623367
1.2    0.625397
1.22    0.627419
1.24    0.629429
1.26    0.631423
1.28    0.633398
1.3    0.63535
1.32    0.637275
1.34    0.63917
1.36    0.641033
1.38    0.64286
1.4    0.64465
1.42    0.646399
1.44    0.648106
1.46    0.649769
1.48    0.651387
1.5    0.652957
1.52    0.654481
1.54    0.655955
1.56    0.657381
1.58    0.658757
1.6    0.660083
1.62    0.66136
1.64    0.662587
1.66    0.663765
1.68    0.664895
1.7    0.665976
1.72    0.66701
1.74    0.667997
1.76    0.668939
1.78    0.669836
1.8    0.670689
1.82    0.6715
1.84    0.672269
1.86    0.672999
1.88    0.673688
1.9    0.674341
1.92    0.674956
1.94    0.675536
1.96    0.676082
1.98    0.676595
2    0.677076
2.02    0.677527
2.04    0.677948
2.06    0.678341
2.08    0.678707
2.1    0.679047
2.12    0.679362
2.14    0.679654
2.16    0.679923
2.18    0.68017
2.2    0.680396
2.22    0.680602
2.24    0.68079
2.26    0.680959
2.28    0.681112
2.3    0.681248
2.32    0.681368
2.34    0.681473
2.36    0.681565
2.38    0.681643
2.4    0.681708
2.42    0.681761
2.44    0.681803
2.46    0.681834
2.48    0.681854
2.5    0.681865
2.52    0.681867
2.54    0.681859
2.56    0.681844
2.58    0.68182
2.6    0.681789
2.62    0.681751
2.64    0.681707
2.66    0.681656
2.68    0.681599
2.7    0.681536
2.72    0.681469
2.74    0.681396
2.76    0.681319
2.78    0.681237
2.8    0.681151
2.82    0.681061
2.84    0.680968
2.86    0.680871
2.88    0.680771
2.9    0.680668
2.92    0.680562
2.94    0.680454
2.96    0.680343
2.98    0.680229
3    0.680114
3.02    0.679996
3.04    0.679877
3.06    0.679756
3.08    0.679633
3.1    0.679509
3.12    0.679383
3.14    0.679257
3.16    0.679129
3.18    0.679
3.2    0.67887
3.22    0.678739
3.24    0.678607
3.26    0.678475
3.28    0.678342
3.3    0.678208
3.32    0.678074
3.34    0.677939
3.36    0.677804
3.38    0.677669
3.4    0.677533
3.42    0.677397
3.44    0.677261
3.46    0.677125
3.48    0.676989
3.5    0.676852
3.52    0.676716
3.54    0.67658
3.56    0.676443
3.58    0.676307
3.6    0.676171
3.62    0.676035
3.64    0.675899
3.66    0.675763
3.68    0.675628
3.7    0.675492
3.72    0.675357
3.74    0.675223
3.76    0.675088
3.78    0.674954
3.8    0.67482
3.82    0.674687
3.84    0.674554
3.86    0.674421
3.88    0.674289
3.9    0.674157
3.92    0.674025
3.94    0.673894
3.96    0.673764
3.98    0.673633
4    0.673503
4.02    0.673374
4.04    0.673245
4.06    0.673117
4.08    0.672989
4.1    0.672861
4.12    0.672734
4.14    0.672608
4.16    0.672482
4.18    0.672356
4.2    0.672231
4.22    0.672107
4.24    0.671983
4.26    0.67186
4.28    0.671737
4.3    0.671614
4.32    0.671492
4.34    0.671371
4.36    0.67125
4.38    0.67113
4.4    0.67101
4.42    0.670891
4.44    0.670772
4.46    0.670654
4.48    0.670536
4.5    0.670419
4.52    0.670303
4.54    0.670187
4.56    0.670071
4.58    0.669956
4.6    0.669842
4.62    0.669728
4.64    0.669615
4.66    0.669502
4.68    0.66939
4.7    0.669278
4.72    0.669167
4.74    0.669056
4.76    0.668946
4.78    0.668837
4.8    0.668728
4.82    0.668619
4.84    0.668511
4.86    0.668404
4.88    0.668297
4.9    0.66819
4.92    0.668084
4.94    0.667979
4.96    0.667874
4.98    0.66777
