-5    1.53733e-08
-4.98    1.54432e-08
-4.96    1.5516e-08
-4.94    1.55919e-08
-4.92    1.56711e-08
-4.9    1.57536e-08
-4.88    1.58397e-08
-4.86    1.59295e-08
-4.84    1.60232e-08
-4.82    1.61209e-08
-4.8    1.6223e-08
-4.78    1.63295e-08
-4.76    1.64408e-08
-4.74    1.65569e-08
-4.72    1.66783e-08
-4.7    1.68051e-08
-4.68    1.69376e-08
-4.66    1.70762e-08
-4.64    1.7221e-08
-4.62    1.73725e-08
-4.6    1.7531e-08
-4.58    1.76969e-08
-4.56    1.78705e-08
-4.54    1.80523e-08
-4.52    1.82427e-08
-4.5    1.84421e-08
-4.48    1.86512e-08
-4.46    1.88704e-08
-4.44    1.91002e-08
-4.42    1.93413e-08
-4.4    1.95944e-08
-4.38    1.98601e-08
-4.36    2.01392e-08
-4.34    2.04324e-08
-4.32    2.07406e-08
-4.3    2.10648e-08
-4.28    2.14058e-08
-4.26    2.17647e-08
-4.24    2.21426e-08
-4.22    2.25408e-08
-4.2    2.29606e-08
-4.18    2.34032e-08
-4.16    2.38703e-08
-4.14    2.43633e-08
-4.12    2.48842e-08
-4.1    2.54346e-08
-4.08    2.60168e-08
-4.06    2.66328e-08
-4.04    2.7285e-08
-4.02    2.79761e-08
-4    2.87087e-08
-3.98    2.94859e-08
-3.96    3.0311e-08
-3.94    3.11876e-08
-3.92    3.21194e-08
-3.9    3.31108e-08
-3.88    3.41663e-08
-3.86    3.5291e-08
-3.84    3.64902e-08
-3.82    3.777e-08
-3.8    3.91368e-08
-3.78    4.05979e-08
-3.76    4.21609e-08
-3.74    4.38345e-08
-3.72    4.5628e-08
-3.7    4.75517e-08
-3.68    4.96168e-08
-3.66    5.18359e-08
-3.64    5.42224e-08
-3.62    5.67914e-08
-3.6    5.95594e-08
-3.58    6.25447e-08
-3.56    6.57671e-08
-3.54    6.9249e-08
-3.52    7.30146e-08
-3.5    7.70908e-08
-3.48    8.15076e-08
-3.46    8.62976e-08
-3.44    9.14972e-08
-3.42    9.71466e-08
-3.4    1.0329e-07
-3.38    1.09977e-07
-3.36    1.17262e-07
-3.34    1.25204e-07
-3.32    1.3387e-07
-3.3    1.43334e-07
-3.28    1.53676e-07
-3.26    1.64987e-07
-3.24    1.77366e-07
-3.22    1.9092e-07
-3.2    2.05773e-07
-3.18    2.22055e-07
-3.16    2.39913e-07
-3.14    2.59508e-07
-3.12    2.81016e-07
-3.1    3.04631e-07
-3.08    3.30563e-07
-3.06    3.59045e-07
-3.04    3.90329e-07
-3.02    4.24687e-07
-3    4.62417e-07
-2.98    5.0384e-07
-2.96    5.49303e-07
-2.94    5.99177e-07
-2.92    6.53862e-07
-2.9    7.13783e-07
-2.88    7.79389e-07
-2.86    8.51159e-07
-2.84    9.29594e-07
-2.82    1.01522e-06
-2.8    1.10858e-06
-2.78    1.21023e-06
-2.76    1.32076e-06
-2.74    1.44075e-06
-2.72    1.57079e-06
-2.7    1.71148e-06
-2.68    1.86341e-06
-2.66    2.02715e-06
-2.64    2.20325e-06
-2.62    2.39225e-06
-2.6    2.59464e-06
-2.58    2.81088e-06
-2.56    3.0414e-06
-2.54    3.28655e-06
-2.52    3.54664e-06
-2.5    3.82192e-06
-2.48    4.11259e-06
-2.46    4.41879e-06
-2.44    4.74057e-06
-2.42    5.07797e-06
-2.4    5.43095e-06
-2.38    5.79943e-06
-2.36    6.1833e-06
-2.34    6.58242e-06
-2.32    6.99662e-06
-2.3    7.42574e-06
-2.28    7.86962e-06
-2.26    8.32811e-06
-2.24    8.80108e-06
-2.22    9.28844e-06
-2.2    9.79014e-06
-2.18    1.03062e-05
-2.16    1.08367e-05
-2.14    1.13817e-05
-2.12    1.19415e-05
-2.1    1.25163e-05
-2.08    1.31065e-05
-2.06    1.37124e-05
-2.04    1.43345e-05
-2.02    1.49734e-05
-2    1.56296e-05
-1.98    1.63037e-05
-1.96    1.69965e-05
-1.94    1.77085e-05
-1.92    1.84406e-05
-1.9    1.91935e-05
-1.88    1.99678e-05
-1.86    2.07644e-05
-1.84    2.15839e-05
-1.82    2.2427e-05
-1.8    2.32943e-05
-1.78    2.41866e-05
-1.76    2.51042e-05
-1.74    2.60478e-05
-1.72    2.70177e-05
-1.7    2.80143e-05
-1.68    2.90379e-05
-1.66    3.00887e-05
-1.64    3.11668e-05
-1.62    3.22722e-05
-1.6    3.34049e-05
-1.58    3.45646e-05
-1.56    3.57512e-05
-1.54    3.69642e-05
-1.52    3.82032e-05
-1.5    3.94677e-05
-1.48    4.07571e-05
-1.46    4.20706e-05
-1.44    4.34074e-05
-1.42    4.47666e-05
-1.4    4.61474e-05
-1.38    4.75486e-05
-1.36    4.89693e-05
-1.34    5.04082e-05
-1.32    5.18643e-05
-1.3    5.33362e-05
-1.28    5.48228e-05
-1.26    5.63228e-05
-1.24    5.78348e-05
-1.22    5.93575e-05
-1.2    6.08895e-05
-1.18    6.24296e-05
-1.16    6.39762e-05
-1.14    6.55279e-05
-1.12    6.70834e-05
-1.1    6.8641e-05
-1.08    7.01994e-05
-1.06    7.17568e-05
-1.04    7.33117e-05
-1.02    7.48624e-05
-1    7.64073e-05
-0.98    7.79446e-05
-0.96    7.94726e-05
-0.94    8.09895e-05
-0.92    8.24937e-05
-0.9    8.39833e-05
-0.88    8.54568e-05
-0.86    8.69126e-05
-0.84    8.83492e-05
-0.82    8.97652e-05
-0.8    9.11594e-05
-0.78    9.25304e-05
-0.76    9.38774e-05
-0.74    9.51991e-05
-0.72    9.64949e-05
-0.7    9.77639e-05
-0.68    9.90053e-05
-0.66    0.000100219
-0.64    0.000101403
-0.62    0.000102559
-0.6    0.000103684
-0.58    0.00010478
-0.56    0.000105845
-0.54    0.000106879
-0.52    0.000107883
-0.5    0.000108854
-0.48    0.000109794
-0.46    0.000110703
-0.44    0.000111578
-0.42    0.000112422
-0.4    0.000113233
-0.38    0.000114011
-0.36    0.000114756
-0.34    0.000115468
-0.32    0.000116147
-0.3    0.000116792
-0.28    0.000117403
-0.26    0.00011798
-0.24    0.000118523
-0.22    0.000119031
-0.2    0.000119505
-0.18    0.000119945
-0.16    0.000120349
-0.14    0.000120718
-0.12    0.000121052
-0.1    0.00012135
-0.08    0.000121612
-0.06    0.000121838
-0.04    0.000122028
-0.02    0.000122181
-1.80342e-14    0.000122297
0.02    0.000122376
0.04    0.000122418
0.06    0.000122422
0.08    0.000122387
0.1    0.000122315
0.12    0.000122204
0.14    0.000122054
0.16    0.000121865
0.18    0.000121637
0.2    0.000121369
0.22    0.000121061
0.24    0.000120713
0.26    0.000120325
0.28    0.000119896
0.3    0.000119426
0.32    0.000118916
0.34    0.000118364
0.36    0.000117771
0.38    0.000117137
0.4    0.000116462
0.42    0.000115746
0.44    0.000114988
0.46    0.00011419
0.48    0.00011335
0.5    0.00011247
0.52    0.00011155
0.54    0.00011059
0.56    0.00010959
0.58    0.000108552
0.6    0.000107475
0.62    0.000106361
0.64    0.00010521
0.66    0.000104022
0.68    0.0001028
0.7    0.000101543
0.72    0.000100254
0.74    9.89331e-05
0.76    9.75815e-05
0.78    9.62009e-05
0.8    9.47927e-05
0.82    9.33584e-05
0.84    9.18997e-05
0.86    9.04182e-05
0.88    8.89157e-05
0.9    8.7394e-05
0.92    8.58549e-05
0.94    8.43006e-05
0.96    8.27327e-05
0.98    8.11535e-05
1    7.95649e-05
1.02    7.7969e-05
1.04    7.63678e-05
1.06    7.47633e-05
1.08    7.31577e-05
1.1    7.15529e-05
1.12    6.99509e-05
1.14    6.83537e-05
1.16    6.67632e-05
1.18    6.51813e-05
1.2    6.36098e-05
1.22    6.20505e-05
1.24    6.05049e-05
1.26    5.89746e-05
1.28    5.74613e-05
1.3    5.59663e-05
1.32    5.44908e-05
1.34    5.30363e-05
1.36    5.16038e-05
1.38    5.01943e-05
1.4    4.88088e-05
1.42    4.74482e-05
1.44    4.61132e-05
1.46    4.48044e-05
1.48    4.35226e-05
1.5    4.2268e-05
1.52    4.10412e-05
1.54    3.98425e-05
1.56    3.86721e-05
1.58    3.75301e-05
1.6    3.64166e-05
1.62    3.53317e-05
1.64    3.42753e-05
1.66    3.32473e-05
1.68    3.22475e-05
1.7    3.12758e-05
1.72    3.03318e-05
1.74    2.94153e-05
1.76    2.85259e-05
1.78    2.76633e-05
1.8    2.6827e-05
1.82    2.60165e-05
1.84    2.52315e-05
1.86    2.44714e-05
1.88    2.37357e-05
1.9    2.30238e-05
1.92    2.23354e-05
1.94    2.16698e-05
1.96    2.10264e-05
1.98    2.04047e-05
2    1.98042e-05
2.02    1.92242e-05
2.04    1.86642e-05
2.06    1.81237e-05
2.08    1.76021e-05
2.1    1.70988e-05
2.12    1.66133e-05
2.14    1.6145e-05
2.16    1.56935e-05
2.18    1.52581e-05
2.2    1.48385e-05
2.22    1.4434e-05
2.24    1.40442e-05
2.26    1.36686e-05
2.28    1.33068e-05
2.3    1.29583e-05
2.32    1.26225e-05
2.34    1.22992e-05
2.36    1.19878e-05
2.38    1.16881e-05
2.4    1.13994e-05
2.42    1.11216e-05
2.44    1.08541e-05
2.46    1.05967e-05
2.48    1.0349e-05
2.5    1.01106e-05
2.52    9.88119e-06
2.54    9.66048e-06
2.56    9.44814e-06
2.58    9.24386e-06
2.6    9.04737e-06
2.62    8.85837e-06
2.64    8.67659e-06
2.66    8.50178e-06
2.68    8.33366e-06
2.7    8.17201e-06
2.72    8.01657e-06
2.74    7.86712e-06
2.76    7.72345e-06
2.78    7.58532e-06
2.8    7.45254e-06
2.82    7.32492e-06
2.84    7.20224e-06
2.86    7.08434e-06
2.88    6.97102e-06
2.9    6.86213e-06
2.92    6.75748e-06
2.94    6.65693e-06
2.96    6.56031e-06
2.98    6.46748e-06
3    6.37829e-06
3.02    6.2926e-06
3.04    6.21029e-06
3.06    6.13122e-06
3.08    6.05527e-06
3.1    5.98232e-06
3.12    5.91226e-06
3.14    5.84498e-06
3.16    5.78037e-06
3.18    5.71833e-06
3.2    5.65876e-06
3.22    5.60156e-06
3.24    5.54666e-06
3.26    5.49395e-06
3.28    5.44337e-06
3.3    5.39482e-06
3.32    5.34823e-06
3.34    5.30352e-06
3.36    5.26063e-06
3.38    5.21949e-06
3.4    5.18003e-06
3.42    5.14219e-06
3.44    5.10591e-06
3.46    5.07112e-06
3.48    5.03778e-06
3.5    5.00583e-06
3.52    4.97522e-06
3.54    4.94591e-06
3.56    4.91783e-06
3.58    4.89095e-06
3.6    4.86523e-06
3.62    4.84062e-06
3.64    4.81708e-06
3.66    4.79457e-06
3.68    4.77306e-06
3.7    4.75251e-06
3.72    4.73289e-06
3.74    4.71416e-06
3.76    4.6963e-06
3.78    4.67926e-06
3.8    4.66303e-06
3.82    4.64758e-06
3.84    4.63287e-06
3.86    4.61889e-06
3.88    4.6056e-06
3.9    4.59299e-06
3.92    4.58102e-06
3.94    4.56969e-06
3.96    4.55896e-06
3.98    4.54882e-06
4    4.53924e-06
4.02    4.53022e-06
4.04    4.52172e-06
4.06    4.51373e-06
4.08    4.50624e-06
4.1    4.49923e-06
4.12    4.49268e-06
4.14    4.48658e-06
4.16    4.48091e-06
4.18    4.47565e-06
4.2    4.47081e-06
4.22    4.46635e-06
4.24    4.46227e-06
4.26    4.45856e-06
4.28    4.4552e-06
4.3    4.45218e-06
4.32    4.4495e-06
4.34    4.44713e-06
4.36    4.44508e-06
4.38    4.44332e-06
4.4    4.44186e-06
4.42    4.44068e-06
4.44    4.43976e-06
4.46    4.43911e-06
4.48    4.43872e-06
4.5    4.43857e-06
4.52    4.43865e-06
4.54    4.43897e-06
4.56    4.43951e-06
4.58    4.44026e-06
4.6    4.44123e-06
4.62    4.44239e-06
4.64    4.44374e-06
4.66    4.44529e-06
4.68    4.44701e-06
4.7    4.44891e-06
4.72    4.45098e-06
4.74    4.45322e-06
4.76    4.45561e-06
4.78    4.45815e-06
4.8    4.46084e-06
4.82    4.46367e-06
4.84    4.46664e-06
4.86    4.46974e-06
4.88    4.47297e-06
4.9    4.47632e-06
4.92    4.4798e-06
4.94    4.48338e-06
4.96    4.48708e-06
4.98    4.49088e-06
