-5    0.142321
-4.98    0.142308
-4.96    0.142295
-4.94    0.142282
-4.92    0.142269
-4.9    0.142255
-4.88    0.142242
-4.86    0.142229
-4.84    0.142215
-4.82    0.142202
-4.8    0.142188
-4.78    0.142174
-4.76    0.14216
-4.74    0.142146
-4.72    0.142133
-4.7    0.142119
-4.68    0.142105
-4.66    0.14209
-4.64    0.142076
-4.62    0.142062
-4.6    0.142048
-4.58    0.142033
-4.56    0.142019
-4.54    0.142005
-4.52    0.14199
-4.5    0.141975
-4.48    0.141961
-4.46    0.141946
-4.44    0.141932
-4.42    0.141917
-4.4    0.141902
-4.38    0.141887
-4.36    0.141872
-4.34    0.141857
-4.32    0.141843
-4.3    0.141828
-4.28    0.141813
-4.26    0.141798
-4.24    0.141783
-4.22    0.141767
-4.2    0.141752
-4.18    0.141737
-4.16    0.141722
-4.14    0.141707
-4.12    0.141692
-4.1    0.141677
-4.08    0.141661
-4.06    0.141646
-4.04    0.141631
-4.02    0.141616
-4    0.141601
-3.98    0.141585
-3.96    0.14157
-3.94    0.141555
-3.92    0.14154
-3.9    0.141525
-3.88    0.141509
-3.86    0.141494
-3.84    0.141479
-3.82    0.141464
-3.8    0.141449
-3.78    0.141434
-3.76    0.141419
-3.74    0.141403
-3.72    0.141388
-3.7    0.141373
-3.68    0.141358
-3.66    0.141343
-3.64    0.141328
-3.62    0.141314
-3.6    0.141299
-3.58    0.141284
-3.56    0.141269
-3.54    0.141254
-3.52    0.14124
-3.5    0.141225
-3.48    0.14121
-3.46    0.141196
-3.44    0.141181
-3.42    0.141167
-3.4    0.141152
-3.38    0.141138
-3.36    0.141124
-3.34    0.14111
-3.32    0.141095
-3.3    0.141081
-3.28    0.141067
-3.26    0.141053
-3.24    0.141039
-3.22    0.141025
-3.2    0.141012
-3.18    0.140998
-3.16    0.140984
-3.14    0.140971
-3.12    0.140957
-3.1    0.140944
-3.08    0.14093
-3.06    0.140917
-3.04    0.140904
-3.02    0.140891
-3    0.140877
-2.98    0.140864
-2.96    0.140852
-2.94    0.140839
-2.92    0.140826
-2.9    0.140813
-2.88    0.140801
-2.86    0.140788
-2.84    0.140776
-2.82    0.140764
-2.8    0.140751
-2.78    0.140739
-2.76    0.140727
-2.74    0.140715
-2.72    0.140703
-2.7    0.140692
-2.68    0.14068
-2.66    0.140668
-2.64    0.140657
-2.62    0.140645
-2.6    0.140634
-2.58    0.140623
-2.56    0.140612
-2.54    0.140601
-2.52    0.14059
-2.5    0.140579
-2.48    0.140568
-2.46    0.140558
-2.44    0.140547
-2.42    0.140537
-2.4    0.140526
-2.38    0.140516
-2.36    0.140506
-2.34    0.140496
-2.32    0.140486
-2.3    0.140476
-2.28    0.140466
-2.26    0.140456
-2.24    0.140447
-2.22    0.140437
-2.2    0.140428
-2.18    0.140418
-2.16    0.140409
-2.14    0.1404
-2.12    0.140391
-2.1    0.140382
-2.08    0.140373
-2.06    0.140364
-2.04    0.140355
-2.02    0.140347
-2    0.140338
-1.98    0.14033
-1.96    0.140322
-1.94    0.140313
-1.92    0.140305
-1.9    0.140297
-1.88    0.140289
-1.86    0.140281
-1.84    0.140274
-1.82    0.140266
-1.8    0.140258
-1.78    0.140251
-1.76    0.140243
-1.74    0.140236
-1.72    0.140229
-1.7    0.140221
-1.68    0.140214
-1.66    0.140207
-1.64    0.1402
-1.62    0.140194
-1.6    0.140187
-1.58    0.14018
-1.56    0.140173
-1.54    0.140167
-1.52    0.14016
-1.5    0.140154
-1.48    0.140148
-1.46    0.140142
-1.44    0.140135
-1.42    0.140129
-1.4    0.140123
-1.38    0.140117
-1.36    0.140112
-1.34    0.140106
-1.32    0.1401
-1.3    0.140094
-1.28    0.140089
-1.26    0.140083
-1.24    0.140078
-1.22    0.140073
-1.2    0.140067
-1.18    0.140062
-1.16    0.140057
-1.14    0.140052
-1.12    0.140047
-1.1    0.140042
-1.08    0.140037
-1.06    0.140032
-1.04    0.140028
-1.02    0.140023
-1    0.140018
-0.98    0.140014
-0.96    0.140009
-0.94    0.140005
-0.92    0.14
-0.9    0.139996
-0.88    0.139992
-0.86    0.139988
-0.84    0.139983
-0.82    0.139979
-0.8    0.139975
-0.78    0.139971
-0.76    0.139967
-0.74    0.139964
-0.72    0.13996
-0.7    0.139956
-0.68    0.139952
-0.66    0.139949
-0.64    0.139945
-0.62    0.139941
-0.6    0.139938
-0.58    0.139934
-0.56    0.139931
-0.54    0.139928
-0.52    0.139924
-0.5    0.139921
-0.48    0.139918
-0.46    0.139915
-0.44    0.139912
-0.42    0.139908
-0.4    0.139905
-0.38    0.139902
-0.36    0.139899
-0.34    0.139896
-0.32    0.139894
-0.3    0.139891
-0.28    0.139888
-0.26    0.139885
-0.24    0.139882
-0.22    0.13988
-0.2    0.139877
-0.18    0.139875
-0.16    0.139872
-0.14    0.139869
-0.12    0.139867
-0.1    0.139865
-0.08    0.139862
-0.06    0.13986
-0.04    0.139857
-0.02    0.139855
-1.80342e-14    0.139853
0.02    0.139851
0.04    0.139848
0.06    0.139846
0.08    0.139844
0.1    0.139842
0.12    0.13984
0.14    0.139838
0.16    0.139836
0.18    0.139834
0.2    0.139832
0.22    0.13983
0.24    0.139828
0.26    0.139826
0.28    0.139824
0.3    0.139822
0.32    0.139821
0.34    0.139819
0.36    0.139817
0.38    0.139815
0.4    0.139814
0.42    0.139812
0.44    0.13981
0.46    0.139809
0.48    0.139807
0.5    0.139806
0.52    0.139804
0.54    0.139802
0.56    0.139801
0.58    0.139799
0.6    0.139798
0.62    0.139797
0.64    0.139795
0.66    0.139794
0.68    0.139792
0.7    0.139791
0.72    0.13979
0.74    0.139788
0.76    0.139787
0.78    0.139786
0.8    0.139785
0.82    0.139783
0.84    0.139782
0.86    0.139781
0.88    0.13978
0.9    0.139779
0.92    0.139778
0.94    0.139776
0.96    0.139775
0.98    0.139774
1    0.139773
1.02    0.139772
1.04    0.139771
1.06    0.13977
1.08    0.139769
1.1    0.139768
1.12    0.139767
1.14    0.139766
1.16    0.139765
1.18    0.139764
1.2    0.139763
1.22    0.139762
1.24    0.139761
1.26    0.139761
1.28    0.13976
1.3    0.139759
1.32    0.139758
1.34    0.139757
1.36    0.139756
1.38    0.139756
1.4    0.139755
1.42    0.139754
1.44    0.139753
1.46    0.139753
1.48    0.139752
1.5    0.139751
1.52    0.13975
1.54    0.13975
1.56    0.139749
1.58    0.139748
1.6    0.139748
1.62    0.139747
1.64    0.139746
1.66    0.139746
1.68    0.139745
1.7    0.139744
1.72    0.139744
1.74    0.139743
1.76    0.139743
1.78    0.139742
1.8    0.139741
1.82    0.139741
1.84    0.13974
1.86    0.13974
1.88    0.139739
1.9    0.139739
1.92    0.139738
1.94    0.139738
1.96    0.139737
1.98    0.139737
2    0.139736
2.02    0.139736
2.04    0.139735
2.06    0.139735
2.08    0.139734
2.1    0.139734
2.12    0.139733
2.14    0.139733
2.16    0.139732
2.18    0.139732
2.2    0.139732
2.22    0.139731
2.24    0.139731
2.26    0.13973
2.28    0.13973
2.3    0.13973
2.32    0.139729
2.34    0.139729
2.36    0.139728
2.38    0.139728
2.4    0.139728
2.42    0.139727
2.44    0.139727
2.46    0.139727
2.48    0.139726
2.5    0.139726
2.52    0.139726
2.54    0.139725
2.56    0.139725
2.58    0.139725
2.6    0.139724
2.62    0.139724
2.64    0.139724
2.66    0.139723
2.68    0.139723
2.7    0.139723
2.72    0.139723
2.74    0.139722
2.76    0.139722
2.78    0.139722
2.8    0.139722
2.82    0.139721
2.84    0.139721
2.86    0.139721
2.88    0.139721
2.9    0.13972
2.92    0.13972
2.94    0.13972
2.96    0.13972
2.98    0.139719
3    0.139719
3.02    0.139719
3.04    0.139719
3.06    0.139718
3.08    0.139718
3.1    0.139718
3.12    0.139718
3.14    0.139718
3.16    0.139717
3.18    0.139717
3.2    0.139717
3.22    0.139717
3.24    0.139717
3.26    0.139716
3.28    0.139716
3.3    0.139716
3.32    0.139716
3.34    0.139716
3.36    0.139716
3.38    0.139715
3.4    0.139715
3.42    0.139715
3.44    0.139715
3.46    0.139715
3.48    0.139715
3.5    0.139715
3.52    0.139714
3.54    0.139714
3.56    0.139714
3.58    0.139714
3.6    0.139714
3.62    0.139714
3.64    0.139714
3.66    0.139713
3.68    0.139713
3.7    0.139713
3.72    0.139713
3.74    0.139713
3.76    0.139713
3.78    0.139713
3.8    0.139712
3.82    0.139712
3.84    0.139712
3.86    0.139712
3.88    0.139712
3.9    0.139712
3.92    0.139712
3.94    0.139712
3.96    0.139712
3.98    0.139712
4    0.139711
4.02    0.139711
4.04    0.139711
4.06    0.139711
4.08    0.139711
4.1    0.139711
4.12    0.139711
4.14    0.139711
4.16    0.139711
4.18    0.139711
4.2    0.13971
4.22    0.13971
4.24    0.13971
4.26    0.13971
4.28    0.13971
4.3    0.13971
4.32    0.13971
4.34    0.13971
4.36    0.13971
4.38    0.13971
4.4    0.13971
4.42    0.13971
4.44    0.13971
4.46    0.139709
4.48    0.139709
4.5    0.139709
4.52    0.139709
4.54    0.139709
4.56    0.139709
4.58    0.139709
4.6    0.139709
4.62    0.139709
4.64    0.139709
4.66    0.139709
4.68    0.139709
4.7    0.139709
4.72    0.139709
4.74    0.139709
4.76    0.139709
4.78    0.139708
4.8    0.139708
4.82    0.139708
4.84    0.139708
4.86    0.139708
4.88    0.139708
4.9    0.139708
4.92    0.139708
4.94    0.139708
4.96    0.139708
4.98    0.139708
