-5    1.98927e-05
-4.98    1.99613e-05
-4.96    2.00296e-05
-4.94    2.00977e-05
-4.92    2.01658e-05
-4.9    2.02338e-05
-4.88    2.0302e-05
-4.86    2.03704e-05
-4.84    2.04391e-05
-4.82    2.05083e-05
-4.8    2.05781e-05
-4.78    2.06484e-05
-4.76    2.07196e-05
-4.74    2.07916e-05
-4.72    2.08645e-05
-4.7    2.09385e-05
-4.68    2.10136e-05
-4.66    2.109e-05
-4.64    2.11677e-05
-4.62    2.12469e-05
-4.6    2.13277e-05
-4.58    2.141e-05
-4.56    2.14942e-05
-4.54    2.15802e-05
-4.52    2.16681e-05
-4.5    2.17582e-05
-4.48    2.18504e-05
-4.46    2.19448e-05
-4.44    2.20417e-05
-4.42    2.2141e-05
-4.4    2.2243e-05
-4.38    2.23477e-05
-4.36    2.24552e-05
-4.34    2.25657e-05
-4.32    2.26792e-05
-4.3    2.2796e-05
-4.28    2.29162e-05
-4.26    2.30398e-05
-4.24    2.3167e-05
-4.22    2.3298e-05
-4.2    2.34329e-05
-4.18    2.35719e-05
-4.16    2.3715e-05
-4.14    2.38626e-05
-4.12    2.40146e-05
-4.1    2.41714e-05
-4.08    2.4333e-05
-4.06    2.44998e-05
-4.04    2.46718e-05
-4.02    2.48492e-05
-4    2.50323e-05
-3.98    2.52213e-05
-3.96    2.54164e-05
-3.94    2.56178e-05
-3.92    2.58257e-05
-3.9    2.60405e-05
-3.88    2.62623e-05
-3.86    2.64914e-05
-3.84    2.67282e-05
-3.82    2.69729e-05
-3.8    2.72257e-05
-3.78    2.74871e-05
-3.76    2.77573e-05
-3.74    2.80366e-05
-3.72    2.83255e-05
-3.7    2.86243e-05
-3.68    2.89334e-05
-3.66    2.92532e-05
-3.64    2.9584e-05
-3.62    2.99264e-05
-3.6    3.02808e-05
-3.58    3.06477e-05
-3.56    3.10275e-05
-3.54    3.14208e-05
-3.52    3.18281e-05
-3.5    3.225e-05
-3.48    3.2687e-05
-3.46    3.31399e-05
-3.44    3.36091e-05
-3.42    3.40955e-05
-3.4    3.45996e-05
-3.38    3.51223e-05
-3.36    3.56643e-05
-3.34    3.62264e-05
-3.32    3.68094e-05
-3.3    3.74143e-05
-3.28    3.80418e-05
-3.26    3.86931e-05
-3.24    3.9369e-05
-3.22    4.00706e-05
-3.2    4.07991e-05
-3.18    4.15555e-05
-3.16    4.23411e-05
-3.14    4.3157e-05
-3.12    4.40047e-05
-3.1    4.48855e-05
-3.08    4.58008e-05
-3.06    4.67521e-05
-3.04    4.77409e-05
-3.02    4.87689e-05
-3    4.98378e-05
-2.98    5.09494e-05
-2.96    5.21055e-05
-2.94    5.33081e-05
-2.92    5.45592e-05
-2.9    5.5861e-05
-2.88    5.72156e-05
-2.86    5.86253e-05
-2.84    6.00926e-05
-2.82    6.16199e-05
-2.8    6.321e-05
-2.78    6.48654e-05
-2.76    6.65892e-05
-2.74    6.83841e-05
-2.72    7.02534e-05
-2.7    7.22002e-05
-2.68    7.42279e-05
-2.66    7.63399e-05
-2.64    7.85399e-05
-2.62    8.08315e-05
-2.6    8.32188e-05
-2.58    8.57056e-05
-2.56    8.82963e-05
-2.54    9.0995e-05
-2.52    9.38064e-05
-2.5    9.67351e-05
-2.48    9.97857e-05
-2.46    0.000102963
-2.44    0.000106273
-2.42    0.00010972
-2.4    0.00011331
-2.38    0.000117048
-2.36    0.00012094
-2.34    0.000124992
-2.32    0.00012921
-2.3    0.000133599
-2.28    0.000138167
-2.26    0.00014292
-2.24    0.000147864
-2.22    0.000153006
-2.2    0.000158352
-2.18    0.00016391
-2.16    0.000169686
-2.14    0.000175688
-2.12    0.000181922
-2.1    0.000188395
-2.08    0.000195114
-2.06    0.000202087
-2.04    0.000209321
-2.02    0.000216822
-2    0.000224598
-1.98    0.000232655
-1.96    0.000241001
-1.94    0.000249641
-1.92    0.000258582
-1.9    0.000267831
-1.88    0.000277394
-1.86    0.000287275
-1.84    0.000297482
-1.82    0.000308018
-1.8    0.000318889
-1.78    0.000330099
-1.76    0.000341653
-1.74    0.000353553
-1.72    0.000365803
-1.7    0.000378405
-1.68    0.000391362
-1.66    0.000404675
-1.64    0.000418344
-1.62    0.000432371
-1.6    0.000446754
-1.58    0.000461492
-1.56    0.000476583
-1.54    0.000492026
-1.52    0.000507816
-1.5    0.000523949
-1.48    0.000540421
-1.46    0.000557225
-1.44    0.000574356
-1.42    0.000591805
-1.4    0.000609565
-1.38    0.000627627
-1.36    0.00064598
-1.34    0.000664614
-1.32    0.000683518
-1.3    0.000702679
-1.28    0.000722084
-1.26    0.00074172
-1.24    0.000761571
-1.22    0.000781623
-1.2    0.000801859
-1.18    0.000822263
-1.16    0.000842818
-1.14    0.000863505
-1.12    0.000884306
-1.1    0.000905202
-1.08    0.000926174
-1.06    0.000947202
-1.04    0.000968265
-1.02    0.000989344
-1    0.00101042
-0.98    0.00103146
-0.96    0.00105246
-0.94    0.00107338
-0.92    0.00109422
-0.9    0.00111494
-0.88    0.00113553
-0.86    0.00115596
-0.84    0.00117621
-0.82    0.00119626
-0.8    0.00121609
-0.78    0.00123568
-0.76    0.00125501
-0.74    0.00127405
-0.72    0.00129279
-0.7    0.00131121
-0.68    0.00132929
-0.66    0.00134701
-0.64    0.00136435
-0.62    0.00138129
-0.6    0.00139782
-0.58    0.00141392
-0.56    0.00142958
-0.54    0.00144477
-0.52    0.00145949
-0.5    0.00147372
-0.48    0.00148745
-0.46    0.00150066
-0.44    0.00151334
-0.42    0.00152548
-0.4    0.00153708
-0.38    0.00154811
-0.36    0.00155858
-0.34    0.00156847
-0.32    0.00157777
-0.3    0.00158648
-0.28    0.0015946
-0.26    0.00160211
-0.24    0.00160902
-0.22    0.00161531
-0.2    0.00162099
-0.18    0.00162605
-0.16    0.00163049
-0.14    0.0016343
-0.12    0.0016375
-0.1    0.00164007
-0.08    0.00164202
-0.06    0.00164335
-0.04    0.00164405
-0.02    0.00164415
-1.80342e-14    0.00164362
0.02    0.00164249
0.04    0.00164075
0.06    0.00163841
0.08    0.00163546
0.1    0.00163193
0.12    0.00162781
0.14    0.00162311
0.16    0.00161784
0.18    0.001612
0.2    0.0016056
0.22    0.00159865
0.24    0.00159116
0.26    0.00158314
0.28    0.00157459
0.3    0.00156553
0.32    0.00155596
0.34    0.0015459
0.36    0.00153535
0.38    0.00152433
0.4    0.00151285
0.42    0.00150092
0.44    0.00148855
0.46    0.00147575
0.48    0.00146253
0.5    0.00144892
0.52    0.00143491
0.54    0.00142052
0.56    0.00140576
0.58    0.00139066
0.6    0.00137521
0.62    0.00135944
0.64    0.00134335
0.66    0.00132697
0.68    0.0013103
0.7    0.00129336
0.72    0.00127616
0.74    0.00125871
0.76    0.00124104
0.78    0.00122315
0.8    0.00120506
0.82    0.00118678
0.84    0.00116832
0.86    0.00114971
0.88    0.00113095
0.9    0.00111206
0.92    0.00109305
0.94    0.00107394
0.96    0.00105473
0.98    0.00103546
1    0.00101612
1.02    0.000996735
1.04    0.000977316
1.06    0.000957876
1.08    0.000938429
1.1    0.000918989
1.12    0.000899568
1.14    0.000880179
1.16    0.000860836
1.18    0.000841551
1.2    0.000822337
1.22    0.000803205
1.24    0.000784167
1.26    0.000765236
1.28    0.000746423
1.3    0.000727739
1.32    0.000709196
1.34    0.000690803
1.36    0.000672571
1.38    0.00065451
1.4    0.000636631
1.42    0.000618942
1.44    0.000601453
1.46    0.000584172
1.48    0.000567108
1.5    0.000550269
1.52    0.000533662
1.54    0.000517295
1.56    0.000501175
1.58    0.000485308
1.6    0.0004697
1.62    0.000454358
1.64    0.000439286
1.66    0.000424489
1.68    0.000409972
1.7    0.000395739
1.72    0.000381794
1.74    0.000368139
1.76    0.000354779
1.78    0.000341714
1.8    0.000328948
1.82    0.000316481
1.84    0.000304316
1.86    0.000292452
1.88    0.000280891
1.9    0.000269632
1.92    0.000258675
1.94    0.00024802
1.96    0.000237665
1.98    0.000227609
2    0.00021785
2.02    0.000208386
2.04    0.000199214
2.06    0.000190333
2.08    0.000181739
2.1    0.000173428
2.12    0.000165397
2.14    0.000157643
2.16    0.000150161
2.18    0.000142947
2.2    0.000135996
2.22    0.000129304
2.24    0.000122866
2.26    0.000116677
2.28    0.000110731
2.3    0.000105024
2.32    9.95489e-05
2.34    9.43013e-05
2.36    8.92752e-05
2.38    8.44648e-05
2.4    7.98644e-05
2.42    7.54681e-05
2.44    7.12699e-05
2.46    6.72639e-05
2.48    6.34442e-05
2.5    5.98049e-05
2.52    5.634e-05
2.54    5.30436e-05
2.56    4.99099e-05
2.58    4.69331e-05
2.6    4.41075e-05
2.62    4.14272e-05
2.64    3.88869e-05
2.66    3.64808e-05
2.68    3.42037e-05
2.7    3.20501e-05
2.72    3.00149e-05
2.74    2.8093e-05
2.76    2.62793e-05
2.78    2.4569e-05
2.8    2.29574e-05
2.82    2.14398e-05
2.84    2.00118e-05
2.86    1.8669e-05
2.88    1.74072e-05
2.9    1.62223e-05
2.92    1.51105e-05
2.94    1.40678e-05
2.96    1.30908e-05
2.98    1.21757e-05
3    1.13194e-05
3.02    1.05184e-05
3.04    9.76979e-06
3.06    9.07049e-06
3.08    8.41769e-06
3.1    7.80865e-06
3.12    7.24079e-06
3.14    6.71164e-06
3.16    6.21883e-06
3.18    5.76015e-06
3.2    5.33346e-06
3.22    4.93674e-06
3.24    4.5681e-06
3.26    4.22572e-06
3.28    3.90788e-06
3.3    3.61299e-06
3.32    3.33951e-06
3.34    3.08602e-06
3.36    2.85114e-06
3.38    2.63362e-06
3.4    2.43226e-06
3.42    2.24593e-06
3.44    2.07358e-06
3.46    1.91422e-06
3.48    1.76693e-06
3.5    1.63084e-06
3.52    1.50513e-06
3.54    1.38906e-06
3.56    1.28192e-06
3.58    1.18304e-06
3.6    1.09182e-06
3.62    1.00768e-06
3.64    9.30085e-07
3.66    8.58548e-07
3.68    7.92607e-07
3.7    7.31834e-07
3.72    6.75832e-07
3.74    6.24234e-07
3.76    5.767e-07
3.78    5.32912e-07
3.8    4.92581e-07
3.82    4.55434e-07
3.84    4.21221e-07
3.86    3.89713e-07
3.88    3.60694e-07
3.9    3.33969e-07
3.92    3.09354e-07
3.94    2.86683e-07
3.96    2.65799e-07
3.98    2.46561e-07
4    2.28837e-07
4.02    2.12505e-07
4.04    1.97455e-07
4.06    1.83583e-07
4.08    1.70795e-07
4.1    1.59004e-07
4.12    1.48131e-07
4.14    1.381e-07
4.16    1.28846e-07
4.18    1.20305e-07
4.2    1.12421e-07
4.22    1.05141e-07
4.24    9.84169e-08
4.26    9.22045e-08
4.28    8.64631e-08
4.3    8.11552e-08
4.32    7.62466e-08
4.34    7.17058e-08
4.36    6.75038e-08
4.38    6.3614e-08
4.4    6.00121e-08
4.42    5.66756e-08
4.44    5.35839e-08
4.46    5.07182e-08
4.48    4.80611e-08
4.5    4.55966e-08
4.52    4.33101e-08
4.54    4.11881e-08
4.56    3.92183e-08
4.58    3.73894e-08
4.6    3.56908e-08
4.62    3.41129e-08
4.64    3.26471e-08
4.66    3.12851e-08
4.68    3.00195e-08
4.7    2.88434e-08
4.72    2.77505e-08
4.74    2.67351e-08
4.76    2.57917e-08
4.78    2.49155e-08
4.8    2.41019e-08
4.82    2.33468e-08
4.84    2.26464e-08
4.86    2.1997e-08
4.88    2.13955e-08
4.9    2.08388e-08
4.92    2.03242e-08
4.94    1.98491e-08
4.96    1.94112e-08
4.98    1.90083e-08
