-5    0.999911
-4.98    0.999911
-4.96    0.999911
-4.94    0.999911
-4.92    0.999911
-4.9    0.999911
-4.88    0.999911
-4.86    0.999911
-4.84    0.999911
-4.82    0.999911
-4.8    0.999911
-4.78    0.999911
-4.76    0.999911
-4.74    0.999911
-4.72    0.999911
-4.7    0.999911
-4.68    0.999911
-4.66    0.999911
-4.64    0.999911
-4.62    0.999911
-4.6    0.999911
-4.58    0.999911
-4.56    0.999911
-4.54    0.999911
-4.52    0.999911
-4.5    0.999911
-4.48    0.999911
-4.46    0.999911
-4.44    0.999911
-4.42    0.999911
-4.4    0.999911
-4.38    0.999911
-4.36    0.999911
-4.34    0.999911
-4.32    0.999911
-4.3    0.999911
-4.28    0.999911
-4.26    0.999911
-4.24    0.999911
-4.22    0.999911
-4.2    0.999911
-4.18    0.999911
-4.16    0.999911
-4.14    0.999911
-4.12    0.999911
-4.1    0.999911
-4.08    0.999911
-4.06    0.999911
-4.04    0.999911
-4.02    0.999911
-4    0.999911
-3.98    0.999911
-3.96    0.999911
-3.94    0.999911
-3.92    0.999911
-3.9    0.999911
-3.88    0.999911
-3.86    0.999911
-3.84    0.999911
-3.82    0.999911
-3.8    0.999911
-3.78    0.999911
-3.76    0.999911
-3.74    0.999911
-3.72    0.999911
-3.7    0.999911
-3.68    0.999911
-3.66    0.999911
-3.64    0.999911
-3.62    0.999911
-3.6    0.999911
-3.58    0.999911
-3.56    0.999911
-3.54    0.999911
-3.52    0.999911
-3.5    0.999911
-3.48    0.999911
-3.46    0.999911
-3.44    0.999911
-3.42    0.999911
-3.4    0.999911
-3.38    0.999911
-3.36    0.999911
-3.34    0.999911
-3.32    0.999911
-3.3    0.999911
-3.28    0.999911
-3.26    0.999911
-3.24    0.999911
-3.22    0.999911
-3.2    0.999911
-3.18    0.999911
-3.16    0.999911
-3.14    0.999911
-3.12    0.999911
-3.1    0.999911
-3.08    0.999911
-3.06    0.999911
-3.04    0.999911
-3.02    0.999911
-3    0.999911
-2.98    0.999911
-2.96    0.999911
-2.94    0.999911
-2.92    0.999911
-2.9    0.999911
-2.88    0.999911
-2.86    0.999911
-2.84    0.999911
-2.82    0.999911
-2.8    0.999911
-2.78    0.999911
-2.76    0.999911
-2.74    0.999911
-2.72    0.999911
-2.7    0.999911
-2.68    0.999911
-2.66    0.999911
-2.64    0.999911
-2.62    0.999911
-2.6    0.999911
-2.58    0.999911
-2.56    0.999911
-2.54    0.999911
-2.52    0.999911
-2.5    0.999911
-2.48    0.999911
-2.46    0.999911
-2.44    0.999911
-2.42    0.999911
-2.4    0.999911
-2.38    0.999911
-2.36    0.999911
-2.34    0.999911
-2.32    0.999911
-2.3    0.999911
-2.28    0.999911
-2.26    0.999911
-2.24    0.999911
-2.22    0.999911
-2.2    0.999911
-2.18    0.999911
-2.16    0.999911
-2.14    0.999911
-2.12    0.999911
-2.1    0.999911
-2.08    0.999911
-2.06    0.999911
-2.04    0.999911
-2.02    0.999911
-2    0.999911
-1.98    0.999911
-1.96    0.999911
-1.94    0.999911
-1.92    0.999911
-1.9    0.999911
-1.88    0.999911
-1.86    0.999911
-1.84    0.999911
-1.82    0.999911
-1.8    0.999911
-1.78    0.999911
-1.76    0.999911
-1.74    0.999911
-1.72    0.999911
-1.7    0.999911
-1.68    0.999911
-1.66    0.999911
-1.64    0.999911
-1.62    0.999911
-1.6    0.999911
-1.58    0.999911
-1.56    0.999911
-1.54    0.999911
-1.52    0.999911
-1.5    0.999911
-1.48    0.999911
-1.46    0.999911
-1.44    0.999911
-1.42    0.999911
-1.4    0.999911
-1.38    0.999911
-1.36    0.999911
-1.34    0.999911
-1.32    0.999911
-1.3    0.999911
-1.28    0.999911
-1.26    0.999911
-1.24    0.999911
-1.22    0.99991
-1.2    0.99991
-1.18    0.99991
-1.16    0.99991
-1.14    0.99991
-1.12    0.99991
-1.1    0.99991
-1.08    0.99991
-1.06    0.99991
-1.04    0.99991
-1.02    0.99991
-1    0.99991
-0.98    0.99991
-0.96    0.99991
-0.94    0.99991
-0.92    0.99991
-0.9    0.99991
-0.88    0.999909
-0.86    0.999909
-0.84    0.999909
-0.82    0.999909
-0.8    0.999909
-0.78    0.999909
-0.76    0.999909
-0.74    0.999909
-0.72    0.999908
-0.7    0.999908
-0.68    0.999908
-0.66    0.999908
-0.64    0.999907
-0.62    0.999907
-0.6    0.999907
-0.58    0.999907
-0.56    0.999906
-0.54    0.999906
-0.52    0.999905
-0.5    0.999905
-0.48    0.999904
-0.46    0.999904
-0.44    0.999903
-0.42    0.999903
-0.4    0.999902
-0.38    0.999901
-0.36    0.9999
-0.34    0.999899
-0.32    0.999898
-0.3    0.999896
-0.28    0.999895
-0.26    0.999893
-0.24    0.999891
-0.22    0.999889
-0.2    0.999886
-0.18    0.999883
-0.16    0.99988
-0.14    0.999876
-0.12    0.999871
-0.1    0.999866
-0.08    0.999859
-0.06    0.999852
-0.04    0.999843
-0.02    0.999833
-1.80342e-14    0.99982
0.02    0.999806
0.04    0.999788
0.06    0.999767
0.08    0.999742
0.1    0.999712
0.12    0.999676
0.14    0.999632
0.16    0.99958
0.18    0.999518
0.2    0.999444
0.22    0.999355
0.24    0.999252
0.26    0.99913
0.28    0.998989
0.3    0.998827
0.32    0.998643
0.34    0.998435
0.36    0.998202
0.38    0.997945
0.4    0.997663
0.42    0.997356
0.44    0.997024
0.46    0.996666
0.48    0.996282
0.5    0.995871
0.52    0.995431
0.54    0.994961
0.56    0.994456
0.58    0.993915
0.6    0.993331
0.62    0.9927
0.64    0.992016
0.66    0.991272
0.68    0.990459
0.7    0.989569
0.72    0.988592
0.74    0.987516
0.76    0.986327
0.78    0.985013
0.8    0.983558
0.82    0.981943
0.84    0.980149
0.86    0.978156
0.88    0.97594
0.9    0.973476
0.92    0.970735
0.94    0.967689
0.96    0.964304
0.98    0.960547
1    0.956382
1.02    0.951769
1.04    0.94667
1.06    0.941042
1.08    0.934845
1.1    0.928035
1.12    0.920571
1.14    0.912414
1.16    0.903523
1.18    0.893865
1.2    0.883409
1.22    0.872129
1.24    0.860007
1.26    0.847031
1.28    0.833198
1.3    0.818517
1.32    0.803004
1.34    0.786689
1.36    0.769612
1.38    0.751824
1.4    0.733389
1.42    0.714381
1.44    0.694883
1.46    0.674986
1.48    0.654788
1.5    0.634393
1.52    0.613906
1.54    0.593433
1.56    0.573078
1.58    0.552941
1.6    0.533118
1.62    0.513697
1.64    0.494755
1.66    0.476362
1.68    0.458576
1.7    0.441447
1.72    0.425011
1.74    0.409295
1.76    0.394317
1.78    0.380086
1.8    0.366602
1.82    0.353859
1.84    0.341843
1.86    0.330538
1.88    0.319922
1.9    0.309969
1.92    0.300652
1.94    0.291943
1.96    0.283811
1.98    0.276226
2    0.269157
2.02    0.262575
2.04    0.25645
2.06    0.250753
2.08    0.245456
2.1    0.240535
2.12    0.235962
2.14    0.231715
2.16    0.227772
2.18    0.22411
2.2    0.22071
2.22    0.217554
2.24    0.214623
2.26    0.211903
2.28    0.209377
2.3    0.207032
2.32    0.204854
2.34    0.202831
2.36    0.200953
2.38    0.199208
2.4    0.197587
2.42    0.196081
2.44    0.194681
2.46    0.19338
2.48    0.192171
2.5    0.191047
2.52    0.190002
2.54    0.18903
2.56    0.188126
2.58    0.187285
2.6    0.186502
2.62    0.185774
2.64    0.185096
2.66    0.184465
2.68    0.183878
2.7    0.183331
2.72    0.182822
2.74    0.182348
2.76    0.181906
2.78    0.181494
2.8    0.181111
2.82    0.180753
2.84    0.18042
2.86    0.18011
2.88    0.17982
2.9    0.179551
2.92    0.179299
2.94    0.179064
2.96    0.178845
2.98    0.178641
3    0.178451
3.02    0.178273
3.04    0.178107
3.06    0.177953
3.08    0.177808
3.1    0.177674
3.12    0.177548
3.14    0.17743
3.16    0.177321
3.18    0.177218
3.2    0.177123
3.22    0.177033
3.24    0.17695
3.26    0.176872
3.28    0.176799
3.3    0.176731
3.32    0.176667
3.34    0.176608
3.36    0.176553
3.38    0.176501
3.4    0.176452
3.42    0.176407
3.44    0.176365
3.46    0.176325
3.48    0.176288
3.5    0.176253
3.52    0.176221
3.54    0.176191
3.56    0.176162
3.58    0.176136
3.6    0.176111
3.62    0.176088
3.64    0.176066
3.66    0.176046
3.68    0.176027
3.7    0.176009
3.72    0.175992
3.74    0.175977
3.76    0.175962
3.78    0.175949
3.8    0.175936
3.82    0.175924
3.84    0.175913
3.86    0.175902
3.88    0.175893
3.9    0.175883
3.92    0.175875
3.94    0.175867
3.96    0.175859
3.98    0.175852
4    0.175846
4.02    0.175839
4.04    0.175834
4.06    0.175828
4.08    0.175823
4.1    0.175818
4.12    0.175814
4.14    0.17581
4.16    0.175806
4.18    0.175802
4.2    0.175799
4.22    0.175795
4.24    0.175792
4.26    0.175789
4.28    0.175787
4.3    0.175784
4.32    0.175782
4.34    0.17578
4.36    0.175778
4.38    0.175776
4.4    0.175774
4.42    0.175772
4.44    0.175771
4.46    0.175769
4.48    0.175768
4.5    0.175767
4.52    0.175765
4.54    0.175764
4.56    0.175763
4.58    0.175762
4.6    0.175761
4.62    0.17576
4.64    0.175759
4.66    0.175759
4.68    0.175758
4.7    0.175757
4.72    0.175757
4.74    0.175756
4.76    0.175755
4.78    0.175755
4.8    0.175754
4.82    0.175754
4.84    0.175753
4.86    0.175753
4.88    0.175753
4.9    0.175752
4.92    0.175752
4.94    0.175752
4.96    0.175751
4.98    0.175751
