-5    0.999985
-4.98    0.999985
-4.96    0.999985
-4.94    0.999985
-4.92    0.999985
-4.9    0.999985
-4.88    0.999985
-4.86    0.999985
-4.84    0.999985
-4.82    0.999985
-4.8    0.999985
-4.78    0.999985
-4.76    0.999985
-4.74    0.999985
-4.72    0.999985
-4.7    0.999985
-4.68    0.999985
-4.66    0.999985
-4.64    0.999985
-4.62    0.999985
-4.6    0.999985
-4.58    0.999985
-4.56    0.999985
-4.54    0.999985
-4.52    0.999985
-4.5    0.999985
-4.48    0.999985
-4.46    0.999985
-4.44    0.999985
-4.42    0.999985
-4.4    0.999985
-4.38    0.999985
-4.36    0.999985
-4.34    0.999985
-4.32    0.999985
-4.3    0.999985
-4.28    0.999985
-4.26    0.999985
-4.24    0.999985
-4.22    0.999985
-4.2    0.999985
-4.18    0.999985
-4.16    0.999985
-4.14    0.999985
-4.12    0.999985
-4.1    0.999985
-4.08    0.999985
-4.06    0.999985
-4.04    0.999985
-4.02    0.999985
-4    0.999985
-3.98    0.999985
-3.96    0.999985
-3.94    0.999985
-3.92    0.999985
-3.9    0.999985
-3.88    0.999985
-3.86    0.999985
-3.84    0.999985
-3.82    0.999985
-3.8    0.999985
-3.78    0.999985
-3.76    0.999985
-3.74    0.999985
-3.72    0.999985
-3.7    0.999985
-3.68    0.999985
-3.66    0.999985
-3.64    0.999985
-3.62    0.999985
-3.6    0.999985
-3.58    0.999985
-3.56    0.999985
-3.54    0.999985
-3.52    0.999985
-3.5    0.999985
-3.48    0.999985
-3.46    0.999985
-3.44    0.999985
-3.42    0.999985
-3.4    0.999985
-3.38    0.999985
-3.36    0.999985
-3.34    0.999985
-3.32    0.999985
-3.3    0.999985
-3.28    0.999985
-3.26    0.999985
-3.24    0.999985
-3.22    0.999985
-3.2    0.999985
-3.18    0.999985
-3.16    0.999985
-3.14    0.999985
-3.12    0.999985
-3.1    0.999985
-3.08    0.999985
-3.06    0.999985
-3.04    0.999985
-3.02    0.999985
-3    0.999985
-2.98    0.999985
-2.96    0.999985
-2.94    0.999985
-2.92    0.999985
-2.9    0.999985
-2.88    0.999985
-2.86    0.999985
-2.84    0.999985
-2.82    0.999985
-2.8    0.999985
-2.78    0.999985
-2.76    0.999985
-2.74    0.999985
-2.72    0.999985
-2.7    0.999985
-2.68    0.999985
-2.66    0.999985
-2.64    0.999985
-2.62    0.999985
-2.6    0.999985
-2.58    0.999985
-2.56    0.999985
-2.54    0.999985
-2.52    0.999985
-2.5    0.999985
-2.48    0.999985
-2.46    0.999985
-2.44    0.999985
-2.42    0.999985
-2.4    0.999985
-2.38    0.999985
-2.36    0.999985
-2.34    0.999985
-2.32    0.999985
-2.3    0.999985
-2.28    0.999985
-2.26    0.999985
-2.24    0.999985
-2.22    0.999985
-2.2    0.999985
-2.18    0.999985
-2.16    0.999985
-2.14    0.999985
-2.12    0.999985
-2.1    0.999985
-2.08    0.999985
-2.06    0.999985
-2.04    0.999985
-2.02    0.999985
-2    0.999985
-1.98    0.999985
-1.96    0.999985
-1.94    0.999985
-1.92    0.999985
-1.9    0.999985
-1.88    0.999985
-1.86    0.999985
-1.84    0.999985
-1.82    0.999985
-1.8    0.999985
-1.78    0.999985
-1.76    0.999985
-1.74    0.999985
-1.72    0.999985
-1.7    0.999985
-1.68    0.999985
-1.66    0.999985
-1.64    0.999985
-1.62    0.999985
-1.6    0.999985
-1.58    0.999985
-1.56    0.999985
-1.54    0.999985
-1.52    0.999985
-1.5    0.999985
-1.48    0.999985
-1.46    0.999985
-1.44    0.999985
-1.42    0.999985
-1.4    0.999985
-1.38    0.999985
-1.36    0.999985
-1.34    0.999985
-1.32    0.999985
-1.3    0.999985
-1.28    0.999985
-1.26    0.999985
-1.24    0.999985
-1.22    0.999985
-1.2    0.999985
-1.18    0.999985
-1.16    0.999985
-1.14    0.999985
-1.12    0.999985
-1.1    0.999985
-1.08    0.999985
-1.06    0.999984
-1.04    0.999984
-1.02    0.999984
-1    0.999983
-0.98    0.999983
-0.96    0.999982
-0.94    0.999982
-0.92    0.999981
-0.9    0.999981
-0.88    0.99998
-0.86    0.99998
-0.84    0.99998
-0.82    0.999979
-0.8    0.999979
-0.78    0.999979
-0.76    0.999979
-0.74    0.999979
-0.72    0.999979
-0.7    0.999979
-0.68    0.999979
-0.66    0.999979
-0.64    0.999979
-0.62    0.999979
-0.6    0.999979
-0.58    0.999979
-0.56    0.999979
-0.54    0.999979
-0.52    0.999979
-0.5    0.999979
-0.48    0.999979
-0.46    0.999979
-0.44    0.999979
-0.42    0.999979
-0.4    0.999979
-0.38    0.999979
-0.36    0.999979
-0.34    0.999979
-0.32    0.999979
-0.3    0.999979
-0.28    0.999979
-0.26    0.999979
-0.24    0.999979
-0.22    0.999979
-0.2    0.999979
-0.18    0.999979
-0.16    0.999979
-0.14    0.999979
-0.12    0.999979
-0.1    0.999979
-0.08    0.999979
-0.06    0.999979
-0.04    0.999979
-0.02    0.999979
-1.80342e-14    0.999979
0.02    0.999979
0.04    0.999979
0.06    0.999979
0.08    0.999979
0.1    0.999979
0.12    0.999979
0.14    0.999979
0.16    0.999979
0.18    0.999979
0.2    0.999979
0.22    0.999979
0.24    0.999979
0.26    0.999979
0.28    0.999979
0.3    0.999979
0.32    0.999979
0.34    0.999979
0.36    0.999979
0.38    0.999979
0.4    0.999979
0.42    0.999979
0.44    0.999979
0.46    0.999979
0.48    0.999979
0.5    0.999979
0.52    0.999979
0.54    0.999979
0.56    0.999979
0.58    0.999979
0.6    0.999979
0.62    0.999979
0.64    0.999979
0.66    0.999979
0.68    0.999979
0.7    0.999979
0.72    0.999979
0.74    0.999979
0.76    0.999978
0.78    0.999978
0.8    0.999978
0.82    0.999978
0.84    0.999978
0.86    0.999978
0.88    0.999978
0.9    0.999978
0.92    0.999978
0.94    0.999978
0.96    0.999978
0.98    0.999978
1    0.999978
1.02    0.999978
1.04    0.999978
1.06    0.999978
1.08    0.999978
1.1    0.999978
1.12    0.999978
1.14    0.999978
1.16    0.999978
1.18    0.999978
1.2    0.999978
1.22    0.999977
1.24    0.999977
1.26    0.999977
1.28    0.999977
1.3    0.999977
1.32    0.999977
1.34    0.999977
1.36    0.999977
1.38    0.999977
1.4    0.999976
1.42    0.999976
1.44    0.999976
1.46    0.999976
1.48    0.999976
1.5    0.999975
1.52    0.999975
1.54    0.999975
1.56    0.999975
1.58    0.999974
1.6    0.999974
1.62    0.999973
1.64    0.999973
1.66    0.999972
1.68    0.999972
1.7    0.999971
1.72    0.999971
1.74    0.99997
1.76    0.999969
1.78    0.999968
1.8    0.999967
1.82    0.999966
1.84    0.999964
1.86    0.999963
1.88    0.999961
1.9    0.999959
1.92    0.999956
1.94    0.999953
1.96    0.99995
1.98    0.999946
2    0.999941
2.02    0.999935
2.04    0.999928
2.06    0.999919
2.08    0.999908
2.1    0.999894
2.12    0.999876
2.14    0.999852
2.16    0.999822
2.18    0.999781
2.2    0.999727
2.22    0.999653
2.24    0.99955
2.26    0.999406
2.28    0.999202
2.3    0.998911
2.32    0.998492
2.34    0.997886
2.36    0.997008
2.38    0.995739
2.4    0.993915
2.42    0.991317
2.44    0.987667
2.46    0.982623
2.48    0.975795
2.5    0.966763
2.52    0.955119
2.54    0.940517
2.56    0.922724
2.58    0.901669
2.6    0.877473
2.62    0.850445
2.64    0.821057
2.66    0.7899
2.68    0.757618
2.7    0.724855
2.72    0.692204
2.74    0.660174
2.76    0.629175
2.78    0.599514
2.8    0.571399
2.82    0.544957
2.84    0.520244
2.86    0.497264
2.88    0.475979
2.9    0.456326
2.92    0.438222
2.94    0.421572
2.96    0.406278
2.98    0.39224
3    0.37936
3.02    0.367545
3.04    0.356704
3.06    0.346756
3.08    0.337622
3.1    0.329232
3.12    0.32152
3.14    0.314426
3.16    0.307896
3.18    0.30188
3.2    0.296334
3.22    0.291216
3.24    0.28649
3.26    0.282122
3.28    0.278082
3.3    0.274341
3.32    0.270876
3.34    0.267663
3.36    0.264682
3.38    0.261914
3.4    0.259342
3.42    0.256951
3.44    0.254726
3.46    0.252654
3.48    0.250724
3.5    0.248925
3.52    0.247248
3.54    0.245683
3.56    0.244221
3.58    0.242856
3.6    0.241581
3.62    0.240388
3.64    0.239273
3.66    0.23823
3.68    0.237253
3.7    0.236339
3.72    0.235482
3.74    0.23468
3.76    0.233928
3.78    0.233222
3.8    0.232561
3.82    0.231941
3.84    0.231359
3.86    0.230813
3.88    0.2303
3.9    0.229819
3.92    0.229367
3.94    0.228942
3.96    0.228544
3.98    0.228169
4    0.227817
4.02    0.227486
4.04    0.227175
4.06    0.226882
4.08    0.226607
4.1    0.226349
4.12    0.226106
4.14    0.225877
4.16    0.225662
4.18    0.225459
4.2    0.225269
4.22    0.22509
4.24    0.224921
4.26    0.224762
4.28    0.224613
4.3    0.224473
4.32    0.22434
4.34    0.224216
4.36    0.224099
4.38    0.223988
4.4    0.223884
4.42    0.223787
4.44    0.223695
4.46    0.223608
4.48    0.223526
4.5    0.223449
4.52    0.223377
4.54    0.223309
4.56    0.223245
4.58    0.223184
4.6    0.223127
4.62    0.223074
4.64    0.223023
4.66    0.222975
4.68    0.222931
4.7    0.222888
4.72    0.222849
4.74    0.222811
4.76    0.222776
4.78    0.222743
4.8    0.222711
4.82    0.222682
4.84    0.222654
4.86    0.222628
4.88    0.222603
4.9    0.22258
4.92    0.222558
4.94    0.222538
4.96    0.222518
4.98    0.2225
