-5    0.288549
-4.98    0.288184
-4.96    0.287817
-4.94    0.287446
-4.92    0.287073
-4.9    0.286696
-4.88    0.286316
-4.86    0.285934
-4.84    0.285548
-4.82    0.285159
-4.8    0.284767
-4.78    0.284371
-4.76    0.283972
-4.74    0.28357
-4.72    0.283165
-4.7    0.282756
-4.68    0.282343
-4.66    0.281928
-4.64    0.281508
-4.62    0.281085
-4.6    0.280659
-4.58    0.280229
-4.56    0.279795
-4.54    0.279357
-4.52    0.278916
-4.5    0.278471
-4.48    0.278022
-4.46    0.277569
-4.44    0.277112
-4.42    0.276651
-4.4    0.276187
-4.38    0.275718
-4.36    0.275245
-4.34    0.274767
-4.32    0.274286
-4.3    0.2738
-4.28    0.27331
-4.26    0.272816
-4.24    0.272317
-4.22    0.271814
-4.2    0.271306
-4.18    0.270794
-4.16    0.270277
-4.14    0.269755
-4.12    0.269229
-4.1    0.268697
-4.08    0.268161
-4.06    0.267621
-4.04    0.267075
-4.02    0.266524
-4    0.265968
-3.98    0.265407
-3.96    0.264841
-3.94    0.26427
-3.92    0.263693
-3.9    0.263111
-3.88    0.262523
-3.86    0.261931
-3.84    0.261332
-3.82    0.260728
-3.8    0.260119
-3.78    0.259503
-3.76    0.258882
-3.74    0.258255
-3.72    0.257622
-3.7    0.256983
-3.68    0.256338
-3.66    0.255687
-3.64    0.25503
-3.62    0.254367
-3.6    0.253697
-3.58    0.253021
-3.56    0.252339
-3.54    0.25165
-3.52    0.250954
-3.5    0.250252
-3.48    0.249543
-3.46    0.248828
-3.44    0.248105
-3.42    0.247376
-3.4    0.246639
-3.38    0.245896
-3.36    0.245145
-3.34    0.244387
-3.32    0.243622
-3.3    0.242849
-3.28    0.24207
-3.26    0.241282
-3.24    0.240487
-3.22    0.239684
-3.2    0.238874
-3.18    0.238056
-3.16    0.23723
-3.14    0.236396
-3.12    0.235554
-3.1    0.234704
-3.08    0.233845
-3.06    0.232979
-3.04    0.232104
-3.02    0.231221
-3    0.230329
-2.98    0.229429
-2.96    0.22852
-2.94    0.227603
-2.92    0.226676
-2.9    0.225741
-2.88    0.224798
-2.86    0.223845
-2.84    0.222883
-2.82    0.221912
-2.8    0.220932
-2.78    0.219943
-2.76    0.218944
-2.74    0.217936
-2.72    0.216919
-2.7    0.215893
-2.68    0.214856
-2.66    0.213811
-2.64    0.212756
-2.62    0.211691
-2.6    0.210616
-2.58    0.209532
-2.56    0.208438
-2.54    0.207334
-2.52    0.20622
-2.5    0.205097
-2.48    0.203963
-2.46    0.20282
-2.44    0.201666
-2.42    0.200503
-2.4    0.19933
-2.38    0.198147
-2.36    0.196953
-2.34    0.19575
-2.32    0.194537
-2.3    0.193314
-2.28    0.192081
-2.26    0.190837
-2.24    0.189584
-2.22    0.188322
-2.2    0.187049
-2.18    0.185766
-2.16    0.184474
-2.14    0.183172
-2.12    0.18186
-2.1    0.180539
-2.08    0.179209
-2.06    0.177869
-2.04    0.176519
-2.02    0.175161
-2    0.173793
-1.98    0.172417
-1.96    0.171031
-1.94    0.169637
-1.92    0.168234
-1.9    0.166823
-1.88    0.165404
-1.86    0.163977
-1.84    0.162541
-1.82    0.161098
-1.8    0.159648
-1.78    0.15819
-1.76    0.156725
-1.74    0.155254
-1.72    0.153776
-1.7    0.152291
-1.68    0.150801
-1.66    0.149304
-1.64    0.147803
-1.62    0.146296
-1.6    0.144784
-1.58    0.143267
-1.56    0.141747
-1.54    0.140222
-1.52    0.138694
-1.5    0.137163
-1.48    0.135628
-1.46    0.134092
-1.44    0.132553
-1.42    0.131012
-1.4    0.129471
-1.38    0.127928
-1.36    0.126385
-1.34    0.124842
-1.32    0.123299
-1.3    0.121758
-1.28    0.120217
-1.26    0.118678
-1.24    0.117142
-1.22    0.115608
-1.2    0.114077
-1.18    0.11255
-1.16    0.111027
-1.14    0.109508
-1.12    0.107995
-1.1    0.106486
-1.08    0.104984
-1.06    0.103489
-1.04    0.102
-1.02    0.100518
-1    0.0990445
-0.98    0.0975791
-0.96    0.0961224
-0.94    0.094675
-0.92    0.0932371
-0.9    0.0918094
-0.88    0.0903921
-0.86    0.0889858
-0.84    0.0875908
-0.82    0.0862075
-0.8    0.0848364
-0.78    0.0834777
-0.76    0.082132
-0.74    0.0807995
-0.72    0.0794806
-0.7    0.0781756
-0.68    0.0768848
-0.66    0.0756085
-0.64    0.0743471
-0.62    0.0731008
-0.6    0.0718698
-0.58    0.0706544
-0.56    0.0694548
-0.54    0.0682713
-0.52    0.067104
-0.5    0.0659531
-0.48    0.0648188
-0.46    0.0637011
-0.44    0.0626003
-0.42    0.0615165
-0.4    0.0604497
-0.38    0.0594
-0.36    0.0583676
-0.34    0.0573523
-0.32    0.0563543
-0.3    0.0553736
-0.28    0.0544102
-0.26    0.0534641
-0.24    0.0525352
-0.22    0.0516235
-0.2    0.050729
-0.18    0.0498516
-0.16    0.0489911
-0.14    0.0481476
-0.12    0.0473209
-0.1    0.0465109
-0.08    0.0457174
-0.06    0.0449404
-0.04    0.0441796
-0.02    0.043435
-1.80342e-14    0.0427064
0.02    0.0419936
0.04    0.0412964
0.06    0.0406146
0.08    0.0399481
0.1    0.0392966
0.12    0.03866
0.14    0.0380381
0.16    0.0374305
0.18    0.0368372
0.2    0.0362579
0.22    0.0356923
0.24    0.0351404
0.26    0.0346017
0.28    0.0340761
0.3    0.0335635
0.32    0.0330634
0.34    0.0325758
0.36    0.0321003
0.38    0.0316368
0.4    0.031185
0.42    0.0307447
0.44    0.0303157
0.46    0.0298977
0.48    0.0294905
0.5    0.0290939
0.52    0.0287076
0.54    0.0283315
0.56    0.0279654
0.58    0.0276089
0.6    0.0272619
0.62    0.0269242
0.64    0.0265955
0.66    0.0262758
0.68    0.0259647
0.7    0.025662
0.72    0.0253677
0.74    0.0250814
0.76    0.024803
0.78    0.0245323
0.8    0.0242692
0.82    0.0240133
0.84    0.0237647
0.86    0.023523
0.88    0.0232882
0.9    0.02306
0.92    0.0228383
0.94    0.022623
0.96    0.0224138
0.98    0.0222107
1    0.0220134
1.02    0.0218219
1.04    0.021636
1.06    0.0214556
1.08    0.0212804
1.1    0.0211105
1.12    0.0209456
1.14    0.0207856
1.16    0.0206305
1.18    0.02048
1.2    0.0203341
1.22    0.0201927
1.24    0.0200556
1.26    0.0199227
1.28    0.019794
1.3    0.0196693
1.32    0.0195485
1.34    0.0194315
1.36    0.0193183
1.38    0.0192087
1.4    0.0191027
1.42    0.0190001
1.44    0.0189008
1.46    0.0188049
1.48    0.0187121
1.5    0.0186225
1.52    0.0185359
1.54    0.0184523
1.56    0.0183716
1.58    0.0182937
1.6    0.0182185
1.62    0.018146
1.64    0.0180761
1.66    0.0180088
1.68    0.017944
1.7    0.0178815
1.72    0.0178215
1.74    0.0177637
1.76    0.0177082
1.78    0.0176548
1.8    0.0176036
1.82    0.0175545
1.84    0.0175074
1.86    0.0174622
1.88    0.017419
1.9    0.0173777
1.92    0.0173381
1.94    0.0173004
1.96    0.0172644
1.98    0.0172301
2    0.0171974
2.02    0.0171664
2.04    0.0171369
2.06    0.0171089
2.08    0.0170824
2.1    0.0170574
2.12    0.0170338
2.14    0.0170115
2.16    0.0169906
2.18    0.016971
2.2    0.0169527
2.22    0.0169356
2.24    0.0169197
2.26    0.0169049
2.28    0.0168913
2.3    0.0168788
2.32    0.0168674
2.34    0.0168571
2.36    0.0168477
2.38    0.0168393
2.4    0.0168319
2.42    0.0168255
2.44    0.0168199
2.46    0.0168153
2.48    0.0168115
2.5    0.0168085
2.52    0.0168063
2.54    0.0168049
2.56    0.0168043
2.58    0.0168044
2.6    0.0168053
2.62    0.0168068
2.64    0.016809
2.66    0.0168118
2.68    0.0168153
2.7    0.0168194
2.72    0.0168241
2.74    0.0168293
2.76    0.0168351
2.78    0.0168414
2.8    0.0168483
2.82    0.0168556
2.84    0.0168634
2.86    0.0168717
2.88    0.0168804
2.9    0.0168895
2.92    0.016899
2.94    0.0169089
2.96    0.0169192
2.98    0.0169299
3    0.0169409
3.02    0.0169522
3.04    0.0169638
3.06    0.0169758
3.08    0.016988
3.1    0.0170005
3.12    0.0170132
3.14    0.0170262
3.16    0.0170394
3.18    0.0170528
3.2    0.0170664
3.22    0.0170802
3.24    0.0170942
3.26    0.0171084
3.28    0.0171227
3.3    0.0171371
3.32    0.0171517
3.34    0.0171664
3.36    0.0171812
3.38    0.017196
3.4    0.017211
3.42    0.017226
3.44    0.0172411
3.46    0.0172563
3.48    0.0172715
3.5    0.0172867
3.52    0.017302
3.54    0.0173173
3.56    0.0173325
3.58    0.0173478
3.6    0.017363
3.62    0.0173783
3.64    0.0173935
3.66    0.0174086
3.68    0.0174238
3.7    0.0174388
3.72    0.0174538
3.74    0.0174687
3.76    0.0174836
3.78    0.0174983
3.8    0.017513
3.82    0.0175276
3.84    0.017542
3.86    0.0175564
3.88    0.0175706
3.9    0.0175847
3.92    0.0175987
3.94    0.0176125
3.96    0.0176262
3.98    0.0176398
4    0.0176532
4.02    0.0176664
4.04    0.0176795
4.06    0.0176923
4.08    0.0177051
4.1    0.0177176
4.12    0.0177299
4.14    0.0177421
4.16    0.017754
4.18    0.0177658
4.2    0.0177774
4.22    0.0177887
4.24    0.0177999
4.26    0.0178108
4.28    0.0178215
4.3    0.017832
4.32    0.0178422
4.34    0.0178523
4.36    0.017862
4.38    0.0178716
4.4    0.0178809
4.42    0.01789
4.44    0.0178988
4.46    0.0179074
4.48    0.0179158
4.5    0.0179239
4.52    0.0179317
4.54    0.0179393
4.56    0.0179466
4.58    0.0179537
4.6    0.0179605
4.62    0.017967
4.64    0.0179733
4.66    0.0179793
4.68    0.017985
4.7    0.0179905
4.72    0.0179957
4.74    0.0180006
4.76    0.0180052
4.78    0.0180096
4.8    0.0180137
4.82    0.0180175
4.84    0.0180211
4.86    0.0180244
4.88    0.0180273
4.9    0.0180301
4.92    0.0180325
4.94    0.0180346
4.96    0.0180365
4.98    0.0180381
