-5    0.266258
-4.98    0.266259
-4.96    0.266259
-4.94    0.266259
-4.92    0.266259
-4.9    0.266259
-4.88    0.266259
-4.86    0.266259
-4.84    0.26626
-4.82    0.26626
-4.8    0.26626
-4.78    0.26626
-4.76    0.26626
-4.74    0.26626
-4.72    0.266261
-4.7    0.266261
-4.68    0.266261
-4.66    0.266261
-4.64    0.266262
-4.62    0.266262
-4.6    0.266262
-4.58    0.266263
-4.56    0.266263
-4.54    0.266263
-4.52    0.266264
-4.5    0.266264
-4.48    0.266265
-4.46    0.266265
-4.44    0.266266
-4.42    0.266266
-4.4    0.266267
-4.38    0.266267
-4.36    0.266268
-4.34    0.266269
-4.32    0.266269
-4.3    0.26627
-4.28    0.266271
-4.26    0.266272
-4.24    0.266272
-4.22    0.266273
-4.2    0.266274
-4.18    0.266275
-4.16    0.266277
-4.14    0.266278
-4.12    0.266279
-4.1    0.26628
-4.08    0.266282
-4.06    0.266283
-4.04    0.266285
-4.02    0.266287
-4    0.266288
-3.98    0.26629
-3.96    0.266292
-3.94    0.266294
-3.92    0.266296
-3.9    0.266299
-3.88    0.266301
-3.86    0.266304
-3.84    0.266307
-3.82    0.26631
-3.8    0.266313
-3.78    0.266316
-3.76    0.26632
-3.74    0.266324
-3.72    0.266328
-3.7    0.266332
-3.68    0.266336
-3.66    0.266341
-3.64    0.266346
-3.62    0.266351
-3.6    0.266357
-3.58    0.266363
-3.56    0.266369
-3.54    0.266376
-3.52    0.266383
-3.5    0.266391
-3.48    0.266399
-3.46    0.266407
-3.44    0.266416
-3.42    0.266426
-3.4    0.266436
-3.38    0.266446
-3.36    0.266458
-3.34    0.26647
-3.32    0.266482
-3.3    0.266496
-3.28    0.26651
-3.26    0.266525
-3.24    0.266541
-3.22    0.266558
-3.2    0.266576
-3.18    0.266595
-3.16    0.266615
-3.14    0.266636
-3.12    0.266659
-3.1    0.266683
-3.08    0.266708
-3.06    0.266735
-3.04    0.266763
-3.02    0.266793
-3    0.266825
-2.98    0.266859
-2.96    0.266895
-2.94    0.266933
-2.92    0.266973
-2.9    0.267016
-2.88    0.267061
-2.86    0.267109
-2.84    0.26716
-2.82    0.267213
-2.8    0.26727
-2.78    0.267331
-2.76    0.267395
-2.74    0.267462
-2.72    0.267534
-2.7    0.26761
-2.68    0.26769
-2.66    0.267776
-2.64    0.267866
-2.62    0.267962
-2.6    0.268063
-2.58    0.26817
-2.56    0.268284
-2.54    0.268404
-2.52    0.268532
-2.5    0.268667
-2.48    0.26881
-2.46    0.268962
-2.44    0.269122
-2.42    0.269292
-2.4    0.269473
-2.38    0.269663
-2.36    0.269865
-2.34    0.270079
-2.32    0.270306
-2.3    0.270546
-2.28    0.2708
-2.26    0.271069
-2.24    0.271354
-2.22    0.271656
-2.2    0.271975
-2.18    0.272313
-2.16    0.272671
-2.14    0.27305
-2.12    0.273452
-2.1    0.273876
-2.08    0.274326
-2.06    0.274802
-2.04    0.275305
-2.02    0.275838
-2    0.276402
-1.98    0.276998
-1.96    0.27763
-1.94    0.278297
-1.92    0.279004
-1.9    0.27975
-1.88    0.28054
-1.86    0.281376
-1.84    0.282259
-1.82    0.283193
-1.8    0.284179
-1.78    0.285222
-1.76    0.286324
-1.74    0.287488
-1.72    0.288718
-1.7    0.290017
-1.68    0.291388
-1.66    0.292835
-1.64    0.294362
-1.62    0.295974
-1.6    0.297674
-1.58    0.299466
-1.56    0.301356
-1.54    0.303347
-1.52    0.305444
-1.5    0.307653
-1.48    0.309978
-1.46    0.312424
-1.44    0.314996
-1.42    0.317701
-1.4    0.320541
-1.38    0.323524
-1.36    0.326655
-1.34    0.329938
-1.32    0.333378
-1.3    0.336982
-1.28    0.340753
-1.26    0.344696
-1.24    0.348816
-1.22    0.353116
-1.2    0.357601
-1.18    0.362273
-1.16    0.367136
-1.14    0.372191
-1.12    0.377439
-1.1    0.382882
-1.08    0.388519
-1.06    0.39435
-1.04    0.400371
-1.02    0.406581
-1    0.412974
-0.98    0.419547
-0.96    0.426292
-0.94    0.433202
-0.92    0.440269
-0.9    0.447482
-0.88    0.454831
-0.86    0.462303
-0.84    0.469885
-0.82    0.477564
-0.8    0.485324
-0.78    0.493149
-0.76    0.501024
-0.74    0.508932
-0.72    0.516855
-0.7    0.524776
-0.68    0.532678
-0.66    0.540545
-0.64    0.548359
-0.62    0.556104
-0.6    0.563764
-0.58    0.571325
-0.56    0.578773
-0.54    0.586095
-0.52    0.593278
-0.5    0.600312
-0.48    0.607188
-0.46    0.613896
-0.44    0.620429
-0.42    0.626781
-0.4    0.632948
-0.38    0.638925
-0.36    0.644709
-0.34    0.650299
-0.32    0.655693
-0.3    0.660893
-0.28    0.665898
-0.26    0.670711
-0.24    0.675333
-0.22    0.679768
-0.2    0.684018
-0.18    0.688088
-0.16    0.691982
-0.14    0.695704
-0.12    0.699258
-0.1    0.702651
-0.08    0.705887
-0.06    0.708972
-0.04    0.71191
-0.02    0.714707
-1.80342e-14    0.717368
0.02    0.719899
0.04    0.722305
0.06    0.72459
0.08    0.726761
0.1    0.728822
0.12    0.730777
0.14    0.732633
0.16    0.734392
0.18    0.73606
0.2    0.737641
0.22    0.739139
0.24    0.740558
0.26    0.741903
0.28    0.743175
0.3    0.74438
0.32    0.745521
0.34    0.7466
0.36    0.747622
0.38    0.748588
0.4    0.749502
0.42    0.750366
0.44    0.751184
0.46    0.751957
0.48    0.752688
0.5    0.753379
0.52    0.754032
0.54    0.754649
0.56    0.755233
0.58    0.755784
0.6    0.756305
0.62    0.756797
0.64    0.757262
0.66    0.757702
0.68    0.758117
0.7    0.758509
0.72    0.758879
0.74    0.759229
0.76    0.759559
0.78    0.759872
0.8    0.760166
0.82    0.760445
0.84    0.760707
0.86    0.760956
0.88    0.76119
0.9    0.761411
0.92    0.76162
0.94    0.761818
0.96    0.762004
0.98    0.76218
1    0.762346
1.02    0.762503
1.04    0.762651
1.06    0.762791
1.08    0.762923
1.1    0.763047
1.12    0.763165
1.14    0.763276
1.16    0.763381
1.18    0.763479
1.2    0.763573
1.22    0.763661
1.24    0.763744
1.26    0.763823
1.28    0.763897
1.3    0.763967
1.32    0.764033
1.34    0.764095
1.36    0.764154
1.38    0.76421
1.4    0.764262
1.42    0.764312
1.44    0.764358
1.46    0.764403
1.48    0.764444
1.5    0.764483
1.52    0.764521
1.54    0.764556
1.56    0.764589
1.58    0.76462
1.6    0.764649
1.62    0.764677
1.64    0.764703
1.66    0.764728
1.68    0.764751
1.7    0.764773
1.72    0.764794
1.74    0.764814
1.76    0.764832
1.78    0.76485
1.8    0.764866
1.82    0.764882
1.84    0.764897
1.86    0.76491
1.88    0.764924
1.9    0.764936
1.92    0.764948
1.94    0.764959
1.96    0.764969
1.98    0.764979
2    0.764988
2.02    0.764997
2.04    0.765005
2.06    0.765013
2.08    0.76502
2.1    0.765027
2.12    0.765034
2.14    0.76504
2.16    0.765046
2.18    0.765051
2.2    0.765056
2.22    0.765061
2.24    0.765066
2.26    0.76507
2.28    0.765074
2.3    0.765078
2.32    0.765082
2.34    0.765085
2.36    0.765089
2.38    0.765092
2.4    0.765095
2.42    0.765097
2.44    0.7651
2.46    0.765102
2.48    0.765105
2.5    0.765107
2.52    0.765109
2.54    0.765111
2.56    0.765113
2.58    0.765115
2.6    0.765116
2.62    0.765118
2.64    0.765119
2.66    0.765121
2.68    0.765122
2.7    0.765123
2.72    0.765124
2.74    0.765125
2.76    0.765126
2.78    0.765127
2.8    0.765128
2.82    0.765129
2.84    0.76513
2.86    0.765131
2.88    0.765131
2.9    0.765132
2.92    0.765133
2.94    0.765133
2.96    0.765134
2.98    0.765134
3    0.765135
3.02    0.765135
3.04    0.765136
3.06    0.765136
3.08    0.765137
3.1    0.765137
3.12    0.765137
3.14    0.765138
3.16    0.765138
3.18    0.765138
3.2    0.765139
3.22    0.765139
3.24    0.765139
3.26    0.76514
3.28    0.76514
3.3    0.76514
3.32    0.76514
3.34    0.76514
3.36    0.765141
3.38    0.765141
3.4    0.765141
3.42    0.765141
3.44    0.765141
3.46    0.765141
3.48    0.765141
3.5    0.765142
3.52    0.765142
3.54    0.765142
3.56    0.765142
3.58    0.765142
3.6    0.765142
3.62    0.765142
3.64    0.765142
3.66    0.765142
3.68    0.765142
3.7    0.765142
3.72    0.765143
3.74    0.765143
3.76    0.765143
3.78    0.765143
3.8    0.765143
3.82    0.765143
3.84    0.765143
3.86    0.765143
3.88    0.765143
3.9    0.765143
3.92    0.765143
3.94    0.765143
3.96    0.765143
3.98    0.765143
4    0.765143
4.02    0.765143
4.04    0.765143
4.06    0.765143
4.08    0.765143
4.1    0.765143
4.12    0.765143
4.14    0.765143
4.16    0.765143
4.18    0.765143
4.2    0.765143
4.22    0.765143
4.24    0.765143
4.26    0.765143
4.28    0.765143
4.3    0.765143
4.32    0.765143
4.34    0.765143
4.36    0.765143
4.38    0.765143
4.4    0.765143
4.42    0.765143
4.44    0.765143
4.46    0.765143
4.48    0.765143
4.5    0.765143
4.52    0.765143
4.54    0.765143
4.56    0.765143
4.58    0.765143
4.6    0.765144
4.62    0.765144
4.64    0.765144
4.66    0.765144
4.68    0.765144
4.7    0.765144
4.72    0.765144
4.74    0.765144
4.76    0.765144
4.78    0.765144
4.8    0.765144
4.82    0.765144
4.84    0.765144
4.86    0.765144
4.88    0.765144
4.9    0.765144
4.92    0.765144
4.94    0.765144
4.96    0.765144
4.98    0.765144
