-5    0.991814
-4.98    0.991799
-4.96    0.991784
-4.94    0.991769
-4.92    0.991754
-4.9    0.991739
-4.88    0.991723
-4.86    0.991708
-4.84    0.991692
-4.82    0.991676
-4.8    0.991659
-4.78    0.991643
-4.76    0.991626
-4.74    0.991609
-4.72    0.991592
-4.7    0.991575
-4.68    0.991557
-4.66    0.991539
-4.64    0.991521
-4.62    0.991503
-4.6    0.991484
-4.58    0.991466
-4.56    0.991447
-4.54    0.991428
-4.52    0.991408
-4.5    0.991389
-4.48    0.991369
-4.46    0.991349
-4.44    0.991328
-4.42    0.991308
-4.4    0.991287
-4.38    0.991266
-4.36    0.991244
-4.34    0.991223
-4.32    0.991201
-4.3    0.991178
-4.28    0.991156
-4.26    0.991133
-4.24    0.99111
-4.22    0.991087
-4.2    0.991063
-4.18    0.991039
-4.16    0.991015
-4.14    0.990991
-4.12    0.990966
-4.1    0.990941
-4.08    0.990915
-4.06    0.99089
-4.04    0.990864
-4.02    0.990837
-4    0.990811
-3.98    0.990784
-3.96    0.990756
-3.94    0.990729
-3.92    0.990701
-3.9    0.990672
-3.88    0.990643
-3.86    0.990614
-3.84    0.990585
-3.82    0.990555
-3.8    0.990525
-3.78    0.990495
-3.76    0.990464
-3.74    0.990433
-3.72    0.990401
-3.7    0.990369
-3.68    0.990337
-3.66    0.990304
-3.64    0.990271
-3.62    0.990237
-3.6    0.990203
-3.58    0.990169
-3.56    0.990134
-3.54    0.990098
-3.52    0.990063
-3.5    0.990027
-3.48    0.98999
-3.46    0.989953
-3.44    0.989916
-3.42    0.989878
-3.4    0.98984
-3.38    0.989801
-3.36    0.989762
-3.34    0.989722
-3.32    0.989682
-3.3    0.989641
-3.28    0.9896
-3.26    0.989558
-3.24    0.989516
-3.22    0.989473
-3.2    0.98943
-3.18    0.989386
-3.16    0.989342
-3.14    0.989297
-3.12    0.989252
-3.1    0.989206
-3.08    0.98916
-3.06    0.989113
-3.04    0.989066
-3.02    0.989018
-3    0.988969
-2.98    0.98892
-2.96    0.988871
-2.94    0.98882
-2.92    0.988769
-2.9    0.988718
-2.88    0.988666
-2.86    0.988613
-2.84    0.98856
-2.82    0.988506
-2.8    0.988452
-2.78    0.988397
-2.76    0.988341
-2.74    0.988284
-2.72    0.988227
-2.7    0.98817
-2.68    0.988111
-2.66    0.988052
-2.64    0.987993
-2.62    0.987932
-2.6    0.987871
-2.58    0.98781
-2.56    0.987747
-2.54    0.987684
-2.52    0.98762
-2.5    0.987556
-2.48    0.98749
-2.46    0.987424
-2.44    0.987358
-2.42    0.98729
-2.4    0.987222
-2.38    0.987153
-2.36    0.987084
-2.34    0.987013
-2.32    0.986942
-2.3    0.98687
-2.28    0.986797
-2.26    0.986724
-2.24    0.986649
-2.22    0.986574
-2.2    0.986498
-2.18    0.986421
-2.16    0.986344
-2.14    0.986265
-2.12    0.986186
-2.1    0.986106
-2.08    0.986025
-2.06    0.985943
-2.04    0.985861
-2.02    0.985777
-2    0.985693
-1.98    0.985608
-1.96    0.985522
-1.94    0.985435
-1.92    0.985347
-1.9    0.985259
-1.88    0.985169
-1.86    0.985079
-1.84    0.984987
-1.82    0.984895
-1.8    0.984802
-1.78    0.984708
-1.76    0.984613
-1.74    0.984517
-1.72    0.98442
-1.7    0.984322
-1.68    0.984224
-1.66    0.984124
-1.64    0.984023
-1.62    0.983922
-1.6    0.983819
-1.58    0.983716
-1.56    0.983612
-1.54    0.983506
-1.52    0.9834
-1.5    0.983293
-1.48    0.983184
-1.46    0.983075
-1.44    0.982965
-1.42    0.982854
-1.4    0.982742
-1.38    0.982629
-1.36    0.982515
-1.34    0.9824
-1.32    0.982283
-1.3    0.982166
-1.28    0.982048
-1.26    0.981929
-1.24    0.981809
-1.22    0.981688
-1.2    0.981567
-1.18    0.981444
-1.16    0.98132
-1.14    0.981195
-1.12    0.981069
-1.1    0.980942
-1.08    0.980814
-1.06    0.980685
-1.04    0.980555
-1.02    0.980425
-1    0.980293
-0.98    0.98016
-0.96    0.980026
-0.94    0.979892
-0.92    0.979756
-0.9    0.97962
-0.88    0.979482
-0.86    0.979343
-0.84    0.979204
-0.82    0.979064
-0.8    0.978922
-0.78    0.97878
-0.76    0.978637
-0.74    0.978493
-0.72    0.978347
-0.7    0.978201
-0.68    0.978055
-0.66    0.977907
-0.64    0.977758
-0.62    0.977608
-0.6    0.977458
-0.58    0.977307
-0.56    0.977154
-0.54    0.977001
-0.52    0.976847
-0.5    0.976693
-0.48    0.976537
-0.46    0.97638
-0.44    0.976223
-0.42    0.976065
-0.4    0.975906
-0.38    0.975747
-0.36    0.975586
-0.34    0.975425
-0.32    0.975263
-0.3    0.9751
-0.28    0.974937
-0.26    0.974772
-0.24    0.974608
-0.22    0.974442
-0.2    0.974276
-0.18    0.974109
-0.16    0.973941
-0.14    0.973773
-0.12    0.973604
-0.1    0.973434
-0.08    0.973264
-0.06    0.973093
-0.04    0.972922
-0.02    0.97275
-1.80342e-14    0.972577
0.02    0.972404
0.04    0.97223
0.06    0.972056
0.08    0.971881
0.1    0.971706
0.12    0.971531
0.14    0.971355
0.16    0.971178
0.18    0.971001
0.2    0.970824
0.22    0.970646
0.24    0.970468
0.26    0.970289
0.28    0.97011
0.3    0.969931
0.32    0.969751
0.34    0.969571
0.36    0.969391
0.38    0.969211
0.4    0.96903
0.42    0.968849
0.44    0.968668
0.46    0.968487
0.48    0.968305
0.5    0.968123
0.52    0.967942
0.54    0.96776
0.56    0.967577
0.58    0.967395
0.6    0.967213
0.62    0.96703
0.64    0.966848
0.66    0.966665
0.68    0.966483
0.7    0.9663
0.72    0.966118
0.74    0.965935
0.76    0.965753
0.78    0.96557
0.8    0.965388
0.82    0.965206
0.84    0.965024
0.86    0.964842
0.88    0.96466
0.9    0.964478
0.92    0.964297
0.94    0.964115
0.96    0.963934
0.98    0.963753
1    0.963573
1.02    0.963392
1.04    0.963212
1.06    0.963032
1.08    0.962853
1.1    0.962673
1.12    0.962494
1.14    0.962316
1.16    0.962138
1.18    0.96196
1.2    0.961782
1.22    0.961605
1.24    0.961429
1.26    0.961252
1.28    0.961077
1.3    0.960901
1.32    0.960726
1.34    0.960552
1.36    0.960378
1.38    0.960205
1.4    0.960032
1.42    0.95986
1.44    0.959688
1.46    0.959517
1.48    0.959346
1.5    0.959176
1.52    0.959007
1.54    0.958838
1.56    0.95867
1.58    0.958502
1.6    0.958335
1.62    0.958169
1.64    0.958003
1.66    0.957838
1.68    0.957674
1.7    0.95751
1.72    0.957347
1.74    0.957185
1.76    0.957024
1.78    0.956863
1.8    0.956703
1.82    0.956543
1.84    0.956385
1.86    0.956227
1.88    0.95607
1.9    0.955914
1.92    0.955758
1.94    0.955604
1.96    0.95545
1.98    0.955296
2    0.955144
2.02    0.954993
2.04    0.954842
2.06    0.954692
2.08    0.954543
2.1    0.954395
2.12    0.954247
2.14    0.954101
2.16    0.953955
2.18    0.95381
2.2    0.953666
2.22    0.953523
2.24    0.953381
2.26    0.95324
2.28    0.953099
2.3    0.952959
2.32    0.952821
2.34    0.952683
2.36    0.952546
2.38    0.95241
2.4    0.952274
2.42    0.95214
2.44    0.952007
2.46    0.951874
2.48    0.951742
2.5    0.951612
2.52    0.951482
2.54    0.951353
2.56    0.951225
2.58    0.951097
2.6    0.950971
2.62    0.950846
2.64    0.950721
2.66    0.950598
2.68    0.950475
2.7    0.950353
2.72    0.950232
2.74    0.950112
2.76    0.949993
2.78    0.949875
2.8    0.949758
2.82    0.949641
2.84    0.949526
2.86    0.949411
2.88    0.949298
2.9    0.949185
2.92    0.949073
2.94    0.948962
2.96    0.948852
2.98    0.948742
3    0.948634
3.02    0.948526
3.04    0.94842
3.06    0.948314
3.08    0.948209
3.1    0.948105
3.12    0.948002
3.14    0.9479
3.16    0.947798
3.18    0.947698
3.2    0.947598
3.22    0.947499
3.24    0.947401
3.26    0.947304
3.28    0.947207
3.3    0.947112
3.32    0.947017
3.34    0.946923
3.36    0.94683
3.38    0.946738
3.4    0.946647
3.42    0.946556
3.44    0.946466
3.46    0.946377
3.48    0.946289
3.5    0.946202
3.52    0.946115
3.54    0.94603
3.56    0.945945
3.58    0.945861
3.6    0.945777
3.62    0.945694
3.64    0.945613
3.66    0.945531
3.68    0.945451
3.7    0.945372
3.72    0.945293
3.74    0.945215
3.76    0.945137
3.78    0.945061
3.8    0.944985
3.82    0.94491
3.84    0.944835
3.86    0.944761
3.88    0.944688
3.9    0.944616
3.92    0.944545
3.94    0.944474
3.96    0.944403
3.98    0.944334
4    0.944265
4.02    0.944197
4.04    0.94413
4.06    0.944063
4.08    0.943997
4.1    0.943931
4.12    0.943866
4.14    0.943802
4.16    0.943739
4.18    0.943676
4.2    0.943613
4.22    0.943552
4.24    0.943491
4.26    0.943431
4.28    0.943371
4.3    0.943312
4.32    0.943253
4.34    0.943195
4.36    0.943138
4.38    0.943081
4.4    0.943025
4.42    0.942969
4.44    0.942914
4.46    0.94286
4.48    0.942806
4.5    0.942753
4.52    0.9427
4.54    0.942648
4.56    0.942596
4.58    0.942545
4.6    0.942494
4.62    0.942444
4.64    0.942395
4.66    0.942346
4.68    0.942297
4.7    0.94225
4.72    0.942202
4.74    0.942155
4.76    0.942109
4.78    0.942063
4.8    0.942017
4.82    0.941973
4.84    0.941928
4.86    0.941884
4.88    0.941841
4.9    0.941798
4.92    0.941755
4.94    0.941713
4.96    0.941671
4.98    0.94163
