-5    0.985546
-4.98    0.985539
-4.96    0.985533
-4.94    0.985526
-4.92    0.985519
-4.9    0.985512
-4.88    0.985505
-4.86    0.985498
-4.84    0.985491
-4.82    0.985484
-4.8    0.985477
-4.78    0.985469
-4.76    0.985462
-4.74    0.985455
-4.72    0.985447
-4.7    0.98544
-4.68    0.985432
-4.66    0.985424
-4.64    0.985417
-4.62    0.985409
-4.6    0.985401
-4.58    0.985393
-4.56    0.985385
-4.54    0.985377
-4.52    0.985369
-4.5    0.985361
-4.48    0.985353
-4.46    0.985344
-4.44    0.985336
-4.42    0.985328
-4.4    0.985319
-4.38    0.985311
-4.36    0.985302
-4.34    0.985293
-4.32    0.985284
-4.3    0.985276
-4.28    0.985267
-4.26    0.985258
-4.24    0.985249
-4.22    0.98524
-4.2    0.98523
-4.18    0.985221
-4.16    0.985212
-4.14    0.985202
-4.12    0.985193
-4.1    0.985183
-4.08    0.985173
-4.06    0.985164
-4.04    0.985154
-4.02    0.985144
-4    0.985134
-3.98    0.985124
-3.96    0.985114
-3.94    0.985104
-3.92    0.985093
-3.9    0.985083
-3.88    0.985073
-3.86    0.985062
-3.84    0.985051
-3.82    0.985041
-3.8    0.98503
-3.78    0.985019
-3.76    0.985008
-3.74    0.984997
-3.72    0.984986
-3.7    0.984975
-3.68    0.984963
-3.66    0.984952
-3.64    0.98494
-3.62    0.984929
-3.6    0.984917
-3.58    0.984905
-3.56    0.984894
-3.54    0.984882
-3.52    0.98487
-3.5    0.984857
-3.48    0.984845
-3.46    0.984833
-3.44    0.984821
-3.42    0.984808
-3.4    0.984795
-3.38    0.984783
-3.36    0.98477
-3.34    0.984757
-3.32    0.984744
-3.3    0.984731
-3.28    0.984718
-3.26    0.984704
-3.24    0.984691
-3.22    0.984678
-3.2    0.984664
-3.18    0.98465
-3.16    0.984636
-3.14    0.984622
-3.12    0.984608
-3.1    0.984594
-3.08    0.98458
-3.06    0.984566
-3.04    0.984551
-3.02    0.984537
-3    0.984522
-2.98    0.984507
-2.96    0.984492
-2.94    0.984477
-2.92    0.984462
-2.9    0.984447
-2.88    0.984432
-2.86    0.984416
-2.84    0.984401
-2.82    0.984385
-2.8    0.984369
-2.78    0.984353
-2.76    0.984337
-2.74    0.984321
-2.72    0.984305
-2.7    0.984289
-2.68    0.984272
-2.66    0.984255
-2.64    0.984239
-2.62    0.984222
-2.6    0.984205
-2.58    0.984188
-2.56    0.984171
-2.54    0.984153
-2.52    0.984136
-2.5    0.984118
-2.48    0.9841
-2.46    0.984082
-2.44    0.984065
-2.42    0.984046
-2.4    0.984028
-2.38    0.98401
-2.36    0.983991
-2.34    0.983973
-2.32    0.983954
-2.3    0.983935
-2.28    0.983916
-2.26    0.983897
-2.24    0.983878
-2.22    0.983858
-2.2    0.983839
-2.18    0.983819
-2.16    0.983799
-2.14    0.983779
-2.12    0.983759
-2.1    0.983739
-2.08    0.983718
-2.06    0.983698
-2.04    0.983677
-2.02    0.983656
-2    0.983635
-1.98    0.983614
-1.96    0.983593
-1.94    0.983572
-1.92    0.98355
-1.9    0.983529
-1.88    0.983507
-1.86    0.983485
-1.84    0.983463
-1.82    0.98344
-1.8    0.983418
-1.78    0.983396
-1.76    0.983373
-1.74    0.98335
-1.72    0.983327
-1.7    0.983304
-1.68    0.983281
-1.66    0.983257
-1.64    0.983234
-1.62    0.98321
-1.6    0.983186
-1.58    0.983162
-1.56    0.983138
-1.54    0.983114
-1.52    0.983089
-1.5    0.983064
-1.48    0.98304
-1.46    0.983015
-1.44    0.982989
-1.42    0.982964
-1.4    0.982939
-1.38    0.982913
-1.36    0.982887
-1.34    0.982862
-1.32    0.982836
-1.3    0.982809
-1.28    0.982783
-1.26    0.982756
-1.24    0.98273
-1.22    0.982703
-1.2    0.982676
-1.18    0.982649
-1.16    0.982621
-1.14    0.982594
-1.12    0.982566
-1.1    0.982538
-1.08    0.98251
-1.06    0.982482
-1.04    0.982454
-1.02    0.982425
-1    0.982397
-0.98    0.982368
-0.96    0.982339
-0.94    0.98231
-0.92    0.982281
-0.9    0.982251
-0.88    0.982221
-0.86    0.982192
-0.84    0.982162
-0.82    0.982132
-0.8    0.982101
-0.78    0.982071
-0.76    0.98204
-0.74    0.982009
-0.72    0.981979
-0.7    0.981947
-0.68    0.981916
-0.66    0.981885
-0.64    0.981853
-0.62    0.981821
-0.6    0.981789
-0.58    0.981757
-0.56    0.981725
-0.54    0.981693
-0.52    0.98166
-0.5    0.981627
-0.48    0.981594
-0.46    0.981561
-0.44    0.981528
-0.42    0.981494
-0.4    0.981461
-0.38    0.981427
-0.36    0.981393
-0.34    0.981359
-0.32    0.981325
-0.3    0.98129
-0.28    0.981256
-0.26    0.981221
-0.24    0.981186
-0.22    0.981151
-0.2    0.981116
-0.18    0.98108
-0.16    0.981045
-0.14    0.981009
-0.12    0.980973
-0.1    0.980937
-0.08    0.980901
-0.06    0.980864
-0.04    0.980828
-0.02    0.980791
-1.80342e-14    0.980754
0.02    0.980717
0.04    0.98068
0.06    0.980643
0.08    0.980605
0.1    0.980567
0.12    0.98053
0.14    0.980492
0.16    0.980454
0.18    0.980415
0.2    0.980377
0.22    0.980338
0.24    0.980299
0.26    0.980261
0.28    0.980222
0.3    0.980182
0.32    0.980143
0.34    0.980104
0.36    0.980064
0.38    0.980024
0.4    0.979984
0.42    0.979944
0.44    0.979904
0.46    0.979863
0.48    0.979823
0.5    0.979782
0.52    0.979741
0.54    0.979701
0.56    0.979659
0.58    0.979618
0.6    0.979577
0.62    0.979535
0.64    0.979494
0.66    0.979452
0.68    0.97941
0.7    0.979368
0.72    0.979326
0.74    0.979284
0.76    0.979241
0.78    0.979199
0.8    0.979156
0.82    0.979113
0.84    0.97907
0.86    0.979027
0.88    0.978984
0.9    0.978941
0.92    0.978897
0.94    0.978854
0.96    0.97881
0.98    0.978767
1    0.978723
1.02    0.978679
1.04    0.978635
1.06    0.97859
1.08    0.978546
1.1    0.978502
1.12    0.978457
1.14    0.978413
1.16    0.978368
1.18    0.978323
1.2    0.978278
1.22    0.978233
1.24    0.978188
1.26    0.978143
1.28    0.978097
1.3    0.978052
1.32    0.978007
1.34    0.977961
1.36    0.977915
1.38    0.97787
1.4    0.977824
1.42    0.977778
1.44    0.977732
1.46    0.977686
1.48    0.97764
1.5    0.977593
1.52    0.977547
1.54    0.977501
1.56    0.977454
1.58    0.977408
1.6    0.977361
1.62    0.977315
1.64    0.977268
1.66    0.977221
1.68    0.977174
1.7    0.977128
1.72    0.977081
1.74    0.977034
1.76    0.976987
1.78    0.97694
1.8    0.976892
1.82    0.976845
1.84    0.976798
1.86    0.976751
1.88    0.976704
1.9    0.976656
1.92    0.976609
1.94    0.976561
1.96    0.976514
1.98    0.976467
2    0.976419
2.02    0.976372
2.04    0.976324
2.06    0.976276
2.08    0.976229
2.1    0.976181
2.12    0.976134
2.14    0.976086
2.16    0.976038
2.18    0.975991
2.2    0.975943
2.22    0.975895
2.24    0.975848
2.26    0.9758
2.28    0.975752
2.3    0.975705
2.32    0.975657
2.34    0.975609
2.36    0.975562
2.38    0.975514
2.4    0.975466
2.42    0.975419
2.44    0.975371
2.46    0.975323
2.48    0.975276
2.5    0.975228
2.52    0.975181
2.54    0.975133
2.56    0.975086
2.58    0.975038
2.6    0.974991
2.62    0.974943
2.64    0.974896
2.66    0.974849
2.68    0.974801
2.7    0.974754
2.72    0.974707
2.74    0.97466
2.76    0.974612
2.78    0.974565
2.8    0.974518
2.82    0.974471
2.84    0.974424
2.86    0.974377
2.88    0.974331
2.9    0.974284
2.92    0.974237
2.94    0.974191
2.96    0.974144
2.98    0.974097
3    0.974051
3.02    0.974005
3.04    0.973958
3.06    0.973912
3.08    0.973866
3.1    0.97382
3.12    0.973774
3.14    0.973728
3.16    0.973682
3.18    0.973636
3.2    0.97359
3.22    0.973545
3.24    0.973499
3.26    0.973454
3.28    0.973409
3.3    0.973363
3.32    0.973318
3.34    0.973273
3.36    0.973228
3.38    0.973183
3.4    0.973138
3.42    0.973094
3.44    0.973049
3.46    0.973005
3.48    0.97296
3.5    0.972916
3.52    0.972872
3.54    0.972828
3.56    0.972784
3.58    0.97274
3.6    0.972697
3.62    0.972653
3.64    0.97261
3.66    0.972566
3.68    0.972523
3.7    0.97248
3.72    0.972437
3.74    0.972394
3.76    0.972351
3.78    0.972309
3.8    0.972266
3.82    0.972224
3.84    0.972182
3.86    0.972139
3.88    0.972097
3.9    0.972056
3.92    0.972014
3.94    0.971972
3.96    0.971931
3.98    0.97189
4    0.971848
4.02    0.971807
4.04    0.971766
4.06    0.971726
4.08    0.971685
4.1    0.971645
4.12    0.971604
4.14    0.971564
4.16    0.971524
4.18    0.971484
4.2    0.971444
4.22    0.971405
4.24    0.971365
4.26    0.971326
4.28    0.971287
4.3    0.971248
4.32    0.971209
4.34    0.97117
4.36    0.971132
4.38    0.971093
4.4    0.971055
4.42    0.971017
4.44    0.970979
4.46    0.970941
4.48    0.970903
4.5    0.970866
4.52    0.970829
4.54    0.970791
4.56    0.970754
4.58    0.970717
4.6    0.970681
4.62    0.970644
4.64    0.970608
4.66    0.970572
4.68    0.970535
4.7    0.9705
4.72    0.970464
4.74    0.970428
4.76    0.970393
4.78    0.970358
4.8    0.970322
4.82    0.970287
4.84    0.970253
4.86    0.970218
4.88    0.970184
4.9    0.970149
4.92    0.970115
4.94    0.970081
4.96    0.970047
4.98    0.970014
