-5    0.00291286
-4.98    0.00290968
-4.96    0.00290644
-4.94    0.00290314
-4.92    0.00289978
-4.9    0.00289635
-4.88    0.00289287
-4.86    0.00288932
-4.84    0.0028857
-4.82    0.00288202
-4.8    0.00287827
-4.78    0.00287445
-4.76    0.00287057
-4.74    0.00286661
-4.72    0.00286258
-4.7    0.00285847
-4.68    0.00285429
-4.66    0.00285004
-4.64    0.0028457
-4.62    0.00284129
-4.6    0.0028368
-4.58    0.00283223
-4.56    0.00282757
-4.54    0.00282284
-4.52    0.00281801
-4.5    0.0028131
-4.48    0.0028081
-4.46    0.00280301
-4.44    0.00279783
-4.42    0.00279256
-4.4    0.0027872
-4.38    0.00278174
-4.36    0.00277618
-4.34    0.00277053
-4.32    0.00276478
-4.3    0.00275893
-4.28    0.00275298
-4.26    0.00274692
-4.24    0.00274076
-4.22    0.00273449
-4.2    0.00272812
-4.18    0.00272164
-4.16    0.00271505
-4.14    0.00270835
-4.12    0.00270153
-4.1    0.00269461
-4.08    0.00268756
-4.06    0.00268041
-4.04    0.00267313
-4.02    0.00266574
-4    0.00265823
-3.98    0.0026506
-3.96    0.00264285
-3.94    0.00263498
-3.92    0.00262698
-3.9    0.00261886
-3.88    0.00261062
-3.86    0.00260225
-3.84    0.00259376
-3.82    0.00258514
-3.8    0.00257639
-3.78    0.00256752
-3.76    0.00255851
-3.74    0.00254938
-3.72    0.00254013
-3.7    0.00253074
-3.68    0.00252123
-3.66    0.00251159
-3.64    0.00250182
-3.62    0.00249193
-3.6    0.0024819
-3.58    0.00247176
-3.56    0.00246148
-3.54    0.00245109
-3.52    0.00244057
-3.5    0.00242993
-3.48    0.00241916
-3.46    0.00240828
-3.44    0.00239728
-3.42    0.00238617
-3.4    0.00237494
-3.38    0.0023636
-3.36    0.00235215
-3.34    0.0023406
-3.32    0.00232894
-3.3    0.00231718
-3.28    0.00230532
-3.26    0.00229338
-3.24    0.00228134
-3.22    0.00226921
-3.2    0.002257
-3.18    0.00224471
-3.16    0.00223235
-3.14    0.00221992
-3.12    0.00220743
-3.1    0.00219488
-3.08    0.00218228
-3.06    0.00216963
-3.04    0.00215693
-3.02    0.00214421
-3    0.00213145
-2.98    0.00211867
-2.96    0.00210588
-2.94    0.00209308
-2.92    0.00208028
-2.9    0.00206749
-2.88    0.00205471
-2.86    0.00204196
-2.84    0.00202923
-2.82    0.00201655
-2.8    0.00200392
-2.78    0.00199134
-2.76    0.00197884
-2.74    0.00196641
-2.72    0.00195407
-2.7    0.00194182
-2.68    0.00192968
-2.66    0.00191766
-2.64    0.00190576
-2.62    0.001894
-2.6    0.00188239
-2.58    0.00187094
-2.56    0.00185967
-2.54    0.00184857
-2.52    0.00183766
-2.5    0.00182696
-2.48    0.00181648
-2.46    0.00180622
-2.44    0.0017962
-2.42    0.00178644
-2.4    0.00177693
-2.38    0.00176771
-2.36    0.00175876
-2.34    0.00175012
-2.32    0.00174179
-2.3    0.00173379
-2.28    0.00172612
-2.26    0.0017188
-2.24    0.00171184
-2.22    0.00170526
-2.2    0.00169907
-2.18    0.00169327
-2.16    0.00168789
-2.14    0.00168293
-2.12    0.00167841
-2.1    0.00167434
-2.08    0.00167074
-2.06    0.00166762
-2.04    0.00166498
-2.02    0.00166285
-2    0.00166124
-1.98    0.00166017
-1.96    0.00165963
-1.94    0.00165966
-1.92    0.00166025
-1.9    0.00166144
-1.88    0.00166322
-1.86    0.00166562
-1.84    0.00166864
-1.82    0.00167231
-1.8    0.00167663
-1.78    0.00168162
-1.76    0.00168729
-1.74    0.00169366
-1.72    0.00170075
-1.7    0.00170855
-1.68    0.0017171
-1.66    0.0017264
-1.64    0.00173647
-1.62    0.00174731
-1.6    0.00175895
-1.58    0.0017714
-1.56    0.00178467
-1.54    0.00179877
-1.52    0.00181372
-1.5    0.00182952
-1.48    0.0018462
-1.46    0.00186376
-1.44    0.00188222
-1.42    0.00190159
-1.4    0.00192187
-1.38    0.00194309
-1.36    0.00196525
-1.34    0.00198837
-1.32    0.00201245
-1.3    0.00203751
-1.28    0.00206355
-1.26    0.00209059
-1.24    0.00211864
-1.22    0.00214772
-1.2    0.00217782
-1.18    0.00220896
-1.16    0.00224116
-1.14    0.00227443
-1.12    0.00230877
-1.1    0.00234421
-1.08    0.00238074
-1.06    0.0024184
-1.04    0.00245718
-1.02    0.00249711
-1    0.0025382
-0.98    0.00258048
-0.96    0.00262394
-0.94    0.00266863
-0.92    0.00271454
-0.9    0.00276171
-0.88    0.00281016
-0.86    0.00285991
-0.84    0.00291097
-0.82    0.00296339
-0.8    0.00301718
-0.78    0.00307237
-0.76    0.00312899
-0.74    0.00318707
-0.72    0.00324664
-0.7    0.00330772
-0.68    0.00337036
-0.66    0.00343458
-0.64    0.00350041
-0.62    0.0035679
-0.6    0.00363706
-0.58    0.00370795
-0.56    0.00378057
-0.54    0.00385498
-0.52    0.0039312
-0.5    0.00400926
-0.48    0.00408919
-0.46    0.00417102
-0.44    0.00425477
-0.42    0.00434047
-0.4    0.00442814
-0.38    0.00451779
-0.36    0.00460945
-0.34    0.00470311
-0.32    0.0047988
-0.3    0.00489651
-0.28    0.00499624
-0.26    0.00509798
-0.24    0.00520173
-0.22    0.00530745
-0.2    0.00541514
-0.18    0.00552474
-0.16    0.00563623
-0.14    0.00574955
-0.12    0.00586465
-0.1    0.00598145
-0.08    0.0060999
-0.06    0.00621989
-0.04    0.00634134
-0.02    0.00646413
-1.80342e-14    0.00658814
0.02    0.00671326
0.04    0.00683932
0.06    0.00696619
0.08    0.00709368
0.1    0.00722162
0.12    0.00734982
0.14    0.00747808
0.16    0.00760617
0.18    0.00773386
0.2    0.00786093
0.22    0.00798711
0.24    0.00811216
0.26    0.0082358
0.28    0.00835777
0.3    0.00847779
0.32    0.00859557
0.34    0.00871084
0.36    0.00882332
0.38    0.00893272
0.4    0.00903877
0.42    0.00914121
0.44    0.00923977
0.46    0.00933421
0.48    0.00942429
0.5    0.00950979
0.52    0.00959051
0.54    0.00966626
0.56    0.00973687
0.58    0.0098022
0.6    0.00986212
0.62    0.00991654
0.64    0.00996537
0.66    0.0100086
0.68    0.0100461
0.7    0.0100779
0.72    0.0101041
0.74    0.0101247
0.76    0.0101397
0.78    0.0101492
0.8    0.0101534
0.82    0.0101523
0.84    0.010146
0.86    0.0101349
0.88    0.0101189
0.9    0.0100983
0.92    0.0100733
0.94    0.010044
0.96    0.0100108
0.98    0.00997372
1    0.00993306
1.02    0.00988904
1.04    0.00984187
1.06    0.00979177
1.08    0.00973896
1.1    0.00968367
1.12    0.0096261
1.14    0.00956646
1.16    0.00950496
1.18    0.0094418
1.2    0.00937717
1.22    0.00931125
1.24    0.00924422
1.26    0.00917625
1.28    0.00910751
1.3    0.00903814
1.32    0.00896829
1.34    0.0088981
1.36    0.0088277
1.38    0.0087572
1.4    0.00868672
1.42    0.00861637
1.44    0.00854623
1.46    0.0084764
1.48    0.00840696
1.5    0.00833798
1.52    0.00826954
1.54    0.00820168
1.56    0.00813448
1.58    0.00806797
1.6    0.0080022
1.62    0.00793722
1.64    0.00787304
1.66    0.00780971
1.68    0.00774725
1.7    0.00768568
1.72    0.00762501
1.74    0.00756527
1.76    0.00750645
1.78    0.00744858
1.8    0.00739165
1.82    0.00733567
1.84    0.00728064
1.86    0.00722656
1.88    0.00717342
1.9    0.00712121
1.92    0.00706995
1.94    0.0070196
1.96    0.00697017
1.98    0.00692165
2    0.00687402
2.02    0.00682728
2.04    0.0067814
2.06    0.00673638
2.08    0.00669221
2.1    0.00664886
2.12    0.00660633
2.14    0.0065646
2.16    0.00652366
2.18    0.00648348
2.2    0.00644406
2.22    0.00640538
2.24    0.00636743
2.26    0.00633018
2.28    0.00629363
2.3    0.00625775
2.32    0.00622254
2.34    0.00618798
2.36    0.00615405
2.38    0.00612074
2.4    0.00608804
2.42    0.00605592
2.44    0.00602439
2.46    0.00599342
2.48    0.00596299
2.5    0.00593311
2.52    0.00590374
2.54    0.00587489
2.56    0.00584654
2.58    0.00581867
2.6    0.00579128
2.62    0.00576435
2.64    0.00573787
2.66    0.00571183
2.68    0.00568623
2.7    0.00566104
2.72    0.00563626
2.74    0.00561188
2.76    0.00558789
2.78    0.00556428
2.8    0.00554105
2.82    0.00551817
2.84    0.00549564
2.86    0.00547346
2.88    0.00545162
2.9    0.0054301
2.92    0.00540891
2.94    0.00538803
2.96    0.00536745
2.98    0.00534717
3    0.00532718
3.02    0.00530748
3.04    0.00528805
3.06    0.0052689
3.08    0.00525001
3.1    0.00523137
3.12    0.005213
3.14    0.00519487
3.16    0.00517698
3.18    0.00515932
3.2    0.0051419
3.22    0.00512471
3.24    0.00510773
3.26    0.00509098
3.28    0.00507443
3.3    0.00505809
3.32    0.00504196
3.34    0.00502602
3.36    0.00501028
3.38    0.00499473
3.4    0.00497936
3.42    0.00496418
3.44    0.00494918
3.46    0.00493435
3.48    0.0049197
3.5    0.00490521
3.52    0.00489089
3.54    0.00487673
3.56    0.00486274
3.58    0.00484889
3.6    0.00483521
3.62    0.00482167
3.64    0.00480828
3.66    0.00479503
3.68    0.00478193
3.7    0.00476897
3.72    0.00475615
3.74    0.00474346
3.76    0.0047309
3.78    0.00471848
3.8    0.00470618
3.82    0.00469401
3.84    0.00468197
3.86    0.00467005
3.88    0.00465824
3.9    0.00464656
3.92    0.004635
3.94    0.00462355
3.96    0.00461221
3.98    0.00460098
4    0.00458987
4.02    0.00457886
4.04    0.00456796
4.06    0.00455717
4.08    0.00454647
4.1    0.00453589
4.12    0.0045254
4.14    0.00451501
4.16    0.00450472
4.18    0.00449453
4.2    0.00448444
4.22    0.00447443
4.24    0.00446453
4.26    0.00445471
4.28    0.00444499
4.3    0.00443535
4.32    0.00442581
4.34    0.00441635
4.36    0.00440698
4.38    0.00439769
4.4    0.00438849
4.42    0.00437938
4.44    0.00437034
4.46    0.00436139
4.48    0.00435252
4.5    0.00434373
4.52    0.00433502
4.54    0.00432639
4.56    0.00431784
4.58    0.00430936
4.6    0.00430096
4.62    0.00429263
4.64    0.00428438
4.66    0.0042762
4.68    0.0042681
4.7    0.00426007
4.72    0.00425211
4.74    0.00424422
4.76    0.0042364
4.78    0.00422865
4.8    0.00422097
4.82    0.00421336
4.84    0.00420582
4.86    0.00419834
4.88    0.00419093
4.9    0.00418358
4.92    0.00417631
4.94    0.00416909
4.96    0.00416194
4.98    0.00415486
