-5    0.00079904
-4.98    0.000799991
-4.96    0.000800965
-4.94    0.000801962
-4.92    0.000802983
-4.9    0.000804028
-4.88    0.000805099
-4.86    0.000806195
-4.84    0.000807318
-4.82    0.000808469
-4.8    0.000809647
-4.78    0.000810855
-4.76    0.000812092
-4.74    0.00081336
-4.72    0.00081466
-4.7    0.000815992
-4.68    0.000817358
-4.66    0.000818758
-4.64    0.000820193
-4.62    0.000821665
-4.6    0.000823175
-4.58    0.000824724
-4.56    0.000826313
-4.54    0.000827943
-4.52    0.000829615
-4.5    0.000831332
-4.48    0.000833094
-4.46    0.000834902
-4.44    0.000836759
-4.42    0.000838665
-4.4    0.000840623
-4.38    0.000842634
-4.36    0.0008447
-4.34    0.000846822
-4.32    0.000849003
-4.3    0.000851244
-4.28    0.000853548
-4.26    0.000855916
-4.24    0.000858351
-4.22    0.000860856
-4.2    0.000863432
-4.18    0.000866082
-4.16    0.000868809
-4.14    0.000871615
-4.12    0.000874503
-4.1    0.000877477
-4.08    0.000880539
-4.06    0.000883693
-4.04    0.000886942
-4.02    0.00089029
-4    0.00089374
-3.98    0.000897296
-3.96    0.000900962
-3.94    0.000904743
-3.92    0.000908643
-3.9    0.000912667
-3.88    0.00091682
-3.86    0.000921106
-3.84    0.000925532
-3.82    0.000930103
-3.8    0.000934825
-3.78    0.000939704
-3.76    0.000944748
-3.74    0.000949962
-3.72    0.000955355
-3.7    0.000960934
-3.68    0.000966707
-3.66    0.000972683
-3.64    0.000978871
-3.62    0.000985281
-3.6    0.000991923
-3.58    0.000998807
-3.56    0.00100595
-3.54    0.00101335
-3.52    0.00102103
-3.5    0.00102901
-3.48    0.00103729
-3.46    0.00104589
-3.44    0.00105483
-3.42    0.00106413
-3.4    0.0010738
-3.38    0.00108386
-3.36    0.00109434
-3.34    0.00110525
-3.32    0.00111661
-3.3    0.00112846
-3.28    0.00114082
-3.26    0.00115372
-3.24    0.00116718
-3.22    0.00118125
-3.2    0.00119594
-3.18    0.00121131
-3.16    0.00122739
-3.14    0.00124421
-3.12    0.00126184
-3.1    0.0012803
-3.08    0.00129966
-3.06    0.00131997
-3.04    0.00134128
-3.02    0.00136366
-3    0.00138718
-2.98    0.0014119
-2.96    0.00143791
-2.94    0.00146529
-2.92    0.00149412
-2.9    0.00152449
-2.88    0.00155651
-2.86    0.00159029
-2.84    0.00162594
-2.82    0.00166358
-2.8    0.00170334
-2.78    0.00174537
-2.76    0.00178981
-2.74    0.00183682
-2.72    0.00188657
-2.7    0.00193924
-2.68    0.00199502
-2.66    0.00205412
-2.64    0.00211674
-2.62    0.00218312
-2.6    0.00225349
-2.58    0.00232811
-2.56    0.00240724
-2.54    0.00249115
-2.52    0.00258014
-2.5    0.0026745
-2.48    0.00277454
-2.46    0.00288059
-2.44    0.00299298
-2.42    0.00311203
-2.4    0.0032381
-2.38    0.00337153
-2.36    0.00351267
-2.34    0.00366186
-2.32    0.00381944
-2.3    0.00398576
-2.28    0.00416114
-2.26    0.00434588
-2.24    0.00454029
-2.22    0.00474464
-2.2    0.00495917
-2.18    0.00518411
-2.16    0.00541964
-2.14    0.00566593
-2.12    0.00592308
-2.1    0.00619117
-2.08    0.00647026
-2.06    0.00676032
-2.04    0.00706133
-2.02    0.00737319
-2    0.00769578
-1.98    0.00802894
-1.96    0.00837247
-1.94    0.00872616
-1.92    0.00908975
-1.9    0.00946296
-1.88    0.00984552
-1.86    0.0102371
-1.84    0.0106375
-1.82    0.0110463
-1.8    0.0114632
-1.78    0.0118881
-1.76    0.0123205
-1.74    0.0127603
-1.72    0.0132073
-1.7    0.0136613
-1.68    0.0141221
-1.66    0.0145895
-1.64    0.0150636
-1.62    0.0155442
-1.6    0.0160313
-1.58    0.0165249
-1.56    0.017025
-1.54    0.0175316
-1.52    0.0180448
-1.5    0.0185645
-1.48    0.0190908
-1.46    0.0196237
-1.44    0.0201633
-1.42    0.0207094
-1.4    0.0212621
-1.38    0.0218212
-1.36    0.0223866
-1.34    0.0229581
-1.32    0.0235356
-1.3    0.0241187
-1.28    0.0247071
-1.26    0.0253005
-1.24    0.0258985
-1.22    0.0265008
-1.2    0.0271069
-1.18    0.0277164
-1.16    0.028329
-1.14    0.0289443
-1.12    0.029562
-1.1    0.030182
-1.08    0.0308039
-1.06    0.0314278
-1.04    0.0320536
-1.02    0.0326813
-1    0.0333112
-0.98    0.0339433
-0.96    0.0345779
-0.94    0.0352152
-0.92    0.0358553
-0.9    0.0364983
-0.88    0.0371441
-0.86    0.0377925
-0.84    0.0384429
-0.82    0.0390945
-0.8    0.0397461
-0.78    0.0403963
-0.76    0.0410431
-0.74    0.0416841
-0.72    0.0423169
-0.7    0.0429386
-0.68    0.043546
-0.66    0.0441361
-0.64    0.0447059
-0.62    0.0452526
-0.6    0.0457736
-0.58    0.046267
-0.56    0.0467311
-0.54    0.0471649
-0.52    0.047568
-0.5    0.0479406
-0.48    0.0482831
-0.46    0.0485965
-0.44    0.0488821
-0.42    0.0491416
-0.4    0.0493765
-0.38    0.0495887
-0.36    0.0497799
-0.34    0.0499519
-0.32    0.0501064
-0.3    0.0502447
-0.28    0.0503683
-0.26    0.0504784
-0.24    0.050576
-0.22    0.0506618
-0.2    0.0507365
-0.18    0.0508007
-0.16    0.0508544
-0.14    0.0508979
-0.12    0.0509312
-0.1    0.0509538
-0.08    0.0509656
-0.06    0.0509661
-0.04    0.0509545
-0.02    0.0509301
-1.80342e-14    0.0508922
0.02    0.0508398
0.04    0.050772
0.06    0.0506877
0.08    0.0505859
0.1    0.0504656
0.12    0.0503258
0.14    0.0501655
0.16    0.0499838
0.18    0.04978
0.2    0.0495533
0.22    0.0493033
0.24    0.0490295
0.26    0.0487319
0.28    0.0484104
0.3    0.0480653
0.32    0.047697
0.34    0.0473062
0.36    0.0468936
0.38    0.0464604
0.4    0.0460076
0.42    0.0455365
0.44    0.0450486
0.46    0.0445453
0.48    0.044028
0.5    0.0434984
0.52    0.0429578
0.54    0.0424076
0.56    0.0418493
0.58    0.041284
0.6    0.0407129
0.62    0.0401372
0.64    0.0395576
0.66    0.038975
0.68    0.0383902
0.7    0.0378036
0.72    0.0372159
0.74    0.0366274
0.76    0.0360384
0.78    0.0354491
0.8    0.0348597
0.82    0.0342703
0.84    0.0336809
0.86    0.0330916
0.88    0.0325023
0.9    0.031913
0.92    0.0313236
0.94    0.0307341
0.96    0.0301444
0.98    0.0295544
1    0.0289641
1.02    0.0283734
1.04    0.0277823
1.06    0.0271908
1.08    0.0265989
1.1    0.0260066
1.12    0.0254141
1.14    0.0248214
1.16    0.0242287
1.18    0.0236361
1.2    0.0230439
1.22    0.0224523
1.24    0.0218617
1.26    0.0212722
1.28    0.0206844
1.3    0.0200985
1.32    0.019515
1.34    0.0189344
1.36    0.0183571
1.38    0.0177837
1.4    0.0172146
1.42    0.0166505
1.44    0.0160919
1.46    0.0155393
1.48    0.0149935
1.5    0.0144549
1.52    0.0139242
1.54    0.0134019
1.56    0.0128886
1.58    0.0123849
1.6    0.0118912
1.62    0.0114082
1.64    0.0109363
1.66    0.010476
1.68    0.0100275
1.7    0.00959143
1.72    0.00916796
1.74    0.00875742
1.76    0.00836004
1.78    0.00797599
1.8    0.0076054
1.82    0.00724836
1.84    0.0069049
1.86    0.00657499
1.88    0.00625859
1.9    0.00595556
1.92    0.00566577
1.94    0.00538901
1.96    0.00512505
1.98    0.00487363
2    0.00463446
2.02    0.0044072
2.04    0.00419152
2.06    0.00398705
2.08    0.0037934
2.1    0.00361019
2.12    0.00343701
2.14    0.00327345
2.16    0.0031191
2.18    0.00297355
2.2    0.0028364
2.22    0.00270724
2.24    0.00258567
2.26    0.00247131
2.28    0.00236377
2.3    0.00226269
2.32    0.00216772
2.34    0.00207851
2.36    0.00199474
2.38    0.00191609
2.4    0.00184225
2.42    0.00177296
2.44    0.00170792
2.46    0.00164689
2.48    0.00158962
2.5    0.00153588
2.52    0.00148545
2.54    0.00143813
2.56    0.00139373
2.58    0.00135205
2.6    0.00131294
2.62    0.00127623
2.64    0.00124177
2.66    0.00120943
2.68    0.00117907
2.7    0.00115057
2.72    0.00112382
2.74    0.00109871
2.76    0.00107514
2.78    0.00105301
2.8    0.00103224
2.82    0.00101276
2.84    0.000994472
2.86    0.00097732
2.88    0.000961235
2.9    0.000946155
2.92    0.000932023
2.94    0.000918786
2.96    0.000906393
2.98    0.000894797
3    0.000883955
3.02    0.000873827
3.04    0.000864372
3.06    0.000855557
3.08    0.000847346
3.1    0.000839709
3.12    0.000832616
3.14    0.000826039
3.16    0.000819952
3.18    0.000814329
3.2    0.000809148
3.22    0.000804386
3.24    0.000800023
3.26    0.000796038
3.28    0.000792414
3.3    0.000789131
3.32    0.000786174
3.34    0.000783525
3.36    0.000781169
3.38    0.000779092
3.4    0.00077728
3.42    0.000775718
3.44    0.000774394
3.46    0.000773295
3.48    0.000772409
3.5    0.000771725
3.52    0.000771232
3.54    0.000770918
3.56    0.000770774
3.58    0.00077079
3.6    0.000770956
3.62    0.000771263
3.64    0.000771702
3.66    0.000772265
3.68    0.000772943
3.7    0.000773728
3.72    0.000774614
3.74    0.000775591
3.76    0.000776655
3.78    0.000777797
3.8    0.000779011
3.82    0.000780291
3.84    0.000781631
3.86    0.000783025
3.88    0.000784467
3.9    0.000785953
3.92    0.000787477
3.94    0.000789033
3.96    0.000790618
3.98    0.000792227
4    0.000793855
4.02    0.000795498
4.04    0.000797153
4.06    0.000798814
4.08    0.00080048
4.1    0.000802145
4.12    0.000803808
4.14    0.000805464
4.16    0.000807111
4.18    0.000808745
4.2    0.000810365
4.22    0.000811967
4.24    0.00081355
4.26    0.000815111
4.28    0.000816647
4.3    0.000818158
4.32    0.000819642
4.34    0.000821097
4.36    0.000822521
4.38    0.000823913
4.4    0.000825272
4.42    0.000826598
4.44    0.000827889
4.46    0.000829145
4.48    0.000830365
4.5    0.000831548
4.52    0.000832695
4.54    0.000833805
4.56    0.000834877
4.58    0.000835913
4.6    0.000836912
4.62    0.000837874
4.64    0.000838799
4.66    0.000839689
4.68    0.000840542
4.7    0.00084136
4.72    0.000842143
4.74    0.000842892
4.76    0.000843607
4.78    0.000844289
4.8    0.000844939
4.82    0.000845557
4.84    0.000846145
4.86    0.000846702
4.88    0.000847229
4.9    0.000847729
4.92    0.0008482
4.94    0.000848645
4.96    0.000849063
4.98    0.000849456
