-5    0.869838
-4.98    0.869906
-4.96    0.869976
-4.94    0.870046
-4.92    0.870116
-4.9    0.870188
-4.88    0.87026
-4.86    0.870332
-4.84    0.870405
-4.82    0.870479
-4.8    0.870554
-4.78    0.870629
-4.76    0.870705
-4.74    0.870781
-4.72    0.870858
-4.7    0.870936
-4.68    0.871014
-4.66    0.871094
-4.64    0.871173
-4.62    0.871254
-4.6    0.871335
-4.58    0.871417
-4.56    0.8715
-4.54    0.871583
-4.52    0.871667
-4.5    0.871752
-4.48    0.871837
-4.46    0.871923
-4.44    0.87201
-4.42    0.872097
-4.4    0.872186
-4.38    0.872275
-4.36    0.872364
-4.34    0.872455
-4.32    0.872546
-4.3    0.872638
-4.28    0.87273
-4.26    0.872824
-4.24    0.872918
-4.22    0.873013
-4.2    0.873108
-4.18    0.873204
-4.16    0.873301
-4.14    0.873399
-4.12    0.873498
-4.1    0.873597
-4.08    0.873697
-4.06    0.873798
-4.04    0.8739
-4.02    0.874002
-4    0.874105
-3.98    0.874209
-3.96    0.874314
-3.94    0.874419
-3.92    0.874525
-3.9    0.874632
-3.88    0.87474
-3.86    0.874849
-3.84    0.874958
-3.82    0.875068
-3.8    0.875179
-3.78    0.875291
-3.76    0.875403
-3.74    0.875516
-3.72    0.87563
-3.7    0.875745
-3.68    0.87586
-3.66    0.875977
-3.64    0.876094
-3.62    0.876212
-3.6    0.87633
-3.58    0.87645
-3.56    0.87657
-3.54    0.876691
-3.52    0.876813
-3.5    0.876936
-3.48    0.877059
-3.46    0.877183
-3.44    0.877308
-3.42    0.877434
-3.4    0.87756
-3.38    0.877688
-3.36    0.877816
-3.34    0.877945
-3.32    0.878074
-3.3    0.878205
-3.28    0.878336
-3.26    0.878468
-3.24    0.8786
-3.22    0.878734
-3.2    0.878868
-3.18    0.879003
-3.16    0.879139
-3.14    0.879276
-3.12    0.879413
-3.1    0.879551
-3.08    0.87969
-3.06    0.87983
-3.04    0.87997
-3.02    0.880111
-3    0.880253
-2.98    0.880396
-2.96    0.88054
-2.94    0.880684
-2.92    0.880829
-2.9    0.880974
-2.88    0.881121
-2.86    0.881268
-2.84    0.881416
-2.82    0.881565
-2.8    0.881714
-2.78    0.881865
-2.76    0.882016
-2.74    0.882167
-2.72    0.88232
-2.7    0.882473
-2.68    0.882627
-2.66    0.882782
-2.64    0.882937
-2.62    0.883093
-2.6    0.88325
-2.58    0.883408
-2.56    0.883566
-2.54    0.883725
-2.52    0.883885
-2.5    0.884046
-2.48    0.884207
-2.46    0.88437
-2.44    0.884533
-2.42    0.884696
-2.4    0.884861
-2.38    0.885026
-2.36    0.885192
-2.34    0.885359
-2.32    0.885527
-2.3    0.885695
-2.28    0.885865
-2.26    0.886035
-2.24    0.886206
-2.22    0.886377
-2.2    0.88655
-2.18    0.886724
-2.16    0.886898
-2.14    0.887073
-2.12    0.88725
-2.1    0.887427
-2.08    0.887605
-2.06    0.887784
-2.04    0.887964
-2.02    0.888145
-2    0.888327
-1.98    0.888511
-1.96    0.888695
-1.94    0.88888
-1.92    0.889067
-1.9    0.889255
-1.88    0.889444
-1.86    0.889634
-1.84    0.889826
-1.82    0.890019
-1.8    0.890213
-1.78    0.890409
-1.76    0.890607
-1.74    0.890806
-1.72    0.891006
-1.7    0.891209
-1.68    0.891413
-1.66    0.891619
-1.64    0.891826
-1.62    0.892036
-1.6    0.892248
-1.58    0.892462
-1.56    0.892678
-1.54    0.892897
-1.52    0.893118
-1.5    0.893342
-1.48    0.893568
-1.46    0.893797
-1.44    0.894029
-1.42    0.894265
-1.4    0.894503
-1.38    0.894745
-1.36    0.89499
-1.34    0.895239
-1.32    0.895491
-1.3    0.895748
-1.28    0.896009
-1.26    0.896274
-1.24    0.896544
-1.22    0.896819
-1.2    0.897099
-1.18    0.897384
-1.16    0.897675
-1.14    0.897971
-1.12    0.898273
-1.1    0.898582
-1.08    0.898898
-1.06    0.89922
-1.04    0.89955
-1.02    0.899887
-1    0.900232
-0.98    0.900585
-0.96    0.900947
-0.94    0.901317
-0.92    0.901698
-0.9    0.902088
-0.88    0.902488
-0.86    0.902898
-0.84    0.90332
-0.82    0.903753
-0.8    0.904198
-0.78    0.904655
-0.76    0.905125
-0.74    0.905609
-0.72    0.906106
-0.7    0.906618
-0.68    0.907144
-0.66    0.907686
-0.64    0.908243
-0.62    0.908817
-0.6    0.909407
-0.58    0.910014
-0.56    0.910639
-0.54    0.911283
-0.52    0.911945
-0.5    0.912626
-0.48    0.913326
-0.46    0.914046
-0.44    0.914786
-0.42    0.915547
-0.4    0.916329
-0.38    0.917131
-0.36    0.917955
-0.34    0.9188
-0.32    0.919666
-0.3    0.920554
-0.28    0.921463
-0.26    0.922394
-0.24    0.923345
-0.22    0.924318
-0.2    0.92531
-0.18    0.926323
-0.16    0.927355
-0.14    0.928406
-0.12    0.929475
-0.1    0.930561
-0.08    0.931664
-0.06    0.932782
-0.04    0.933914
-0.02    0.93506
-1.80342e-14    0.936217
0.02    0.937384
0.04    0.938561
0.06    0.939745
0.08    0.940934
0.1    0.942128
0.12    0.943324
0.14    0.944521
0.16    0.945717
0.18    0.94691
0.2    0.948099
0.22    0.949281
0.24    0.950455
0.26    0.951619
0.28    0.952771
0.3    0.953911
0.32    0.955035
0.34    0.956143
0.36    0.957234
0.38    0.958306
0.4    0.959357
0.42    0.960387
0.44    0.961395
0.46    0.962379
0.48    0.963339
0.5    0.964275
0.52    0.965185
0.54    0.96607
0.56    0.966929
0.58    0.967761
0.6    0.968567
0.62    0.969347
0.64    0.9701
0.66    0.970827
0.68    0.971528
0.7    0.972203
0.72    0.972853
0.74    0.973478
0.76    0.974079
0.78    0.974656
0.8    0.975209
0.82    0.97574
0.84    0.976248
0.86    0.976735
0.88    0.977201
0.9    0.977647
0.92    0.978074
0.94    0.978481
0.96    0.978871
0.98    0.979243
1    0.979598
1.02    0.979937
1.04    0.980261
1.06    0.980569
1.08    0.980864
1.1    0.981145
1.12    0.981412
1.14    0.981668
1.16    0.981911
1.18    0.982143
1.2    0.982364
1.22    0.982575
1.24    0.982776
1.26    0.982967
1.28    0.98315
1.3    0.983323
1.32    0.983489
1.34    0.983647
1.36    0.983798
1.38    0.983941
1.4    0.984078
1.42    0.984209
1.44    0.984333
1.46    0.984452
1.48    0.984566
1.5    0.984674
1.52    0.984777
1.54    0.984875
1.56    0.98497
1.58    0.985059
1.6    0.985145
1.62    0.985227
1.64    0.985305
1.66    0.98538
1.68    0.985452
1.7    0.98552
1.72    0.985586
1.74    0.985649
1.76    0.985709
1.78    0.985766
1.8    0.985821
1.82    0.985874
1.84    0.985925
1.86    0.985973
1.88    0.98602
1.9    0.986064
1.92    0.986107
1.94    0.986149
1.96    0.986188
1.98    0.986226
2    0.986263
2.02    0.986298
2.04    0.986332
2.06    0.986364
2.08    0.986396
2.1    0.986426
2.12    0.986455
2.14    0.986484
2.16    0.986511
2.18    0.986537
2.2    0.986562
2.22    0.986587
2.24    0.986611
2.26    0.986633
2.28    0.986656
2.3    0.986677
2.32    0.986698
2.34    0.986718
2.36    0.986738
2.38    0.986757
2.4    0.986775
2.42    0.986793
2.44    0.98681
2.46    0.986827
2.48    0.986844
2.5    0.986859
2.52    0.986875
2.54    0.98689
2.56    0.986905
2.58    0.986919
2.6    0.986933
2.62    0.986947
2.64    0.98696
2.66    0.986973
2.68    0.986986
2.7    0.986998
2.72    0.98701
2.74    0.987022
2.76    0.987034
2.78    0.987045
2.8    0.987056
2.82    0.987067
2.84    0.987078
2.86    0.987088
2.88    0.987098
2.9    0.987108
2.92    0.987118
2.94    0.987128
2.96    0.987137
2.98    0.987147
3    0.987156
3.02    0.987165
3.04    0.987173
3.06    0.987182
3.08    0.987191
3.1    0.987199
3.12    0.987207
3.14    0.987215
3.16    0.987223
3.18    0.987231
3.2    0.987239
3.22    0.987246
3.24    0.987254
3.26    0.987261
3.28    0.987268
3.3    0.987275
3.32    0.987282
3.34    0.987289
3.36    0.987296
3.38    0.987303
3.4    0.987309
3.42    0.987316
3.44    0.987322
3.46    0.987329
3.48    0.987335
3.5    0.987341
3.52    0.987347
3.54    0.987353
3.56    0.987359
3.58    0.987365
3.6    0.987371
3.62    0.987376
3.64    0.987382
3.66    0.987388
3.68    0.987393
3.7    0.987399
3.72    0.987404
3.74    0.987409
3.76    0.987414
3.78    0.987419
3.8    0.987425
3.82    0.98743
3.84    0.987435
3.86    0.987439
3.88    0.987444
3.9    0.987449
3.92    0.987454
3.94    0.987458
3.96    0.987463
3.98    0.987468
4    0.987472
4.02    0.987477
4.04    0.987481
4.06    0.987485
4.08    0.98749
4.1    0.987494
4.12    0.987498
4.14    0.987502
4.16    0.987506
4.18    0.98751
4.2    0.987514
4.22    0.987518
4.24    0.987522
4.26    0.987526
4.28    0.98753
4.3    0.987534
4.32    0.987538
4.34    0.987541
4.36    0.987545
4.38    0.987548
4.4    0.987552
4.42    0.987556
4.44    0.987559
4.46    0.987563
4.48    0.987566
4.5    0.987569
4.52    0.987573
4.54    0.987576
4.56    0.987579
4.58    0.987582
4.6    0.987586
4.62    0.987589
4.64    0.987592
4.66    0.987595
4.68    0.987598
4.7    0.987601
4.72    0.987604
4.74    0.987607
4.76    0.98761
4.78    0.987613
4.8    0.987616
4.82    0.987618
4.84    0.987621
4.86    0.987624
4.88    0.987627
4.9    0.987629
4.92    0.987632
4.94    0.987635
4.96    0.987637
4.98    0.98764
