-5    0.00377841
-4.98    0.0037774
-4.96    0.00377641
-4.94    0.00377543
-4.92    0.00377446
-4.9    0.00377351
-4.88    0.00377256
-4.86    0.00377163
-4.84    0.00377071
-4.82    0.00376981
-4.8    0.00376892
-4.78    0.00376805
-4.76    0.00376718
-4.74    0.00376634
-4.72    0.00376551
-4.7    0.0037647
-4.68    0.0037639
-4.66    0.00376312
-4.64    0.00376235
-4.62    0.00376161
-4.6    0.00376088
-4.58    0.00376017
-4.56    0.00375948
-4.54    0.00375882
-4.52    0.00375817
-4.5    0.00375754
-4.48    0.00375693
-4.46    0.00375635
-4.44    0.00375579
-4.42    0.00375525
-4.4    0.00375474
-4.38    0.00375425
-4.36    0.00375378
-4.34    0.00375335
-4.32    0.00375294
-4.3    0.00375256
-4.28    0.0037522
-4.26    0.00375188
-4.24    0.00375159
-4.22    0.00375133
-4.2    0.0037511
-4.18    0.0037509
-4.16    0.00375074
-4.14    0.00375062
-4.12    0.00375053
-4.1    0.00375048
-4.08    0.00375047
-4.06    0.0037505
-4.04    0.00375056
-4.02    0.00375068
-4    0.00375083
-3.98    0.00375104
-3.96    0.00375128
-3.94    0.00375158
-3.92    0.00375193
-3.9    0.00375233
-3.88    0.00375278
-3.86    0.00375328
-3.84    0.00375385
-3.82    0.00375447
-3.8    0.00375515
-3.78    0.0037559
-3.76    0.00375671
-3.74    0.00375758
-3.72    0.00375853
-3.7    0.00375954
-3.68    0.00376063
-3.66    0.00376179
-3.64    0.00376304
-3.62    0.00376436
-3.6    0.00376577
-3.58    0.00376726
-3.56    0.00376885
-3.54    0.00377053
-3.52    0.0037723
-3.5    0.00377417
-3.48    0.00377614
-3.46    0.00377822
-3.44    0.00378041
-3.42    0.00378272
-3.4    0.00378514
-3.38    0.00378768
-3.36    0.00379035
-3.34    0.00379314
-3.32    0.00379608
-3.3    0.00379915
-3.28    0.00380237
-3.26    0.00380574
-3.24    0.00380926
-3.22    0.00381294
-3.2    0.00381679
-3.18    0.00382081
-3.16    0.00382501
-3.14    0.0038294
-3.12    0.00383398
-3.1    0.00383876
-3.08    0.00384375
-3.06    0.00384895
-3.04    0.00385437
-3.02    0.00386002
-3    0.00386592
-2.98    0.00387206
-2.96    0.00387846
-2.94    0.00388513
-2.92    0.00389208
-2.9    0.00389932
-2.88    0.00390686
-2.86    0.00391472
-2.84    0.00392289
-2.82    0.00393141
-2.8    0.00394028
-2.78    0.00394951
-2.76    0.00395913
-2.74    0.00396914
-2.72    0.00397956
-2.7    0.00399041
-2.68    0.00400171
-2.66    0.00401347
-2.64    0.00402572
-2.62    0.00403847
-2.6    0.00405175
-2.58    0.00406558
-2.56    0.00407998
-2.54    0.00409498
-2.52    0.0041106
-2.5    0.00412688
-2.48    0.00414383
-2.46    0.0041615
-2.44    0.00417991
-2.42    0.00419909
-2.4    0.00421909
-2.38    0.00423993
-2.36    0.00426166
-2.34    0.00428432
-2.32    0.00430795
-2.3    0.0043326
-2.28    0.00435832
-2.26    0.00438516
-2.24    0.00441318
-2.22    0.00444242
-2.2    0.00447295
-2.18    0.00450485
-2.16    0.00453816
-2.14    0.00457297
-2.12    0.00460936
-2.1    0.00464739
-2.08    0.00468717
-2.06    0.00472878
-2.04    0.00477231
-2.02    0.00481787
-2    0.00486557
-1.98    0.00491553
-1.96    0.00496786
-1.94    0.0050227
-1.92    0.00508018
-1.9    0.00514046
-1.88    0.00520369
-1.86    0.00527004
-1.84    0.00533968
-1.82    0.00541281
-1.8    0.00548963
-1.78    0.00557036
-1.76    0.00565521
-1.74    0.00574444
-1.72    0.00583831
-1.7    0.00593709
-1.68    0.00604108
-1.66    0.00615059
-1.64    0.00626597
-1.62    0.00638756
-1.6    0.00651574
-1.58    0.00665093
-1.56    0.00679356
-1.54    0.00694408
-1.52    0.00710297
-1.5    0.00727077
-1.48    0.00744803
-1.46    0.00763532
-1.44    0.00783327
-1.42    0.00804254
-1.4    0.00826383
-1.38    0.00849788
-1.36    0.00874547
-1.34    0.00900742
-1.32    0.00928461
-1.3    0.00957796
-1.28    0.00988842
-1.26    0.010217
-1.24    0.0105648
-1.22    0.0109329
-1.2    0.0113224
-1.18    0.0117347
-1.16    0.0121708
-1.14    0.0126322
-1.12    0.0131201
-1.1    0.0136361
-1.08    0.0141814
-1.06    0.0147575
-1.04    0.015366
-1.02    0.0160084
-1    0.0166863
-0.98    0.0174011
-0.96    0.0181545
-0.94    0.0189481
-0.92    0.0197834
-0.9    0.020662
-0.88    0.0215855
-0.86    0.0225554
-0.84    0.0235732
-0.82    0.0246404
-0.8    0.0257584
-0.78    0.0269285
-0.76    0.028152
-0.74    0.0294302
-0.72    0.0307642
-0.7    0.032155
-0.68    0.0336036
-0.66    0.0351109
-0.64    0.0366776
-0.62    0.0383043
-0.6    0.0399916
-0.58    0.0417398
-0.56    0.0435493
-0.54    0.04542
-0.52    0.047352
-0.5    0.0493452
-0.48    0.0513992
-0.46    0.0535135
-0.44    0.0556876
-0.42    0.0579207
-0.4    0.0602118
-0.38    0.0625598
-0.36    0.0649636
-0.34    0.0674216
-0.32    0.0699324
-0.3    0.0724942
-0.28    0.0751051
-0.26    0.0777631
-0.24    0.0804661
-0.22    0.0832118
-0.2    0.0859976
-0.18    0.0888211
-0.16    0.0916796
-0.14    0.0945703
-0.12    0.0974903
-0.1    0.100437
-0.08    0.103407
-0.06    0.106397
-0.04    0.109404
-0.02    0.112426
-1.80342e-14    0.115458
0.02    0.118498
0.04    0.121543
0.06    0.124589
0.08    0.127634
0.1    0.130674
0.12    0.133706
0.14    0.136728
0.16    0.139737
0.18    0.142729
0.2    0.145703
0.22    0.148656
0.24    0.151585
0.26    0.154488
0.28    0.157364
0.3    0.160209
0.32    0.163022
0.34    0.165801
0.36    0.168545
0.38    0.171252
0.4    0.173921
0.42    0.17655
0.44    0.179139
0.46    0.181686
0.48    0.18419
0.5    0.186651
0.52    0.189068
0.54    0.19144
0.56    0.193767
0.58    0.196049
0.6    0.198286
0.62    0.200476
0.64    0.202621
0.66    0.20472
0.68    0.206773
0.7    0.20878
0.72    0.210743
0.74    0.212659
0.76    0.214531
0.78    0.216359
0.8    0.218143
0.82    0.219883
0.84    0.22158
0.86    0.223234
0.88    0.224846
0.9    0.226417
0.92    0.227948
0.94    0.229438
0.96    0.230889
0.98    0.232301
1    0.233675
1.02    0.235011
1.04    0.236311
1.06    0.237575
1.08    0.238804
1.1    0.239999
1.12    0.241159
1.14    0.242287
1.16    0.243382
1.18    0.244446
1.2    0.245479
1.22    0.246482
1.24    0.247455
1.26    0.2484
1.28    0.249317
1.3    0.250206
1.32    0.251069
1.34    0.251905
1.36    0.252717
1.38    0.253504
1.4    0.254267
1.42    0.255006
1.44    0.255723
1.46    0.256417
1.48    0.25709
1.5    0.257742
1.52    0.258374
1.54    0.258985
1.56    0.259578
1.58    0.260151
1.6    0.260707
1.62    0.261245
1.64    0.261765
1.66    0.262269
1.68    0.262757
1.7    0.263228
1.72    0.263685
1.74    0.264127
1.76    0.264554
1.78    0.264967
1.8    0.265366
1.82    0.265753
1.84    0.266126
1.86    0.266487
1.88    0.266836
1.9    0.267174
1.92    0.2675
1.94    0.267815
1.96    0.268119
1.98    0.268413
2    0.268697
2.02    0.268971
2.04    0.269235
2.06    0.269491
2.08    0.269737
2.1    0.269976
2.12    0.270205
2.14    0.270427
2.16    0.270641
2.18    0.270847
2.2    0.271046
2.22    0.271237
2.24    0.271422
2.26    0.2716
2.28    0.271772
2.3    0.271937
2.32    0.272096
2.34    0.27225
2.36    0.272397
2.38    0.272539
2.4    0.272676
2.42    0.272808
2.44    0.272934
2.46    0.273056
2.48    0.273173
2.5    0.273285
2.52    0.273393
2.54    0.273497
2.56    0.273596
2.58    0.273692
2.6    0.273783
2.62    0.273871
2.64    0.273955
2.66    0.274036
2.68    0.274113
2.7    0.274187
2.72    0.274258
2.74    0.274325
2.76    0.27439
2.78    0.274452
2.8    0.274511
2.82    0.274567
2.84    0.27462
2.86    0.274672
2.88    0.27472
2.9    0.274766
2.92    0.27481
2.94    0.274852
2.96    0.274891
2.98    0.274929
3    0.274964
3.02    0.274997
3.04    0.275029
3.06    0.275058
3.08    0.275086
3.1    0.275113
3.12    0.275137
3.14    0.27516
3.16    0.275181
3.18    0.275201
3.2    0.27522
3.22    0.275237
3.24    0.275252
3.26    0.275267
3.28    0.27528
3.3    0.275292
3.32    0.275302
3.34    0.275312
3.36    0.27532
3.38    0.275327
3.4    0.275334
3.42    0.275339
3.44    0.275343
3.46    0.275347
3.48    0.275349
3.5    0.275351
3.52    0.275351
3.54    0.275351
3.56    0.275351
3.58    0.275349
3.6    0.275347
3.62    0.275344
3.64    0.27534
3.66    0.275335
3.68    0.27533
3.7    0.275325
3.72    0.275318
3.74    0.275312
3.76    0.275304
3.78    0.275296
3.8    0.275288
3.82    0.275279
3.84    0.27527
3.86    0.27526
3.88    0.275249
3.9    0.275239
3.92    0.275227
3.94    0.275216
3.96    0.275204
3.98    0.275192
4    0.275179
4.02    0.275166
4.04    0.275152
4.06    0.275139
4.08    0.275125
4.1    0.27511
4.12    0.275096
4.14    0.275081
4.16    0.275066
4.18    0.27505
4.2    0.275035
4.22    0.275019
4.24    0.275003
4.26    0.274987
4.28    0.27497
4.3    0.274953
4.32    0.274936
4.34    0.274919
4.36    0.274902
4.38    0.274885
4.4    0.274867
4.42    0.274849
4.44    0.274831
4.46    0.274813
4.48    0.274795
4.5    0.274777
4.52    0.274758
4.54    0.27474
4.56    0.274721
4.58    0.274702
4.6    0.274683
4.62    0.274664
4.64    0.274645
4.66    0.274626
4.68    0.274607
4.7    0.274588
4.72    0.274568
4.74    0.274549
4.76    0.274529
4.78    0.27451
4.8    0.27449
4.82    0.27447
4.84    0.274451
4.86    0.274431
4.88    0.274411
4.9    0.274391
4.92    0.274371
4.94    0.274351
4.96    0.274331
4.98    0.274311
