-5    0.168717
-4.98    0.168717
-4.96    0.168717
-4.94    0.168717
-4.92    0.168717
-4.9    0.168717
-4.88    0.168718
-4.86    0.168718
-4.84    0.168718
-4.82    0.168718
-4.8    0.168718
-4.78    0.168718
-4.76    0.168718
-4.74    0.168718
-4.72    0.168718
-4.7    0.168718
-4.68    0.168719
-4.66    0.168719
-4.64    0.168719
-4.62    0.168719
-4.6    0.168719
-4.58    0.168719
-4.56    0.16872
-4.54    0.16872
-4.52    0.16872
-4.5    0.16872
-4.48    0.16872
-4.46    0.168721
-4.44    0.168721
-4.42    0.168721
-4.4    0.168722
-4.38    0.168722
-4.36    0.168722
-4.34    0.168723
-4.32    0.168723
-4.3    0.168723
-4.28    0.168724
-4.26    0.168724
-4.24    0.168725
-4.22    0.168725
-4.2    0.168726
-4.18    0.168726
-4.16    0.168727
-4.14    0.168727
-4.12    0.168728
-4.1    0.168729
-4.08    0.168729
-4.06    0.16873
-4.04    0.168731
-4.02    0.168732
-4    0.168733
-3.98    0.168734
-3.96    0.168735
-3.94    0.168736
-3.92    0.168737
-3.9    0.168738
-3.88    0.168739
-3.86    0.168741
-3.84    0.168742
-3.82    0.168744
-3.8    0.168745
-3.78    0.168747
-3.76    0.168749
-3.74    0.168751
-3.72    0.168752
-3.7    0.168755
-3.68    0.168757
-3.66    0.168759
-3.64    0.168762
-3.62    0.168764
-3.6    0.168767
-3.58    0.16877
-3.56    0.168773
-3.54    0.168776
-3.52    0.16878
-3.5    0.168784
-3.48    0.168787
-3.46    0.168792
-3.44    0.168796
-3.42    0.1688
-3.4    0.168805
-3.38    0.16881
-3.36    0.168816
-3.34    0.168822
-3.32    0.168828
-3.3    0.168834
-3.28    0.168841
-3.26    0.168848
-3.24    0.168856
-3.22    0.168864
-3.2    0.168872
-3.18    0.168881
-3.16    0.168891
-3.14    0.168901
-3.12    0.168912
-3.1    0.168923
-3.08    0.168935
-3.06    0.168948
-3.04    0.168961
-3.02    0.168975
-3    0.16899
-2.98    0.169006
-2.96    0.169023
-2.94    0.16904
-2.92    0.169059
-2.9    0.169079
-2.88    0.1691
-2.86    0.169122
-2.84    0.169145
-2.82    0.16917
-2.8    0.169196
-2.78    0.169224
-2.76    0.169253
-2.74    0.169284
-2.72    0.169317
-2.7    0.169352
-2.68    0.169388
-2.66    0.169427
-2.64    0.169468
-2.62    0.169512
-2.6    0.169557
-2.58    0.169606
-2.56    0.169657
-2.54    0.169712
-2.52    0.169769
-2.5    0.16983
-2.48    0.169894
-2.46    0.169962
-2.44    0.170034
-2.42    0.17011
-2.4    0.17019
-2.38    0.170276
-2.36    0.170365
-2.34    0.170461
-2.32    0.170561
-2.3    0.170668
-2.28    0.17078
-2.26    0.170899
-2.24    0.171025
-2.22    0.171158
-2.2    0.171299
-2.18    0.171447
-2.16    0.171605
-2.14    0.171771
-2.12    0.171947
-2.1    0.172133
-2.08    0.17233
-2.06    0.172538
-2.04    0.172757
-2.02    0.17299
-2    0.173236
-1.98    0.173495
-1.96    0.17377
-1.94    0.17406
-1.92    0.174367
-1.9    0.174692
-1.88    0.175034
-1.86    0.175397
-1.84    0.17578
-1.82    0.176185
-1.8    0.176612
-1.78    0.177064
-1.76    0.177542
-1.74    0.178046
-1.72    0.178579
-1.7    0.179142
-1.68    0.179737
-1.66    0.180365
-1.64    0.181029
-1.62    0.181729
-1.6    0.182469
-1.58    0.18325
-1.56    0.184074
-1.54    0.184944
-1.52    0.185863
-1.5    0.186832
-1.48    0.187854
-1.46    0.188933
-1.44    0.19007
-1.42    0.191269
-1.4    0.192534
-1.38    0.193866
-1.36    0.195271
-1.34    0.19675
-1.32    0.198309
-1.3    0.19995
-1.28    0.201677
-1.26    0.203495
-1.24    0.205407
-1.22    0.207418
-1.2    0.209532
-1.18    0.211753
-1.16    0.214086
-1.14    0.216535
-1.12    0.219105
-1.1    0.2218
-1.08    0.224624
-1.06    0.227583
-1.04    0.23068
-1.02    0.233921
-1    0.237308
-0.98    0.240846
-0.96    0.244539
-0.94    0.248391
-0.92    0.252403
-0.9    0.25658
-0.88    0.260923
-0.86    0.265434
-0.84    0.270115
-0.82    0.274965
-0.8    0.279986
-0.78    0.285176
-0.76    0.290534
-0.74    0.296057
-0.72    0.301742
-0.7    0.307585
-0.68    0.313581
-0.66    0.319723
-0.64    0.326006
-0.62    0.33242
-0.6    0.338957
-0.58    0.345607
-0.56    0.352359
-0.54    0.359202
-0.52    0.366124
-0.5    0.373112
-0.48    0.380152
-0.46    0.387231
-0.44    0.394334
-0.42    0.401448
-0.4    0.408558
-0.38    0.41565
-0.36    0.422709
-0.34    0.429722
-0.32    0.436675
-0.3    0.443556
-0.28    0.450352
-0.26    0.457051
-0.24    0.463644
-0.22    0.470119
-0.2    0.476469
-0.18    0.482683
-0.16    0.488757
-0.14    0.494682
-0.12    0.500454
-0.1    0.506068
-0.08    0.511521
-0.06    0.51681
-0.04    0.521932
-0.02    0.526887
-1.80342e-14    0.531675
0.02    0.536295
0.04    0.540749
0.06    0.545037
0.08    0.549162
0.1    0.553126
0.12    0.556931
0.14    0.560582
0.16    0.564081
0.18    0.567431
0.2    0.570638
0.22    0.573704
0.24    0.576634
0.26    0.579433
0.28    0.582104
0.3    0.584652
0.32    0.587081
0.34    0.589395
0.36    0.5916
0.38    0.593699
0.4    0.595696
0.42    0.597595
0.44    0.599402
0.46    0.601119
0.48    0.60275
0.5    0.6043
0.52    0.605771
0.54    0.607168
0.56    0.608494
0.58    0.609752
0.6    0.610945
0.62    0.612076
0.64    0.613149
0.66    0.614167
0.68    0.615131
0.7    0.616044
0.72    0.61691
0.74    0.61773
0.76    0.618507
0.78    0.619242
0.8    0.619939
0.82    0.620598
0.84    0.621223
0.86    0.621814
0.88    0.622373
0.9    0.622903
0.92    0.623404
0.94    0.623878
0.96    0.624326
0.98    0.624751
1    0.625152
1.02    0.625532
1.04    0.625891
1.06    0.626231
1.08    0.626552
1.1    0.626856
1.12    0.627143
1.14    0.627415
1.16    0.627672
1.18    0.627915
1.2    0.628145
1.22    0.628362
1.24    0.628567
1.26    0.628761
1.28    0.628945
1.3    0.629118
1.32    0.629282
1.34    0.629437
1.36    0.629584
1.38    0.629722
1.4    0.629853
1.42    0.629977
1.44    0.630094
1.46    0.630205
1.48    0.630309
1.5    0.630408
1.52    0.630501
1.54    0.630589
1.56    0.630673
1.58    0.630752
1.6    0.630826
1.62    0.630896
1.64    0.630963
1.66    0.631026
1.68    0.631085
1.7    0.631141
1.72    0.631194
1.74    0.631244
1.76    0.631292
1.78    0.631337
1.8    0.631379
1.82    0.631419
1.84    0.631457
1.86    0.631492
1.88    0.631526
1.9    0.631558
1.92    0.631588
1.94    0.631617
1.96    0.631643
1.98    0.631669
2    0.631693
2.02    0.631716
2.04    0.631737
2.06    0.631757
2.08    0.631776
2.1    0.631794
2.12    0.631812
2.14    0.631828
2.16    0.631843
2.18    0.631857
2.2    0.631871
2.22    0.631884
2.24    0.631896
2.26    0.631908
2.28    0.631918
2.3    0.631929
2.32    0.631938
2.34    0.631948
2.36    0.631956
2.38    0.631964
2.4    0.631972
2.42    0.631979
2.44    0.631986
2.46    0.631993
2.48    0.631999
2.5    0.632005
2.52    0.63201
2.54    0.632016
2.56    0.632021
2.58    0.632025
2.6    0.63203
2.62    0.632034
2.64    0.632038
2.66    0.632041
2.68    0.632045
2.7    0.632048
2.72    0.632051
2.74    0.632054
2.76    0.632057
2.78    0.63206
2.8    0.632062
2.82    0.632064
2.84    0.632067
2.86    0.632069
2.88    0.632071
2.9    0.632073
2.92    0.632074
2.94    0.632076
2.96    0.632078
2.98    0.632079
3    0.632081
3.02    0.632082
3.04    0.632083
3.06    0.632084
3.08    0.632086
3.1    0.632087
3.12    0.632088
3.14    0.632089
3.16    0.632089
3.18    0.63209
3.2    0.632091
3.22    0.632092
3.24    0.632093
3.26    0.632093
3.28    0.632094
3.3    0.632094
3.32    0.632095
3.34    0.632096
3.36    0.632096
3.38    0.632097
3.4    0.632097
3.42    0.632097
3.44    0.632098
3.46    0.632098
3.48    0.632099
3.5    0.632099
3.52    0.632099
3.54    0.6321
3.56    0.6321
3.58    0.6321
3.6    0.6321
3.62    0.632101
3.64    0.632101
3.66    0.632101
3.68    0.632101
3.7    0.632102
3.72    0.632102
3.74    0.632102
3.76    0.632102
3.78    0.632102
3.8    0.632102
3.82    0.632102
3.84    0.632103
3.86    0.632103
3.88    0.632103
3.9    0.632103
3.92    0.632103
3.94    0.632103
3.96    0.632103
3.98    0.632103
4    0.632103
4.02    0.632104
4.04    0.632104
4.06    0.632104
4.08    0.632104
4.1    0.632104
4.12    0.632104
4.14    0.632104
4.16    0.632104
4.18    0.632104
4.2    0.632104
4.22    0.632104
4.24    0.632104
4.26    0.632104
4.28    0.632104
4.3    0.632104
4.32    0.632104
4.34    0.632104
4.36    0.632104
4.38    0.632104
4.4    0.632104
4.42    0.632104
4.44    0.632104
4.46    0.632104
4.48    0.632104
4.5    0.632105
4.52    0.632105
4.54    0.632105
4.56    0.632105
4.58    0.632105
4.6    0.632105
4.62    0.632105
4.64    0.632105
4.66    0.632105
4.68    0.632105
4.7    0.632105
4.72    0.632105
4.74    0.632105
4.76    0.632105
4.78    0.632105
4.8    0.632105
4.82    0.632105
4.84    0.632105
4.86    0.632105
4.88    0.632105
4.9    0.632105
4.92    0.632105
4.94    0.632105
4.96    0.632105
4.98    0.632105
