-5    0.038963
-4.98    0.0390173
-4.96    0.0390722
-4.94    0.0391277
-4.92    0.0391839
-4.9    0.0392407
-4.88    0.0392983
-4.86    0.0393565
-4.84    0.0394154
-4.82    0.0394751
-4.8    0.0395355
-4.78    0.0395967
-4.76    0.0396586
-4.74    0.0397214
-4.72    0.0397849
-4.7    0.0398493
-4.68    0.0399146
-4.66    0.0399807
-4.64    0.0400477
-4.62    0.0401157
-4.6    0.0401846
-4.58    0.0402544
-4.56    0.0403253
-4.54    0.0403971
-4.52    0.04047
-4.5    0.040544
-4.48    0.0406191
-4.46    0.0406952
-4.44    0.0407726
-4.42    0.0408511
-4.4    0.0409308
-4.38    0.0410117
-4.36    0.0410939
-4.34    0.0411775
-4.32    0.0412623
-4.3    0.0413486
-4.28    0.0414362
-4.26    0.0415253
-4.24    0.0416159
-4.22    0.0417081
-4.2    0.0418018
-4.18    0.0418971
-4.16    0.0419941
-4.14    0.0420928
-4.12    0.0421932
-4.1    0.0422955
-4.08    0.0423996
-4.06    0.0425056
-4.04    0.0426136
-4.02    0.0427236
-4    0.0428357
-3.98    0.04295
-3.96    0.0430664
-3.94    0.0431851
-3.92    0.0433062
-3.9    0.0434296
-3.88    0.0435556
-3.86    0.0436841
-3.84    0.0438152
-3.82    0.043949
-3.8    0.0440857
-3.78    0.0442252
-3.76    0.0443677
-3.74    0.0445132
-3.72    0.044662
-3.7    0.044814
-3.68    0.0449693
-3.66    0.0451282
-3.64    0.0452906
-3.62    0.0454567
-3.6    0.0456266
-3.58    0.0458005
-3.56    0.0459785
-3.54    0.0461607
-3.52    0.0463472
-3.5    0.0465383
-3.48    0.046734
-3.46    0.0469345
-3.44    0.0471399
-3.42    0.0473506
-3.4    0.0475665
-3.38    0.0477879
-3.36    0.0480151
-3.34    0.0482481
-3.32    0.0484872
-3.3    0.0487327
-3.28    0.0489847
-3.26    0.0492435
-3.24    0.0495093
-3.22    0.0497823
-3.2    0.0500629
-3.18    0.0503514
-3.16    0.0506479
-3.14    0.0509528
-3.12    0.0512665
-3.1    0.0515892
-3.08    0.0519213
-3.06    0.0522631
-3.04    0.052615
-3.02    0.0529775
-3    0.0533508
-2.98    0.0537354
-2.96    0.0541318
-2.94    0.0545404
-2.92    0.0549617
-2.9    0.0553962
-2.88    0.0558445
-2.86    0.056307
-2.84    0.0567843
-2.82    0.057277
-2.8    0.0577859
-2.78    0.0583114
-2.76    0.0588543
-2.74    0.0594153
-2.72    0.0599951
-2.7    0.0605946
-2.68    0.0612145
-2.66    0.0618557
-2.64    0.0625191
-2.62    0.0632056
-2.6    0.0639162
-2.58    0.0646518
-2.56    0.0654137
-2.54    0.0662028
-2.52    0.0670203
-2.5    0.0678675
-2.48    0.0687456
-2.46    0.069656
-2.44    0.0706001
-2.42    0.0715792
-2.4    0.0725949
-2.38    0.0736489
-2.36    0.0747427
-2.34    0.0758781
-2.32    0.0770569
-2.3    0.0782809
-2.28    0.0795522
-2.26    0.0808727
-2.24    0.0822446
-2.22    0.0836702
-2.2    0.0851517
-2.18    0.0866916
-2.16    0.0882923
-2.14    0.0899564
-2.12    0.0916866
-2.1    0.0934858
-2.08    0.0953569
-2.06    0.0973027
-2.04    0.0993265
-2.02    0.101432
-2    0.103621
-1.98    0.105898
-1.96    0.108267
-1.94    0.110731
-1.92    0.113293
-1.9    0.115958
-1.88    0.11873
-1.86    0.121612
-1.84    0.124609
-1.82    0.127724
-1.8    0.130962
-1.78    0.134328
-1.76    0.137824
-1.74    0.141457
-1.72    0.14523
-1.7    0.149147
-1.68    0.153213
-1.66    0.157433
-1.64    0.16181
-1.62    0.166349
-1.6    0.171054
-1.58    0.175929
-1.56    0.180978
-1.54    0.186205
-1.52    0.191614
-1.5    0.197207
-1.48    0.202988
-1.46    0.20896
-1.44    0.215126
-1.42    0.221488
-1.4    0.228049
-1.38    0.234809
-1.36    0.24177
-1.34    0.248933
-1.32    0.256298
-1.3    0.263866
-1.28    0.271635
-1.26    0.279606
-1.24    0.287775
-1.22    0.296141
-1.2    0.304701
-1.18    0.313452
-1.16    0.32239
-1.14    0.331509
-1.12    0.340806
-1.1    0.350274
-1.08    0.359906
-1.06    0.369695
-1.04    0.379635
-1.02    0.389715
-1    0.399928
-0.98    0.410264
-0.96    0.420713
-0.94    0.431264
-0.92    0.441906
-0.9    0.452628
-0.88    0.463418
-0.86    0.474263
-0.84    0.485152
-0.82    0.49607
-0.8    0.507005
-0.78    0.517944
-0.76    0.528873
-0.74    0.539779
-0.72    0.550648
-0.7    0.561466
-0.68    0.57222
-0.66    0.582896
-0.64    0.593482
-0.62    0.603963
-0.6    0.614328
-0.58    0.624563
-0.56    0.634657
-0.54    0.644598
-0.52    0.654374
-0.5    0.663974
-0.48    0.673389
-0.46    0.682609
-0.44    0.691624
-0.42    0.700426
-0.4    0.709008
-0.38    0.717363
-0.36    0.725485
-0.34    0.733368
-0.32    0.741008
-0.3    0.7484
-0.28    0.755543
-0.26    0.762433
-0.24    0.769069
-0.22    0.775451
-0.2    0.781577
-0.18    0.787448
-0.16    0.793065
-0.14    0.798428
-0.12    0.803539
-0.1    0.808399
-0.08    0.81301
-0.06    0.817373
-0.04    0.82149
-0.02    0.825363
-1.80342e-14    0.828991
0.02    0.832375
0.04    0.835515
0.06    0.838411
0.08    0.84106
0.1    0.843461
0.12    0.84561
0.14    0.847503
0.16    0.849134
0.18    0.850498
0.2    0.851587
0.22    0.852393
0.24    0.852906
0.26    0.853116
0.28    0.853011
0.3    0.852579
0.32    0.851804
0.34    0.850673
0.36    0.849165
0.38    0.847261
0.4    0.844936
0.42    0.842158
0.44    0.838888
0.46    0.835079
0.48    0.830666
0.5    0.825573
0.52    0.819703
0.54    0.812943
0.56    0.805165
0.58    0.796235
0.6    0.786029
0.62    0.77445
0.64    0.761456
0.66    0.747082
0.68    0.731455
0.7    0.714795
0.72    0.697397
0.74    0.679595
0.76    0.661728
0.78    0.644094
0.8    0.626929
0.82    0.610396
0.84    0.594582
0.86    0.579517
0.88    0.565183
0.9    0.551529
0.92    0.538488
0.94    0.525983
0.96    0.513935
0.98    0.50227
1    0.490918
1.02    0.479817
1.04    0.468913
1.06    0.458159
1.08    0.447516
1.1    0.436951
1.12    0.426438
1.14    0.415955
1.16    0.405486
1.18    0.39502
1.2    0.38455
1.22    0.37407
1.24    0.363581
1.26    0.353086
1.28    0.342589
1.3    0.332099
1.32    0.321624
1.34    0.311178
1.36    0.300773
1.38    0.290425
1.4    0.280149
1.42    0.269964
1.44    0.259886
1.46    0.249934
1.48    0.240126
1.5    0.23048
1.52    0.221013
1.54    0.211742
1.56    0.202682
1.58    0.193848
1.6    0.185253
1.62    0.176909
1.64    0.168825
1.66    0.16101
1.68    0.15347
1.7    0.146209
1.72    0.139232
1.74    0.132538
1.76    0.126128
1.78    0.12
1.8    0.11415
1.82    0.108575
1.84    0.10327
1.86    0.098226
1.88    0.0934377
1.9    0.0888966
1.92    0.0845944
1.94    0.0805222
1.96    0.0766707
1.98    0.0730305
2    0.0695924
2.02    0.0663466
2.04    0.063284
2.06    0.0603952
2.08    0.0576712
2.1    0.055103
2.12    0.0526823
2.14    0.0504005
2.16    0.04825
2.18    0.0462229
2.2    0.044312
2.22    0.0425104
2.24    0.0408115
2.26    0.0392089
2.28    0.0376969
2.3    0.0362698
2.32    0.0349224
2.34    0.0336496
2.36    0.0324468
2.38    0.0313096
2.4    0.030234
2.42    0.0292159
2.44    0.0282519
2.46    0.0273385
2.48    0.0264725
2.5    0.025651
2.52    0.0248712
2.54    0.0241305
2.56    0.0234265
2.58    0.0227569
2.6    0.0221195
2.62    0.0215125
2.64    0.0209339
2.66    0.020382
2.68    0.0198551
2.7    0.0193519
2.72    0.0188708
2.74    0.0184105
2.76    0.0179698
2.78    0.0175476
2.8    0.0171427
2.82    0.0167541
2.84    0.016381
2.86    0.0160223
2.88    0.0156773
2.9    0.0153453
2.92    0.0150253
2.94    0.0147169
2.96    0.0144193
2.98    0.0141319
3    0.0138542
3.02    0.0135856
3.04    0.0133257
3.06    0.013074
3.08    0.01283
3.1    0.0125934
3.12    0.0123637
3.14    0.0121406
3.16    0.0119238
3.18    0.0117129
3.2    0.0115077
3.22    0.0113078
3.24    0.011113
3.26    0.0109231
3.28    0.0107378
3.3    0.0105569
3.32    0.0103803
3.34    0.0102076
3.36    0.0100387
3.38    0.00987353
3.4    0.00971184
3.42    0.00955351
3.44    0.00939839
3.46    0.00924635
3.48    0.00909728
3.5    0.00895106
3.52    0.00880757
3.54    0.00866673
3.56    0.00852844
3.58    0.0083926
3.6    0.00825914
3.62    0.00812798
3.64    0.00799905
3.66    0.00787229
3.68    0.00774762
3.7    0.007625
3.72    0.00750437
3.74    0.00738568
3.76    0.00726889
3.78    0.00715394
3.8    0.00704081
3.82    0.00692945
3.84    0.00681983
3.86    0.00671193
3.88    0.0066057
3.9    0.00650113
3.92    0.00639818
3.94    0.00629685
3.96    0.00619709
3.98    0.00609891
4    0.00600227
4.02    0.00590717
4.04    0.00581358
4.06    0.0057215
4.08    0.00563091
4.1    0.0055418
4.12    0.00545416
4.14    0.00536797
4.16    0.00528324
4.18    0.00519995
4.2    0.0051181
4.22    0.00503767
4.24    0.00495866
4.26    0.00488106
4.28    0.00480488
4.3    0.00473009
4.32    0.0046567
4.34    0.0045847
4.36    0.00451408
4.38    0.00444485
4.4    0.00437698
4.42    0.00431049
4.44    0.00424536
4.46    0.00418158
4.48    0.00411915
4.5    0.00405807
4.52    0.00399832
4.54    0.00393991
4.56    0.00388281
4.58    0.00382703
4.6    0.00377255
4.62    0.00371936
4.64    0.00366747
4.66    0.00361684
4.68    0.00356748
4.7    0.00351937
4.72    0.0034725
4.74    0.00342685
4.76    0.00338242
4.78    0.00333919
4.8    0.00329714
4.82    0.00325626
4.84    0.00321653
4.86    0.00317794
4.88    0.00314046
4.9    0.00310409
4.92    0.0030688
4.94    0.00303457
4.96    0.00300139
4.98    0.00296924
