-5    0.860688
-4.98    0.86038
-4.96    0.860068
-4.94    0.859753
-4.92    0.859433
-4.9    0.85911
-4.88    0.858783
-4.86    0.858452
-4.84    0.858117
-4.82    0.857778
-4.8    0.857434
-4.78    0.857087
-4.76    0.856736
-4.74    0.85638
-4.72    0.85602
-4.7    0.855656
-4.68    0.855288
-4.66    0.854915
-4.64    0.854538
-4.62    0.854157
-4.6    0.853771
-4.58    0.853381
-4.56    0.852987
-4.54    0.852588
-4.52    0.852184
-4.5    0.851776
-4.48    0.851363
-4.46    0.850946
-4.44    0.850524
-4.42    0.850098
-4.4    0.849666
-4.38    0.849231
-4.36    0.84879
-4.34    0.848345
-4.32    0.847894
-4.3    0.84744
-4.28    0.84698
-4.26    0.846515
-4.24    0.846046
-4.22    0.845572
-4.2    0.845093
-4.18    0.844609
-4.16    0.84412
-4.14    0.843627
-4.12    0.843128
-4.1    0.842625
-4.08    0.842116
-4.06    0.841603
-4.04    0.841085
-4.02    0.840562
-4    0.840034
-3.98    0.839501
-3.96    0.838963
-3.94    0.83842
-3.92    0.837872
-3.9    0.83732
-3.88    0.836762
-3.86    0.8362
-3.84    0.835633
-3.82    0.835061
-3.8    0.834484
-3.78    0.833902
-3.76    0.833316
-3.74    0.832725
-3.72    0.832129
-3.7    0.831528
-3.68    0.830923
-3.66    0.830313
-3.64    0.829699
-3.62    0.82908
-3.6    0.828456
-3.58    0.827828
-3.56    0.827195
-3.54    0.826558
-3.52    0.825917
-3.5    0.825272
-3.48    0.824622
-3.46    0.823968
-3.44    0.82331
-3.42    0.822647
-3.4    0.821981
-3.38    0.821311
-3.36    0.820637
-3.34    0.819959
-3.32    0.819278
-3.3    0.818593
-3.28    0.817904
-3.26    0.817212
-3.24    0.816516
-3.22    0.815817
-3.2    0.815115
-3.18    0.81441
-3.16    0.813701
-3.14    0.81299
-3.12    0.812276
-3.1    0.811559
-3.08    0.81084
-3.06    0.810117
-3.04    0.809393
-3.02    0.808666
-3    0.807937
-2.98    0.807206
-2.96    0.806473
-2.94    0.805738
-2.92    0.805002
-2.9    0.804264
-2.88    0.803524
-2.86    0.802783
-2.84    0.802041
-2.82    0.801298
-2.8    0.800555
-2.78    0.79981
-2.76    0.799065
-2.74    0.798319
-2.72    0.797573
-2.7    0.796828
-2.68    0.796082
-2.66    0.795336
-2.64    0.794591
-2.62    0.793847
-2.6    0.793103
-2.58    0.79236
-2.56    0.791619
-2.54    0.790878
-2.52    0.79014
-2.5    0.789403
-2.48    0.788668
-2.46    0.787935
-2.44    0.787205
-2.42    0.786478
-2.4    0.785753
-2.38    0.785031
-2.36    0.784313
-2.34    0.783599
-2.32    0.782888
-2.3    0.782182
-2.28    0.78148
-2.26    0.780783
-2.24    0.78009
-2.22    0.779404
-2.2    0.778723
-2.18    0.778047
-2.16    0.777379
-2.14    0.776717
-2.12    0.776062
-2.1    0.775415
-2.08    0.774775
-2.06    0.774144
-2.04    0.773521
-2.02    0.772908
-2    0.772304
-1.98    0.771711
-1.96    0.771127
-1.94    0.770556
-1.92    0.769995
-1.9    0.769447
-1.88    0.768912
-1.86    0.768391
-1.84    0.767883
-1.82    0.767391
-1.8    0.766913
-1.78    0.766452
-1.76    0.766008
-1.74    0.765582
-1.72    0.765174
-1.7    0.764786
-1.68    0.764419
-1.66    0.764072
-1.64    0.763748
-1.62    0.763447
-1.6    0.763171
-1.58    0.76292
-1.56    0.762696
-1.54    0.762499
-1.52    0.762332
-1.5    0.762195
-1.48    0.762089
-1.46    0.762017
-1.44    0.761979
-1.42    0.761977
-1.4    0.762012
-1.38    0.762086
-1.36    0.7622
-1.34    0.762356
-1.32    0.762556
-1.3    0.762802
-1.28    0.763094
-1.26    0.763434
-1.24    0.763825
-1.22    0.764267
-1.2    0.764763
-1.18    0.765314
-1.16    0.765921
-1.14    0.766586
-1.12    0.767311
-1.1    0.768097
-1.08    0.768944
-1.06    0.769855
-1.04    0.770829
-1.02    0.771869
-1    0.772973
-0.98    0.774144
-0.96    0.77538
-0.94    0.776683
-0.92    0.77805
-0.9    0.779483
-0.88    0.78098
-0.86    0.782539
-0.84    0.784159
-0.82    0.785838
-0.8    0.787574
-0.78    0.789364
-0.76    0.791205
-0.74    0.793094
-0.72    0.795027
-0.7    0.797001
-0.68    0.799011
-0.66    0.801054
-0.64    0.803123
-0.62    0.805216
-0.6    0.807327
-0.58    0.809451
-0.56    0.811583
-0.54    0.81372
-0.52    0.815856
-0.5    0.817987
-0.48    0.820108
-0.46    0.822216
-0.44    0.824308
-0.42    0.826379
-0.4    0.828427
-0.38    0.83045
-0.36    0.832444
-0.34    0.834409
-0.32    0.836342
-0.3    0.838243
-0.28    0.840111
-0.26    0.841945
-0.24    0.843746
-0.22    0.845513
-0.2    0.847248
-0.18    0.848951
-0.16    0.850623
-0.14    0.852265
-0.12    0.853879
-0.1    0.855466
-0.08    0.857028
-0.06    0.858566
-0.04    0.860083
-0.02    0.86158
-1.80342e-14    0.86306
0.02    0.864523
0.04    0.865972
0.06    0.867408
0.08    0.868834
0.1    0.870251
0.12    0.87166
0.14    0.873064
0.16    0.874462
0.18    0.875858
0.2    0.877252
0.22    0.878644
0.24    0.880037
0.26    0.88143
0.28    0.882825
0.3    0.884221
0.32    0.88562
0.34    0.887021
0.36    0.888424
0.38    0.889831
0.4    0.891239
0.42    0.892649
0.44    0.894061
0.46    0.895474
0.48    0.896887
0.5    0.898299
0.52    0.89971
0.54    0.901118
0.56    0.902523
0.58    0.903923
0.6    0.905316
0.62    0.906703
0.64    0.90808
0.66    0.909448
0.68    0.910803
0.7    0.912146
0.72    0.913475
0.74    0.914788
0.76    0.916083
0.78    0.91736
0.8    0.918618
0.82    0.919854
0.84    0.921068
0.86    0.922258
0.88    0.923424
0.9    0.924564
0.92    0.925678
0.94    0.926765
0.96    0.927823
0.98    0.928853
1    0.929854
1.02    0.930824
1.04    0.931765
1.06    0.932675
1.08    0.933554
1.1    0.934402
1.12    0.93522
1.14    0.936007
1.16    0.936762
1.18    0.937488
1.2    0.938183
1.22    0.938848
1.24    0.939483
1.26    0.940089
1.28    0.940666
1.3    0.941216
1.32    0.941737
1.34    0.942232
1.36    0.9427
1.38    0.943143
1.4    0.943561
1.42    0.943955
1.44    0.944325
1.46    0.944672
1.48    0.944998
1.5    0.945302
1.52    0.945586
1.54    0.945851
1.56    0.946096
1.58    0.946323
1.6    0.946533
1.62    0.946726
1.64    0.946903
1.66    0.947065
1.68    0.947213
1.7    0.947346
1.72    0.947466
1.74    0.947573
1.76    0.947669
1.78    0.947752
1.8    0.947825
1.82    0.947888
1.84    0.94794
1.86    0.947984
1.88    0.948018
1.9    0.948044
1.92    0.948062
1.94    0.948072
1.96    0.948076
1.98    0.948072
2    0.948062
2.02    0.948046
2.04    0.948025
2.06    0.947998
2.08    0.947966
2.1    0.947929
2.12    0.947888
2.14    0.947843
2.16    0.947794
2.18    0.947741
2.2    0.947685
2.22    0.947626
2.24    0.947564
2.26    0.947499
2.28    0.947432
2.3    0.947362
2.32    0.947291
2.34    0.947217
2.36    0.947142
2.38    0.947065
2.4    0.946987
2.42    0.946907
2.44    0.946827
2.46    0.946745
2.48    0.946663
2.5    0.94658
2.52    0.946497
2.54    0.946413
2.56    0.94633
2.58    0.946245
2.6    0.946161
2.62    0.946077
2.64    0.945994
2.66    0.94591
2.68    0.945827
2.7    0.945744
2.72    0.945662
2.74    0.94558
2.76    0.945499
2.78    0.945419
2.8    0.945339
2.82    0.945261
2.84    0.945183
2.86    0.945106
2.88    0.945031
2.9    0.944956
2.92    0.944882
2.94    0.94481
2.96    0.944738
2.98    0.944668
3    0.944599
3.02    0.944531
3.04    0.944464
3.06    0.944399
3.08    0.944334
3.1    0.944271
3.12    0.944209
3.14    0.944149
3.16    0.944089
3.18    0.944031
3.2    0.943974
3.22    0.943918
3.24    0.943863
3.26    0.94381
3.28    0.943757
3.3    0.943706
3.32    0.943655
3.34    0.943606
3.36    0.943558
3.38    0.943511
3.4    0.943464
3.42    0.943419
3.44    0.943375
3.46    0.943331
3.48    0.943289
3.5    0.943247
3.52    0.943206
3.54    0.943165
3.56    0.943126
3.58    0.943087
3.6    0.943048
3.62    0.943011
3.64    0.942974
3.66    0.942937
3.68    0.942901
3.7    0.942865
3.72    0.94283
3.74    0.942796
3.76    0.942761
3.78    0.942727
3.8    0.942693
3.82    0.94266
3.84    0.942627
3.86    0.942594
3.88    0.942561
3.9    0.942528
3.92    0.942496
3.94    0.942464
3.96    0.942431
3.98    0.942399
4    0.942367
4.02    0.942335
4.04    0.942303
4.06    0.94227
4.08    0.942238
4.1    0.942206
4.12    0.942173
4.14    0.94214
4.16    0.942108
4.18    0.942075
4.2    0.942042
4.22    0.942009
4.24    0.941975
4.26    0.941941
4.28    0.941908
4.3    0.941873
4.32    0.941839
4.34    0.941805
4.36    0.94177
4.38    0.941735
4.4    0.941699
4.42    0.941663
4.44    0.941627
4.46    0.941591
4.48    0.941554
4.5    0.941517
4.52    0.94148
4.54    0.941443
4.56    0.941405
4.58    0.941367
4.6    0.941328
4.62    0.941289
4.64    0.94125
4.66    0.94121
4.68    0.94117
4.7    0.94113
4.72    0.94109
4.74    0.941049
4.76    0.941008
4.78    0.940966
4.8    0.940924
4.82    0.940882
4.84    0.94084
4.86    0.940797
4.88    0.940754
4.9    0.940711
4.92    0.940667
4.94    0.940623
4.96    0.940579
4.98    0.940534
