-5    1.22251e-07
-4.98    1.22259e-07
-4.96    1.22268e-07
-4.94    1.22277e-07
-4.92    1.22287e-07
-4.9    1.22298e-07
-4.88    1.22309e-07
-4.86    1.22322e-07
-4.84    1.22335e-07
-4.82    1.22349e-07
-4.8    1.22365e-07
-4.78    1.22381e-07
-4.76    1.22399e-07
-4.74    1.22418e-07
-4.72    1.22439e-07
-4.7    1.22461e-07
-4.68    1.22485e-07
-4.66    1.2251e-07
-4.64    1.22538e-07
-4.62    1.22568e-07
-4.6    1.22599e-07
-4.58    1.22633e-07
-4.56    1.2267e-07
-4.54    1.2271e-07
-4.52    1.22752e-07
-4.5    1.22798e-07
-4.48    1.22847e-07
-4.46    1.22899e-07
-4.44    1.22956e-07
-4.42    1.23017e-07
-4.4    1.23082e-07
-4.38    1.23153e-07
-4.36    1.23228e-07
-4.34    1.2331e-07
-4.32    1.23397e-07
-4.3    1.23491e-07
-4.28    1.23593e-07
-4.26    1.23701e-07
-4.24    1.23819e-07
-4.22    1.23945e-07
-4.2    1.2408e-07
-4.18    1.24226e-07
-4.16    1.24383e-07
-4.14    1.24552e-07
-4.12    1.24734e-07
-4.1    1.24929e-07
-4.08    1.2514e-07
-4.06    1.25367e-07
-4.04    1.25611e-07
-4.02    1.25874e-07
-4    1.26157e-07
-3.98    1.26462e-07
-3.96    1.26791e-07
-3.94    1.27145e-07
-3.92    1.27527e-07
-3.9    1.27939e-07
-3.88    1.28383e-07
-3.86    1.28862e-07
-3.84    1.2938e-07
-3.82    1.29938e-07
-3.8    1.3054e-07
-3.78    1.31191e-07
-3.76    1.31894e-07
-3.74    1.32655e-07
-3.72    1.33477e-07
-3.7    1.34366e-07
-3.68    1.35329e-07
-3.66    1.36371e-07
-3.64    1.375e-07
-3.62    1.38725e-07
-3.6    1.40053e-07
-3.58    1.41495e-07
-3.56    1.43061e-07
-3.54    1.44764e-07
-3.52    1.46616e-07
-3.5    1.48633e-07
-3.48    1.5083e-07
-3.46    1.53227e-07
-3.44    1.55843e-07
-3.42    1.58702e-07
-3.4    1.61829e-07
-3.38    1.65254e-07
-3.36    1.69008e-07
-3.34    1.73128e-07
-3.32    1.77655e-07
-3.3    1.82636e-07
-3.28    1.88122e-07
-3.26    1.94171e-07
-3.24    2.0085e-07
-3.22    2.08233e-07
-3.2    2.16403e-07
-3.18    2.25454e-07
-3.16    2.3549e-07
-3.14    2.46628e-07
-3.12    2.58998e-07
-3.1    2.7274e-07
-3.08    2.88012e-07
-3.06    3.04981e-07
-3.04    3.23828e-07
-3.02    3.44741e-07
-3    3.67917e-07
-2.98    3.9355e-07
-2.96    4.21828e-07
-2.94    4.52925e-07
-2.92    4.86986e-07
-2.9    5.24117e-07
-2.88    5.6437e-07
-2.86    6.0773e-07
-2.84    6.541e-07
-2.82    7.0329e-07
-2.8    7.55014e-07
-2.78    8.08888e-07
-2.76    8.64436e-07
-2.74    9.21107e-07
-2.72    9.7829e-07
-2.7    1.03535e-06
-2.68    1.09165e-06
-2.66    1.14657e-06
-2.64    1.19957e-06
-2.62    1.25017e-06
-2.6    1.29799e-06
-2.58    1.34274e-06
-2.56    1.38424e-06
-2.54    1.42241e-06
-2.52    1.45724e-06
-2.5    1.48882e-06
-2.48    1.51726e-06
-2.46    1.54275e-06
-2.44    1.56547e-06
-2.42    1.58565e-06
-2.4    1.60352e-06
-2.38    1.61929e-06
-2.36    1.63318e-06
-2.34    1.6454e-06
-2.32    1.65614e-06
-2.3    1.66556e-06
-2.28    1.67383e-06
-2.26    1.6811e-06
-2.24    1.68747e-06
-2.22    1.69308e-06
-2.2    1.69801e-06
-2.18    1.70235e-06
-2.16    1.70618e-06
-2.14    1.70956e-06
-2.12    1.71255e-06
-2.1    1.7152e-06
-2.08    1.71756e-06
-2.06    1.71965e-06
-2.04    1.72151e-06
-2.02    1.72317e-06
-2    1.72466e-06
-1.98    1.72599e-06
-1.96    1.72719e-06
-1.94    1.72826e-06
-1.92    1.72923e-06
-1.9    1.7301e-06
-1.88    1.73089e-06
-1.86    1.7316e-06
-1.84    1.73225e-06
-1.82    1.73284e-06
-1.8    1.73337e-06
-1.78    1.73386e-06
-1.76    1.7343e-06
-1.74    1.7347e-06
-1.72    1.73507e-06
-1.7    1.73541e-06
-1.68    1.73572e-06
-1.66    1.736e-06
-1.64    1.73626e-06
-1.62    1.7365e-06
-1.6    1.73672e-06
-1.58    1.73692e-06
-1.56    1.7371e-06
-1.54    1.73728e-06
-1.52    1.73743e-06
-1.5    1.73758e-06
-1.48    1.73771e-06
-1.46    1.73784e-06
-1.44    1.73795e-06
-1.42    1.73806e-06
-1.4    1.73815e-06
-1.38    1.73824e-06
-1.36    1.73833e-06
-1.34    1.73841e-06
-1.32    1.73848e-06
-1.3    1.73854e-06
-1.28    1.7386e-06
-1.26    1.73866e-06
-1.24    1.73871e-06
-1.22    1.73876e-06
-1.2    1.73881e-06
-1.18    1.73885e-06
-1.16    1.73889e-06
-1.14    1.73893e-06
-1.12    1.73896e-06
-1.1    1.73899e-06
-1.08    1.73902e-06
-1.06    1.73905e-06
-1.04    1.73907e-06
-1.02    1.7391e-06
-1    1.73912e-06
-0.98    1.73914e-06
-0.96    1.73916e-06
-0.94    1.73918e-06
-0.92    1.73919e-06
-0.9    1.73921e-06
-0.88    1.73922e-06
-0.86    1.73923e-06
-0.84    1.73925e-06
-0.82    1.73926e-06
-0.8    1.73927e-06
-0.78    1.73928e-06
-0.76    1.73929e-06
-0.74    1.7393e-06
-0.72    1.73931e-06
-0.7    1.73932e-06
-0.68    1.73933e-06
-0.66    1.73934e-06
-0.64    1.73935e-06
-0.62    1.73936e-06
-0.6    1.73937e-06
-0.58    1.73939e-06
-0.56    1.7394e-06
-0.54    1.73942e-06
-0.52    1.73945e-06
-0.5    1.73948e-06
-0.48    1.73951e-06
-0.46    1.73956e-06
-0.44    1.73962e-06
-0.42    1.73969e-06
-0.4    1.73978e-06
-0.38    1.73989e-06
-0.36    1.74004e-06
-0.34    1.74021e-06
-0.32    1.74043e-06
-0.3    1.7407e-06
-0.28    1.74103e-06
-0.26    1.74142e-06
-0.24    1.74189e-06
-0.22    1.74242e-06
-0.2    1.74303e-06
-0.18    1.74371e-06
-0.16    1.74446e-06
-0.14    1.74526e-06
-0.12    1.7461e-06
-0.1    1.74699e-06
-0.08    1.74791e-06
-0.06    1.74885e-06
-0.04    1.7498e-06
-0.02    1.75074e-06
-1.80342e-14    1.75165e-06
0.02    1.7525e-06
0.04    1.75329e-06
0.06    1.75399e-06
0.08    1.7546e-06
0.1    1.75513e-06
0.12    1.75557e-06
0.14    1.75593e-06
0.16    1.75623e-06
0.18    1.75647e-06
0.2    1.75666e-06
0.22    1.75681e-06
0.24    1.75693e-06
0.26    1.75703e-06
0.28    1.7571e-06
0.3    1.75716e-06
0.32    1.75721e-06
0.34    1.75724e-06
0.36    1.75727e-06
0.38    1.75729e-06
0.4    1.75731e-06
0.42    1.75732e-06
0.44    1.75733e-06
0.46    1.75734e-06
0.48    1.75735e-06
0.5    1.75735e-06
0.52    1.75736e-06
0.54    1.75736e-06
0.56    1.75736e-06
0.58    1.75736e-06
0.6    1.75737e-06
0.62    1.75737e-06
0.64    1.75737e-06
0.66    1.75737e-06
0.68    1.75737e-06
0.7    1.75737e-06
0.72    1.75737e-06
0.74    1.75737e-06
0.76    1.75737e-06
0.78    1.75737e-06
0.8    1.75737e-06
0.82    1.75737e-06
0.84    1.75737e-06
0.86    1.75737e-06
0.88    1.75737e-06
0.9    1.75737e-06
0.92    1.75737e-06
0.94    1.75737e-06
0.96    1.75737e-06
0.98    1.75737e-06
1    1.75737e-06
1.02    1.75737e-06
1.04    1.75737e-06
1.06    1.75737e-06
1.08    1.75737e-06
1.1    1.75737e-06
1.12    1.75737e-06
1.14    1.75737e-06
1.16    1.75737e-06
1.18    1.75737e-06
1.2    1.75737e-06
1.22    1.75737e-06
1.24    1.75737e-06
1.26    1.75737e-06
1.28    1.75737e-06
1.3    1.75737e-06
1.32    1.75737e-06
1.34    1.75737e-06
1.36    1.75737e-06
1.38    1.75737e-06
1.4    1.75737e-06
1.42    1.75737e-06
1.44    1.75737e-06
1.46    1.75737e-06
1.48    1.75737e-06
1.5    1.75737e-06
1.52    1.75737e-06
1.54    1.75737e-06
1.56    1.75737e-06
1.58    1.75737e-06
1.6    1.75737e-06
1.62    1.75737e-06
1.64    1.75737e-06
1.66    1.75737e-06
1.68    1.75737e-06
1.7    1.75737e-06
1.72    1.75737e-06
1.74    1.75737e-06
1.76    1.75737e-06
1.78    1.75737e-06
1.8    1.75737e-06
1.82    1.75737e-06
1.84    1.75737e-06
1.86    1.75737e-06
1.88    1.75737e-06
1.9    1.75737e-06
1.92    1.75737e-06
1.94    1.75737e-06
1.96    1.75737e-06
1.98    1.75737e-06
2    1.75737e-06
2.02    1.75737e-06
2.04    1.75737e-06
2.06    1.75737e-06
2.08    1.75737e-06
2.1    1.75737e-06
2.12    1.75737e-06
2.14    1.75737e-06
2.16    1.75737e-06
2.18    1.75737e-06
2.2    1.75737e-06
2.22    1.75737e-06
2.24    1.75737e-06
2.26    1.75737e-06
2.28    1.75737e-06
2.3    1.75737e-06
2.32    1.75737e-06
2.34    1.75737e-06
2.36    1.75737e-06
2.38    1.75737e-06
2.4    1.75737e-06
2.42    1.75737e-06
2.44    1.75737e-06
2.46    1.75737e-06
2.48    1.75737e-06
2.5    1.75737e-06
2.52    1.75737e-06
2.54    1.75737e-06
2.56    1.75737e-06
2.58    1.75737e-06
2.6    1.75737e-06
2.62    1.75737e-06
2.64    1.75737e-06
2.66    1.75737e-06
2.68    1.75737e-06
2.7    1.75737e-06
2.72    1.75737e-06
2.74    1.75737e-06
2.76    1.75737e-06
2.78    1.75737e-06
2.8    1.75737e-06
2.82    1.75737e-06
2.84    1.75737e-06
2.86    1.75737e-06
2.88    1.75737e-06
2.9    1.75737e-06
2.92    1.75737e-06
2.94    1.75737e-06
2.96    1.75737e-06
2.98    1.75737e-06
3    1.75737e-06
3.02    1.75737e-06
3.04    1.75737e-06
3.06    1.75737e-06
3.08    1.75737e-06
3.1    1.75737e-06
3.12    1.75737e-06
3.14    1.75737e-06
3.16    1.75737e-06
3.18    1.75737e-06
3.2    1.75737e-06
3.22    1.75737e-06
3.24    1.75737e-06
3.26    1.75737e-06
3.28    1.75737e-06
3.3    1.75737e-06
3.32    1.75737e-06
3.34    1.75737e-06
3.36    1.75737e-06
3.38    1.75737e-06
3.4    1.75737e-06
3.42    1.75737e-06
3.44    1.75737e-06
3.46    1.75737e-06
3.48    1.75737e-06
3.5    1.75737e-06
3.52    1.75737e-06
3.54    1.75737e-06
3.56    1.75737e-06
3.58    1.75737e-06
3.6    1.75737e-06
3.62    1.75737e-06
3.64    1.75737e-06
3.66    1.75737e-06
3.68    1.75737e-06
3.7    1.75737e-06
3.72    1.75737e-06
3.74    1.75737e-06
3.76    1.75737e-06
3.78    1.75737e-06
3.8    1.75737e-06
3.82    1.75737e-06
3.84    1.75737e-06
3.86    1.75737e-06
3.88    1.75737e-06
3.9    1.75737e-06
3.92    1.75737e-06
3.94    1.75737e-06
3.96    1.75737e-06
3.98    1.75737e-06
4    1.75737e-06
4.02    1.75737e-06
4.04    1.75737e-06
4.06    1.75737e-06
4.08    1.75737e-06
4.1    1.75737e-06
4.12    1.75737e-06
4.14    1.75737e-06
4.16    1.75737e-06
4.18    1.75737e-06
4.2    1.75737e-06
4.22    1.75737e-06
4.24    1.75737e-06
4.26    1.75737e-06
4.28    1.75737e-06
4.3    1.75737e-06
4.32    1.75737e-06
4.34    1.75737e-06
4.36    1.75737e-06
4.38    1.75737e-06
4.4    1.75737e-06
4.42    1.75737e-06
4.44    1.75737e-06
4.46    1.75737e-06
4.48    1.75737e-06
4.5    1.75737e-06
4.52    1.75737e-06
4.54    1.75737e-06
4.56    1.75737e-06
4.58    1.75737e-06
4.6    1.75737e-06
4.62    1.75737e-06
4.64    1.75737e-06
4.66    1.75737e-06
4.68    1.75737e-06
4.7    1.75737e-06
4.72    1.75737e-06
4.74    1.75737e-06
4.76    1.75737e-06
4.78    1.75737e-06
4.8    1.75737e-06
4.82    1.75737e-06
4.84    1.75737e-06
4.86    1.75737e-06
4.88    1.75737e-06
4.9    1.75737e-06
4.92    1.75737e-06
4.94    1.75737e-06
4.96    1.75737e-06
4.98    1.75737e-06
