-5    0.97465
-4.98    0.97465
-4.96    0.97465
-4.94    0.97465
-4.92    0.97465
-4.9    0.97465
-4.88    0.97465
-4.86    0.97465
-4.84    0.97465
-4.82    0.97465
-4.8    0.97465
-4.78    0.97465
-4.76    0.97465
-4.74    0.97465
-4.72    0.97465
-4.7    0.97465
-4.68    0.97465
-4.66    0.97465
-4.64    0.97465
-4.62    0.97465
-4.6    0.97465
-4.58    0.97465
-4.56    0.97465
-4.54    0.97465
-4.52    0.97465
-4.5    0.97465
-4.48    0.97465
-4.46    0.97465
-4.44    0.97465
-4.42    0.97465
-4.4    0.97465
-4.38    0.97465
-4.36    0.97465
-4.34    0.97465
-4.32    0.97465
-4.3    0.97465
-4.28    0.97465
-4.26    0.97465
-4.24    0.97465
-4.22    0.97465
-4.2    0.97465
-4.18    0.97465
-4.16    0.97465
-4.14    0.97465
-4.12    0.97465
-4.1    0.97465
-4.08    0.97465
-4.06    0.97465
-4.04    0.97465
-4.02    0.97465
-4    0.97465
-3.98    0.97465
-3.96    0.97465
-3.94    0.97465
-3.92    0.97465
-3.9    0.97465
-3.88    0.97465
-3.86    0.97465
-3.84    0.97465
-3.82    0.97465
-3.8    0.97465
-3.78    0.97465
-3.76    0.97465
-3.74    0.97465
-3.72    0.97465
-3.7    0.97465
-3.68    0.97465
-3.66    0.97465
-3.64    0.97465
-3.62    0.97465
-3.6    0.97465
-3.58    0.97465
-3.56    0.97465
-3.54    0.97465
-3.52    0.97465
-3.5    0.97465
-3.48    0.97465
-3.46    0.97465
-3.44    0.97465
-3.42    0.97465
-3.4    0.97465
-3.38    0.97465
-3.36    0.97465
-3.34    0.97465
-3.32    0.97465
-3.3    0.97465
-3.28    0.97465
-3.26    0.97465
-3.24    0.97465
-3.22    0.97465
-3.2    0.97465
-3.18    0.97465
-3.16    0.97465
-3.14    0.97465
-3.12    0.97465
-3.1    0.97465
-3.08    0.97465
-3.06    0.97465
-3.04    0.97465
-3.02    0.97465
-3    0.97465
-2.98    0.97465
-2.96    0.97465
-2.94    0.97465
-2.92    0.97465
-2.9    0.97465
-2.88    0.97465
-2.86    0.97465
-2.84    0.97465
-2.82    0.97465
-2.8    0.97465
-2.78    0.97465
-2.76    0.97465
-2.74    0.97465
-2.72    0.97465
-2.7    0.97465
-2.68    0.97465
-2.66    0.97465
-2.64    0.97465
-2.62    0.97465
-2.6    0.97465
-2.58    0.97465
-2.56    0.97465
-2.54    0.97465
-2.52    0.97465
-2.5    0.97465
-2.48    0.97465
-2.46    0.97465
-2.44    0.97465
-2.42    0.97465
-2.4    0.97465
-2.38    0.97465
-2.36    0.97465
-2.34    0.97465
-2.32    0.97465
-2.3    0.97465
-2.28    0.97465
-2.26    0.97465
-2.24    0.97465
-2.22    0.97465
-2.2    0.97465
-2.18    0.97465
-2.16    0.97465
-2.14    0.97465
-2.12    0.97465
-2.1    0.97465
-2.08    0.97465
-2.06    0.97465
-2.04    0.97465
-2.02    0.97465
-2    0.97465
-1.98    0.97465
-1.96    0.97465
-1.94    0.97465
-1.92    0.97465
-1.9    0.97465
-1.88    0.97465
-1.86    0.97465
-1.84    0.97465
-1.82    0.97465
-1.8    0.97465
-1.78    0.97465
-1.76    0.97465
-1.74    0.97465
-1.72    0.97465
-1.7    0.97465
-1.68    0.97465
-1.66    0.97465
-1.64    0.97465
-1.62    0.97465
-1.6    0.97465
-1.58    0.97465
-1.56    0.97465
-1.54    0.97465
-1.52    0.97465
-1.5    0.97465
-1.48    0.97465
-1.46    0.97465
-1.44    0.97465
-1.42    0.97465
-1.4    0.97465
-1.38    0.97465
-1.36    0.97465
-1.34    0.97465
-1.32    0.97465
-1.3    0.97465
-1.28    0.97465
-1.26    0.97465
-1.24    0.97465
-1.22    0.97465
-1.2    0.97465
-1.18    0.97465
-1.16    0.97465
-1.14    0.97465
-1.12    0.97465
-1.1    0.97465
-1.08    0.97465
-1.06    0.97465
-1.04    0.97465
-1.02    0.97465
-1    0.97465
-0.98    0.97465
-0.96    0.97465
-0.94    0.974649
-0.92    0.974649
-0.9    0.974649
-0.88    0.974649
-0.86    0.974649
-0.84    0.974649
-0.82    0.974648
-0.8    0.974648
-0.78    0.974648
-0.76    0.974647
-0.74    0.974647
-0.72    0.974647
-0.7    0.974646
-0.68    0.974646
-0.66    0.974645
-0.64    0.974644
-0.62    0.974643
-0.6    0.974642
-0.58    0.974641
-0.56    0.97464
-0.54    0.974638
-0.52    0.974637
-0.5    0.974635
-0.48    0.974633
-0.46    0.97463
-0.44    0.974627
-0.42    0.974624
-0.4    0.97462
-0.38    0.974616
-0.36    0.974611
-0.34    0.974606
-0.32    0.9746
-0.3    0.974593
-0.28    0.974585
-0.26    0.974576
-0.24    0.974565
-0.22    0.974554
-0.2    0.974541
-0.18    0.974526
-0.16    0.974509
-0.14    0.97449
-0.12    0.974468
-0.1    0.974444
-0.08    0.974417
-0.06    0.974387
-0.04    0.974353
-0.02    0.974315
-1.80342e-14    0.974273
0.02    0.974226
0.04    0.974175
0.06    0.974118
0.08    0.974057
0.1    0.97399
0.12    0.973917
0.14    0.973839
0.16    0.973755
0.18    0.973667
0.2    0.973573
0.22    0.973475
0.24    0.973374
0.26    0.973269
0.28    0.973163
0.3    0.973055
0.32    0.972946
0.34    0.972839
0.36    0.972733
0.38    0.972629
0.4    0.972528
0.42    0.972431
0.44    0.972339
0.46    0.972252
0.48    0.97217
0.5    0.972093
0.52    0.972022
0.54    0.971956
0.56    0.971896
0.58    0.971841
0.6    0.971791
0.62    0.971745
0.64    0.971704
0.66    0.971668
0.68    0.971634
0.7    0.971605
0.72    0.971578
0.74    0.971555
0.76    0.971534
0.78    0.971515
0.8    0.971499
0.82    0.971484
0.84    0.971471
0.86    0.97146
0.88    0.97145
0.9    0.971441
0.92    0.971433
0.94    0.971426
0.96    0.971419
0.98    0.971414
1    0.971409
1.02    0.971404
1.04    0.9714
1.06    0.971396
1.08    0.971392
1.1    0.971389
1.12    0.971386
1.14    0.971383
1.16    0.97138
1.18    0.971377
1.2    0.971374
1.22    0.971371
1.24    0.971367
1.26    0.971364
1.28    0.97136
1.3    0.971356
1.32    0.971351
1.34    0.971346
1.36    0.97134
1.38    0.971334
1.4    0.971327
1.42    0.971318
1.44    0.971309
1.46    0.971298
1.48    0.971286
1.5    0.971273
1.52    0.971257
1.54    0.971239
1.56    0.971219
1.58    0.971196
1.6    0.971169
1.62    0.971139
1.64    0.971105
1.66    0.971065
1.68    0.97102
1.7    0.970968
1.72    0.970909
1.74    0.970841
1.76    0.970764
1.78    0.970675
1.8    0.970573
1.82    0.970457
1.84    0.970323
1.86    0.970171
1.88    0.969995
1.9    0.969794
1.92    0.969564
1.94    0.969299
1.96    0.968994
1.98    0.968644
2    0.968241
2.02    0.967777
2.04    0.967242
2.06    0.966624
2.08    0.96591
2.1    0.965083
2.12    0.964124
2.14    0.963011
2.16    0.961716
2.18    0.960205
2.2    0.958439
2.22    0.956371
2.24    0.953942
2.26    0.951081
2.28    0.947705
2.3    0.943709
2.32    0.938968
2.34    0.933331
2.36    0.926617
2.38    0.918612
2.4    0.909065
2.42    0.897687
2.44    0.88416
2.46    0.86814
2.48    0.849284
2.5    0.827274
2.52    0.801863
2.54    0.772924
2.56    0.740503
2.58    0.704863
2.6    0.666502
2.62    0.62614
2.64    0.584665
2.66    0.543048
2.68    0.502241
2.7    0.46309
2.72    0.426265
2.74    0.392229
2.76    0.361242
2.78    0.333385
2.8    0.308595
2.82    0.286714
2.84    0.267519
2.86    0.25076
2.88    0.236174
2.9    0.22351
2.92    0.21253
2.94    0.203016
2.96    0.194777
2.98    0.18764
3    0.181456
3.02    0.176096
3.04    0.171447
3.06    0.167412
3.08    0.163908
3.1    0.160864
3.12    0.158216
3.14    0.155912
3.16    0.153907
3.18    0.15216
3.2    0.150638
3.22    0.149311
3.24    0.148153
3.26    0.147143
3.28    0.146262
3.3    0.145493
3.32    0.144821
3.34    0.144234
3.36    0.143721
3.38    0.143273
3.4    0.142882
3.42    0.14254
3.44    0.142241
3.46    0.141979
3.48    0.141751
3.5    0.141551
3.52    0.141376
3.54    0.141223
3.56    0.14109
3.58    0.140973
3.6    0.14087
3.62    0.140781
3.64    0.140703
3.66    0.140634
3.68    0.140574
3.7    0.140522
3.72    0.140476
3.74    0.140436
3.76    0.140401
3.78    0.140371
3.8    0.140344
3.82    0.14032
3.84    0.1403
3.86    0.140282
3.88    0.140266
3.9    0.140252
3.92    0.14024
3.94    0.14023
3.96    0.14022
3.98    0.140212
4    0.140205
4.02    0.140199
4.04    0.140194
4.06    0.140189
4.08    0.140185
4.1    0.140181
4.12    0.140178
4.14    0.140175
4.16    0.140173
4.18    0.140171
4.2    0.140169
4.22    0.140167
4.24    0.140166
4.26    0.140165
4.28    0.140164
4.3    0.140163
4.32    0.140162
4.34    0.140161
4.36    0.140161
4.38    0.14016
4.4    0.14016
4.42    0.140159
4.44    0.140159
4.46    0.140158
4.48    0.140158
4.5    0.140158
4.52    0.140158
4.54    0.140157
4.56    0.140157
4.58    0.140157
4.6    0.140157
4.62    0.140157
4.64    0.140157
4.66    0.140157
4.68    0.140157
4.7    0.140157
4.72    0.140157
4.74    0.140156
4.76    0.140156
4.78    0.140156
4.8    0.140156
4.82    0.140156
4.84    0.140156
4.86    0.140156
4.88    0.140156
4.9    0.140156
4.92    0.140156
4.94    0.140156
4.96    0.140156
4.98    0.140156
