-5    0.0134593
-4.98    0.0135191
-4.96    0.0135796
-4.94    0.013641
-4.92    0.0137031
-4.9    0.0137661
-4.88    0.0138298
-4.86    0.0138944
-4.84    0.0139598
-4.82    0.014026
-4.8    0.0140931
-4.78    0.0141611
-4.76    0.0142299
-4.74    0.0142996
-4.72    0.0143702
-4.7    0.0144417
-4.68    0.0145141
-4.66    0.0145874
-4.64    0.0146616
-4.62    0.0147369
-4.6    0.014813
-4.58    0.0148902
-4.56    0.0149683
-4.54    0.0150474
-4.52    0.0151275
-4.5    0.0152087
-4.48    0.0152908
-4.46    0.0153741
-4.44    0.0154583
-4.42    0.0155437
-4.4    0.0156301
-4.38    0.0157176
-4.36    0.0158062
-4.34    0.015896
-4.32    0.0159868
-4.3    0.0160789
-4.28    0.016172
-4.26    0.0162664
-4.24    0.016362
-4.22    0.0164587
-4.2    0.0165567
-4.18    0.0166559
-4.16    0.0167563
-4.14    0.016858
-4.12    0.016961
-4.1    0.0170652
-4.08    0.0171708
-4.06    0.0172777
-4.04    0.0173859
-4.02    0.0174954
-4    0.0176064
-3.98    0.0177187
-3.96    0.0178324
-3.94    0.0179475
-3.92    0.018064
-3.9    0.018182
-3.88    0.0183014
-3.86    0.0184223
-3.84    0.0185447
-3.82    0.0186686
-3.8    0.018794
-3.78    0.018921
-3.76    0.0190495
-3.74    0.0191796
-3.72    0.0193113
-3.7    0.0194446
-3.68    0.0195795
-3.66    0.019716
-3.64    0.0198542
-3.62    0.0199941
-3.6    0.0201357
-3.58    0.020279
-3.56    0.020424
-3.54    0.0205708
-3.52    0.0207194
-3.5    0.0208697
-3.48    0.0210218
-3.46    0.0211758
-3.44    0.0213316
-3.42    0.0214893
-3.4    0.0216489
-3.38    0.0218104
-3.36    0.0219738
-3.34    0.0221391
-3.32    0.0223065
-3.3    0.0224758
-3.28    0.0226471
-3.26    0.0228205
-3.24    0.0229959
-3.22    0.0231735
-3.2    0.0233531
-3.18    0.0235349
-3.16    0.0237188
-3.14    0.0239049
-3.12    0.0240932
-3.1    0.0242838
-3.08    0.0244766
-3.06    0.0246718
-3.04    0.0248692
-3.02    0.0250691
-3    0.0252713
-2.98    0.025476
-2.96    0.0256831
-2.94    0.0258927
-2.92    0.0261049
-2.9    0.0263196
-2.88    0.026537
-2.86    0.0267571
-2.84    0.0269798
-2.82    0.0272053
-2.8    0.0274337
-2.78    0.0276649
-2.76    0.027899
-2.74    0.0281361
-2.72    0.0283763
-2.7    0.0286195
-2.68    0.028866
-2.66    0.0291157
-2.64    0.0293687
-2.62    0.0296251
-2.6    0.029885
-2.58    0.0301485
-2.56    0.0304157
-2.54    0.0306867
-2.52    0.0309615
-2.5    0.0312404
-2.48    0.0315234
-2.46    0.0318106
-2.44    0.0321023
-2.42    0.0323984
-2.4    0.0326992
-2.38    0.0330049
-2.36    0.0333156
-2.34    0.0336315
-2.32    0.0339527
-2.3    0.0342796
-2.28    0.0346122
-2.26    0.0349509
-2.24    0.0352958
-2.22    0.0356472
-2.2    0.0360054
-2.18    0.0363707
-2.16    0.0367433
-2.14    0.0371237
-2.12    0.037512
-2.1    0.0379087
-2.08    0.0383141
-2.06    0.0387287
-2.04    0.0391528
-2.02    0.0395868
-2    0.0400313
-1.98    0.0404867
-1.96    0.0409536
-1.94    0.0414323
-1.92    0.0419236
-1.9    0.042428
-1.88    0.0429461
-1.86    0.0434786
-1.84    0.044026
-1.82    0.0445893
-1.8    0.045169
-1.78    0.0457659
-1.76    0.0463809
-1.74    0.0470148
-1.72    0.0476684
-1.7    0.0483427
-1.68    0.0490387
-1.66    0.0497572
-1.64    0.0504993
-1.62    0.0512661
-1.6    0.0520586
-1.58    0.0528779
-1.56    0.0537253
-1.54    0.0546019
-1.52    0.055509
-1.5    0.0564478
-1.48    0.0574195
-1.46    0.0584256
-1.44    0.0594674
-1.42    0.0605462
-1.4    0.0616636
-1.38    0.062821
-1.36    0.0640198
-1.34    0.0652617
-1.32    0.0665481
-1.3    0.0678806
-1.28    0.069261
-1.26    0.0706908
-1.24    0.0721718
-1.22    0.0737057
-1.2    0.0752945
-1.18    0.0769398
-1.16    0.0786438
-1.14    0.0804084
-1.12    0.0822357
-1.1    0.084128
-1.08    0.0860874
-1.06    0.0881166
-1.04    0.0902179
-1.02    0.0923942
-1    0.0946482
-0.98    0.0969831
-0.96    0.099402
-0.94    0.101908
-0.92    0.104506
-0.9    0.107198
-0.88    0.109989
-0.86    0.112884
-0.84    0.115886
-0.82    0.119
-0.8    0.122232
-0.78    0.125587
-0.76    0.129068
-0.74    0.132683
-0.72    0.136437
-0.7    0.140334
-0.68    0.14438
-0.66    0.148582
-0.64    0.152942
-0.62    0.157468
-0.6    0.162163
-0.58    0.167031
-0.56    0.172075
-0.54    0.1773
-0.52    0.182705
-0.5    0.188294
-0.48    0.194065
-0.46    0.200018
-0.44    0.20615
-0.42    0.212459
-0.4    0.218938
-0.38    0.225583
-0.36    0.232385
-0.34    0.239335
-0.32    0.246422
-0.3    0.253636
-0.28    0.260962
-0.26    0.268386
-0.24    0.275894
-0.22    0.283469
-0.2    0.291094
-0.18    0.298752
-0.16    0.306425
-0.14    0.314094
-0.12    0.321744
-0.1    0.329355
-0.08    0.33691
-0.06    0.344394
-0.04    0.35179
-0.02    0.359084
-1.80342e-14    0.366262
0.02    0.37331
0.04    0.380218
0.06    0.386975
0.08    0.393572
0.1    0.400002
0.12    0.406257
0.14    0.412334
0.16    0.418227
0.18    0.423933
0.2    0.429452
0.22    0.434782
0.24    0.439923
0.26    0.444877
0.28    0.449644
0.3    0.454228
0.32    0.45863
0.34    0.462855
0.36    0.466907
0.38    0.470788
0.4    0.474504
0.42    0.478059
0.44    0.481457
0.46    0.484703
0.48    0.487802
0.5    0.490757
0.52    0.493574
0.54    0.496257
0.56    0.49881
0.58    0.501237
0.6    0.503541
0.62    0.505726
0.64    0.507796
0.66    0.509754
0.68    0.511603
0.7    0.513346
0.72    0.514985
0.74    0.516523
0.76    0.517962
0.78    0.519304
0.8    0.520552
0.82    0.521707
0.84    0.522772
0.86    0.523747
0.88    0.524635
0.9    0.525437
0.92    0.526154
0.94    0.526789
0.96    0.527343
0.98    0.527816
1    0.528211
1.02    0.52853
1.04    0.528772
1.06    0.528941
1.08    0.529038
1.1    0.529064
1.12    0.529021
1.14    0.52891
1.16    0.528735
1.18    0.528495
1.2    0.528194
1.22    0.527833
1.24    0.527414
1.26    0.52694
1.28    0.526412
1.3    0.525833
1.32    0.525206
1.34    0.524532
1.36    0.523814
1.38    0.523055
1.4    0.522257
1.42    0.521423
1.44    0.520555
1.46    0.519657
1.48    0.51873
1.5    0.517777
1.52    0.516802
1.54    0.515806
1.56    0.514793
1.58    0.513765
1.6    0.512724
1.62    0.511675
1.64    0.510618
1.66    0.509557
1.68    0.508494
1.7    0.507431
1.72    0.506371
1.74    0.505316
1.76    0.504268
1.78    0.50323
1.8    0.502203
1.82    0.501189
1.84    0.500191
1.86    0.499209
1.88    0.498246
1.9    0.497303
1.92    0.496382
1.94    0.495483
1.96    0.494609
1.98    0.49376
2    0.492937
2.02    0.492142
2.04    0.491375
2.06    0.490636
2.08    0.489927
2.1    0.489249
2.12    0.488601
2.14    0.487984
2.16    0.487399
2.18    0.486845
2.2    0.486323
2.22    0.485833
2.24    0.485376
2.26    0.48495
2.28    0.484556
2.3    0.484193
2.32    0.483863
2.34    0.483563
2.36    0.483295
2.38    0.483057
2.4    0.48285
2.42    0.482672
2.44    0.482524
2.46    0.482405
2.48    0.482314
2.5    0.482251
2.52    0.482216
2.54    0.482207
2.56    0.482225
2.58    0.482268
2.6    0.482336
2.62    0.482428
2.64    0.482543
2.66    0.482682
2.68    0.482843
2.7    0.483025
2.72    0.483229
2.74    0.483452
2.76    0.483695
2.78    0.483957
2.8    0.484237
2.82    0.484534
2.84    0.484848
2.86    0.485179
2.88    0.485524
2.9    0.485884
2.92    0.486259
2.94    0.486646
2.96    0.487047
2.98    0.487459
3    0.487883
3.02    0.488318
3.04    0.488763
3.06    0.489217
3.08    0.489681
3.1    0.490153
3.12    0.490633
3.14    0.49112
3.16    0.491614
3.18    0.492114
3.2    0.49262
3.22    0.493132
3.24    0.493648
3.26    0.494168
3.28    0.494692
3.3    0.495219
3.32    0.49575
3.34    0.496282
3.36    0.496817
3.38    0.497354
3.4    0.497891
3.42    0.49843
3.44    0.498969
3.46    0.499509
3.48    0.500048
3.5    0.500586
3.52    0.501124
3.54    0.501661
3.56    0.502196
3.58    0.50273
3.6    0.503262
3.62    0.503792
3.64    0.504319
3.66    0.504843
3.68    0.505365
3.7    0.505884
3.72    0.506399
3.74    0.506911
3.76    0.507419
3.78    0.507924
3.8    0.508424
3.82    0.508921
3.84    0.509413
3.86    0.509901
3.88    0.510384
3.9    0.510862
3.92    0.511336
3.94    0.511805
3.96    0.512269
3.98    0.512728
4    0.513182
4.02    0.513631
4.04    0.514075
4.06    0.514513
4.08    0.514946
4.1    0.515374
4.12    0.515796
4.14    0.516213
4.16    0.516624
4.18    0.51703
4.2    0.517431
4.22    0.517825
4.24    0.518215
4.26    0.518598
4.28    0.518977
4.3    0.519349
4.32    0.519716
4.34    0.520078
4.36    0.520434
4.38    0.520785
4.4    0.52113
4.42    0.521469
4.44    0.521804
4.46    0.522132
4.48    0.522456
4.5    0.522774
4.52    0.523087
4.54    0.523395
4.56    0.523697
4.58    0.523994
4.6    0.524286
4.62    0.524573
4.64    0.524855
4.66    0.525132
4.68    0.525404
4.7    0.525671
4.72    0.525934
4.74    0.526191
4.76    0.526444
4.78    0.526692
4.8    0.526935
4.82    0.527174
4.84    0.527408
4.86    0.527638
4.88    0.527864
4.9    0.528085
4.92    0.528301
4.94    0.528514
4.96    0.528722
4.98    0.528927
