-5    0.00140768
-4.98    0.00140883
-4.96    0.00141
-4.94    0.00141118
-4.92    0.00141238
-4.9    0.0014136
-4.88    0.00141484
-4.86    0.00141609
-4.84    0.00141737
-4.82    0.00141866
-4.8    0.00141997
-4.78    0.0014213
-4.76    0.00142266
-4.74    0.00142403
-4.72    0.00142542
-4.7    0.00142684
-4.68    0.00142828
-4.66    0.00142974
-4.64    0.00143122
-4.62    0.00143272
-4.6    0.00143425
-4.58    0.00143581
-4.56    0.00143738
-4.54    0.00143899
-4.52    0.00144061
-4.5    0.00144227
-4.48    0.00144395
-4.46    0.00144565
-4.44    0.00144739
-4.42    0.00144915
-4.4    0.00145094
-4.38    0.00145275
-4.36    0.0014546
-4.34    0.00145648
-4.32    0.00145839
-4.3    0.00146033
-4.28    0.0014623
-4.26    0.0014643
-4.24    0.00146633
-4.22    0.0014684
-4.2    0.00147051
-4.18    0.00147264
-4.16    0.00147482
-4.14    0.00147703
-4.12    0.00147927
-4.1    0.00148155
-4.08    0.00148387
-4.06    0.00148623
-4.04    0.00148863
-4.02    0.00149107
-4    0.00149355
-3.98    0.00149608
-3.96    0.00149864
-3.94    0.00150125
-3.92    0.0015039
-3.9    0.0015066
-3.88    0.00150934
-3.86    0.00151213
-3.84    0.00151497
-3.82    0.00151786
-3.8    0.00152079
-3.78    0.00152378
-3.76    0.00152682
-3.74    0.00152991
-3.72    0.00153305
-3.7    0.00153625
-3.68    0.0015395
-3.66    0.00154281
-3.64    0.00154618
-3.62    0.00154961
-3.6    0.0015531
-3.58    0.00155665
-3.56    0.00156026
-3.54    0.00156393
-3.52    0.00156767
-3.5    0.00157147
-3.48    0.00157535
-3.46    0.00157929
-3.44    0.0015833
-3.42    0.00158738
-3.4    0.00159154
-3.38    0.00159577
-3.36    0.00160007
-3.34    0.00160446
-3.32    0.00160892
-3.3    0.00161346
-3.28    0.00161809
-3.26    0.0016228
-3.24    0.00162759
-3.22    0.00163247
-3.2    0.00163744
-3.18    0.00164251
-3.16    0.00164766
-3.14    0.00165291
-3.12    0.00165826
-3.1    0.0016637
-3.08    0.00166925
-3.06    0.0016749
-3.04    0.00168065
-3.02    0.00168652
-3    0.00169249
-2.98    0.00169857
-2.96    0.00170477
-2.94    0.00171109
-2.92    0.00171753
-2.9    0.00172409
-2.88    0.00173077
-2.86    0.00173758
-2.84    0.00174453
-2.82    0.00175161
-2.8    0.00175882
-2.78    0.00176618
-2.76    0.00177368
-2.74    0.00178132
-2.72    0.00178912
-2.7    0.00179707
-2.68    0.00180518
-2.66    0.00181345
-2.64    0.00182188
-2.62    0.00183049
-2.6    0.00183927
-2.58    0.00184823
-2.56    0.00185737
-2.54    0.0018667
-2.52    0.00187622
-2.5    0.00188594
-2.48    0.00189586
-2.46    0.00190599
-2.44    0.00191634
-2.42    0.0019269
-2.4    0.00193769
-2.38    0.00194871
-2.36    0.00195997
-2.34    0.00197148
-2.32    0.00198324
-2.3    0.00199526
-2.28    0.00200754
-2.26    0.00202011
-2.24    0.00203295
-2.22    0.00204609
-2.2    0.00205953
-2.18    0.00207328
-2.16    0.00208735
-2.14    0.00210175
-2.12    0.00211649
-2.1    0.00213159
-2.08    0.00214705
-2.06    0.00216288
-2.04    0.00217911
-2.02    0.00219573
-2    0.00221277
-1.98    0.00223024
-1.96    0.00224816
-1.94    0.00226654
-1.92    0.00228539
-1.9    0.00230474
-1.88    0.0023246
-1.86    0.00234499
-1.84    0.00236593
-1.82    0.00238744
-1.8    0.00240955
-1.78    0.00243227
-1.76    0.00245564
-1.74    0.00247966
-1.72    0.00250438
-1.7    0.00252982
-1.68    0.002556
-1.66    0.00258296
-1.64    0.00261073
-1.62    0.00263933
-1.6    0.00266882
-1.58    0.00269922
-1.56    0.00273057
-1.54    0.00276291
-1.52    0.00279629
-1.5    0.00283074
-1.48    0.00286632
-1.46    0.00290307
-1.44    0.00294105
-1.42    0.00298031
-1.4    0.0030209
-1.38    0.00306289
-1.36    0.00310635
-1.34    0.00315132
-1.32    0.0031979
-1.3    0.00324614
-1.28    0.00329613
-1.26    0.00334795
-1.24    0.00340168
-1.22    0.00345742
-1.2    0.00351526
-1.18    0.00357529
-1.16    0.00363764
-1.14    0.00370239
-1.12    0.00376968
-1.1    0.00383963
-1.08    0.00391237
-1.06    0.00398803
-1.04    0.00406676
-1.02    0.00414872
-1    0.00423406
-0.98    0.00432296
-0.96    0.00441559
-0.94    0.00451215
-0.92    0.00461283
-0.9    0.00471786
-0.88    0.00482744
-0.86    0.00494182
-0.84    0.00506125
-0.82    0.00518599
-0.8    0.00531633
-0.78    0.00545254
-0.76    0.00559495
-0.74    0.00574388
-0.72    0.00589968
-0.7    0.00606271
-0.68    0.00623336
-0.66    0.00641205
-0.64    0.00659919
-0.62    0.00679524
-0.6    0.00700069
-0.58    0.00721604
-0.56    0.00744183
-0.54    0.00767861
-0.52    0.00792698
-0.5    0.00818757
-0.48    0.00846103
-0.46    0.00874806
-0.44    0.00904938
-0.42    0.00936577
-0.4    0.00969802
-0.38    0.010047
-0.36    0.0104136
-0.34    0.0107987
-0.32    0.0112033
-0.3    0.0116284
-0.28    0.0120751
-0.26    0.0125446
-0.24    0.0130379
-0.22    0.0135564
-0.2    0.0141012
-0.18    0.0146736
-0.16    0.0152751
-0.14    0.0159071
-0.12    0.0165711
-0.1    0.0172685
-0.08    0.018001
-0.06    0.0187701
-0.04    0.0195776
-0.02    0.0204252
-1.80342e-14    0.0213147
0.02    0.0222478
0.04    0.0232265
0.06    0.0242527
0.08    0.0253283
0.1    0.0264553
0.12    0.0276357
0.14    0.0288715
0.16    0.0301648
0.18    0.0315176
0.2    0.0329322
0.22    0.0344105
0.24    0.0359546
0.26    0.0375667
0.28    0.0392487
0.3    0.0410028
0.32    0.0428309
0.34    0.0447349
0.36    0.0467169
0.38    0.0487786
0.4    0.0509217
0.42    0.0531481
0.44    0.0554591
0.46    0.0578564
0.48    0.0603413
0.5    0.062915
0.52    0.0655785
0.54    0.0683329
0.56    0.0711787
0.58    0.0741167
0.6    0.0771472
0.62    0.0802705
0.64    0.0834864
0.66    0.0867949
0.68    0.0901955
0.7    0.0936875
0.72    0.0972701
0.74    0.100942
0.76    0.104703
0.78    0.10855
0.8    0.112482
0.82    0.116497
0.84    0.120592
0.86    0.124766
0.88    0.129016
0.9    0.13334
0.92    0.137733
0.94    0.142193
0.96    0.146717
0.98    0.151302
1    0.155944
1.02    0.160639
1.04    0.165383
1.06    0.170174
1.08    0.175006
1.1    0.179877
1.12    0.184782
1.14    0.189716
1.16    0.194677
1.18    0.199661
1.2    0.204662
1.22    0.209678
1.24    0.214704
1.26    0.219737
1.28    0.224772
1.3    0.229807
1.32    0.234837
1.34    0.23986
1.36    0.244871
1.38    0.249867
1.4    0.254845
1.42    0.259803
1.44    0.264736
1.46    0.269643
1.48    0.274521
1.5    0.279366
1.52    0.284177
1.54    0.288951
1.56    0.293686
1.58    0.298381
1.6    0.303032
1.62    0.307639
1.64    0.3122
1.66    0.316713
1.68    0.321177
1.7    0.32559
1.72    0.329953
1.74    0.334262
1.76    0.338518
1.78    0.34272
1.8    0.346867
1.82    0.350959
1.84    0.354995
1.86    0.358974
1.88    0.362897
1.9    0.366763
1.92    0.370572
1.94    0.374325
1.96    0.37802
1.98    0.381658
2    0.38524
2.02    0.388765
2.04    0.392234
2.06    0.395648
2.08    0.399005
2.1    0.402308
2.12    0.405556
2.14    0.40875
2.16    0.411891
2.18    0.414979
2.2    0.418014
2.22    0.420998
2.24    0.423931
2.26    0.426814
2.28    0.429647
2.3    0.432431
2.32    0.435167
2.34    0.437856
2.36    0.440498
2.38    0.443095
2.4    0.445646
2.42    0.448153
2.44    0.450617
2.46    0.453038
2.48    0.455418
2.5    0.457756
2.52    0.460054
2.54    0.462313
2.56    0.464533
2.58    0.466715
2.6    0.46886
2.62    0.470969
2.64    0.473042
2.66    0.47508
2.68    0.477085
2.7    0.479056
2.72    0.480995
2.74    0.482902
2.76    0.484777
2.78    0.486623
2.8    0.488439
2.82    0.490226
2.84    0.491984
2.86    0.493715
2.88    0.495419
2.9    0.497096
2.92    0.498748
2.94    0.500375
2.96    0.501978
2.98    0.503556
3    0.505111
3.02    0.506644
3.04    0.508154
3.06    0.509643
3.08    0.511111
3.1    0.512559
3.12    0.513986
3.14    0.515394
3.16    0.516783
3.18    0.518153
3.2    0.519506
3.22    0.520841
3.24    0.522158
3.26    0.52346
3.28    0.524745
3.3    0.526014
3.32    0.527268
3.34    0.528506
3.36    0.529731
3.38    0.530941
3.4    0.532137
3.42    0.53332
3.44    0.53449
3.46    0.535647
3.48    0.536791
3.5    0.537924
3.52    0.539044
3.54    0.540154
3.56    0.541252
3.58    0.542339
3.6    0.543416
3.62    0.544482
3.64    0.545539
3.66    0.546586
3.68    0.547623
3.7    0.548651
3.72    0.54967
3.74    0.55068
3.76    0.551682
3.78    0.552676
3.8    0.553661
3.82    0.554639
3.84    0.555609
3.86    0.556571
3.88    0.557526
3.9    0.558474
3.92    0.559416
3.94    0.56035
3.96    0.561278
3.98    0.5622
4    0.563115
4.02    0.564025
4.04    0.564928
4.06    0.565826
4.08    0.566718
4.1    0.567604
4.12    0.568485
4.14    0.569361
4.16    0.570232
4.18    0.571098
4.2    0.571959
4.22    0.572816
4.24    0.573667
4.26    0.574514
4.28    0.575357
4.3    0.576195
4.32    0.577029
4.34    0.577859
4.36    0.578685
4.38    0.579507
4.4    0.580325
4.42    0.581139
4.44    0.58195
4.46    0.582756
4.48    0.583559
4.5    0.584359
4.52    0.585155
4.54    0.585947
4.56    0.586737
4.58    0.587522
4.6    0.588305
4.62    0.589084
4.64    0.589861
4.66    0.590634
4.68    0.591404
4.7    0.592171
4.72    0.592935
4.74    0.593696
4.76    0.594454
4.78    0.595209
4.8    0.595961
4.82    0.596711
4.84    0.597458
4.86    0.598202
4.88    0.598943
4.9    0.599681
4.92    0.600417
4.94    0.60115
4.96    0.601881
4.98    0.602608
