-5    5.0803e-07
-4.98    5.28699e-07
-4.96    5.50809e-07
-4.94    5.7448e-07
-4.92    5.99845e-07
-4.9    6.27049e-07
-4.88    6.56253e-07
-4.86    6.87632e-07
-4.84    7.21379e-07
-4.82    7.57709e-07
-4.8    7.96857e-07
-4.78    8.39083e-07
-4.76    8.84674e-07
-4.74    9.3395e-07
-4.72    9.87261e-07
-4.7    1.045e-06
-4.68    1.1076e-06
-4.66    1.17553e-06
-4.64    1.24934e-06
-4.62    1.32962e-06
-4.6    1.41702e-06
-4.58    1.51229e-06
-4.56    1.61624e-06
-4.54    1.72978e-06
-4.52    1.85393e-06
-4.5    1.98984e-06
-4.48    2.13876e-06
-4.46    2.30213e-06
-4.44    2.48152e-06
-4.42    2.67872e-06
-4.4    2.89571e-06
-4.38    3.13472e-06
-4.36    3.39824e-06
-4.34    3.68906e-06
-4.32    4.01031e-06
-4.3    4.36549e-06
-4.28    4.75851e-06
-4.26    5.19378e-06
-4.24    5.6762e-06
-4.22    6.21127e-06
-4.2    6.80515e-06
-4.18    7.4647e-06
-4.16    8.1976e-06
-4.14    9.0124e-06
-4.12    9.91864e-06
-4.1    1.09269e-05
-4.08    1.2049e-05
-4.06    1.32979e-05
-4.04    1.46881e-05
-4.02    1.62354e-05
-4    1.79575e-05
-3.98    1.98734e-05
-3.96    2.20041e-05
-3.94    2.43724e-05
-3.92    2.7003e-05
-3.9    2.99224e-05
-3.88    3.31593e-05
-3.86    3.67439e-05
-3.84    4.07082e-05
-3.82    4.50859e-05
-3.8    4.99119e-05
-3.78    5.52221e-05
-3.76    6.10529e-05
-3.74    6.74408e-05
-3.72    7.44219e-05
-3.7    8.20312e-05
-3.68    9.03017e-05
-3.66    9.92639e-05
-3.64    0.000108945
-3.62    0.000119368
-3.6    0.000130553
-3.58    0.000142511
-3.56    0.000155253
-3.54    0.000168779
-3.52    0.000183089
-3.5    0.000198176
-3.48    0.000214028
-3.46    0.000230634
-3.44    0.000247982
-3.42    0.000266058
-3.4    0.000284857
-3.38    0.000304375
-3.36    0.000324622
-3.34    0.000345614
-3.32    0.000367383
-3.3    0.000389975
-3.28    0.000413455
-3.26    0.000437904
-3.24    0.000463422
-3.22    0.000490132
-3.2    0.000518173
-3.18    0.000547708
-3.16    0.000578916
-3.14    0.000612
-3.12    0.000647177
-3.1    0.000684687
-3.08    0.000724785
-3.06    0.000767745
-3.04    0.000813855
-3.02    0.000863421
-3    0.000916765
-2.98    0.000974222
-2.96    0.00103614
-2.94    0.00110289
-2.92    0.00117484
-2.9    0.00125239
-2.88    0.00133593
-2.86    0.00142586
-2.84    0.00152262
-2.82    0.00162662
-2.8    0.0017383
-2.78    0.00185808
-2.76    0.0019864
-2.74    0.00212371
-2.72    0.00227042
-2.7    0.00242696
-2.68    0.00259376
-2.66    0.00277123
-2.64    0.00295975
-2.62    0.00315972
-2.6    0.00337149
-2.58    0.00359542
-2.56    0.00383182
-2.54    0.004081
-2.52    0.00434323
-2.5    0.00461875
-2.48    0.00490778
-2.46    0.00521052
-2.44    0.00552711
-2.42    0.0058577
-2.4    0.00620236
-2.38    0.00656116
-2.36    0.00693415
-2.34    0.00732132
-2.32    0.00772265
-2.3    0.00813808
-2.28    0.00856756
-2.26    0.00901097
-2.24    0.0094682
-2.22    0.00993912
-2.2    0.0104236
-2.18    0.0109214
-2.16    0.0114325
-2.14    0.0119566
-2.12    0.0124937
-2.1    0.0130435
-2.08    0.0136059
-2.06    0.0141808
-2.04    0.014768
-2.02    0.0153676
-2    0.0159794
-1.98    0.0166035
-1.96    0.0172398
-1.94    0.0178885
-1.92    0.0185495
-1.9    0.0192232
-1.88    0.0199096
-1.86    0.0206091
-1.84    0.0213219
-1.82    0.0220483
-1.8    0.0227887
-1.78    0.0235436
-1.76    0.0243133
-1.74    0.0250983
-1.72    0.0258991
-1.7    0.0267161
-1.68    0.0275497
-1.66    0.0284004
-1.64    0.0292685
-1.62    0.0301542
-1.6    0.0310579
-1.58    0.0319797
-1.56    0.0329196
-1.54    0.0338775
-1.52    0.0348534
-1.5    0.035847
-1.48    0.0368579
-1.46    0.0378857
-1.44    0.0389299
-1.42    0.0399898
-1.4    0.0410649
-1.38    0.0421544
-1.36    0.0432576
-1.34    0.0443738
-1.32    0.0455022
-1.3    0.046642
-1.28    0.0477926
-1.26    0.0489532
-1.24    0.0501231
-1.22    0.0513016
-1.2    0.0524882
-1.18    0.0536821
-1.16    0.0548829
-1.14    0.0560899
-1.12    0.0573025
-1.1    0.0585203
-1.08    0.0597427
-1.06    0.0609691
-1.04    0.0621991
-1.02    0.0634319
-1    0.0646671
-0.98    0.065904
-0.96    0.0671421
-0.94    0.0683806
-0.92    0.0696189
-0.9    0.0708562
-0.88    0.0720918
-0.86    0.0733248
-0.84    0.0745544
-0.82    0.0757797
-0.8    0.0769996
-0.78    0.0782131
-0.76    0.0794192
-0.74    0.0806167
-0.72    0.0818044
-0.7    0.0829811
-0.68    0.0841454
-0.66    0.0852962
-0.64    0.0864319
-0.62    0.0875512
-0.6    0.0886526
-0.58    0.0897347
-0.56    0.0907959
-0.54    0.0918349
-0.52    0.09285
-0.5    0.0938398
-0.48    0.0948028
-0.46    0.0957375
-0.44    0.0966425
-0.42    0.0975163
-0.4    0.0983577
-0.38    0.0991651
-0.36    0.0999374
-0.34    0.100673
-0.32    0.101372
-0.3    0.102031
-0.28    0.102651
-0.26    0.103231
-0.24    0.103769
-0.22    0.104264
-0.2    0.104717
-0.18    0.105126
-0.16    0.10549
-0.14    0.10581
-0.12    0.106085
-0.1    0.106315
-0.08    0.106499
-0.06    0.106638
-0.04    0.10673
-0.02    0.106778
-1.80342e-14    0.106779
0.02    0.106735
0.04    0.106646
0.06    0.106512
0.08    0.106333
0.1    0.106111
0.12    0.105844
0.14    0.105535
0.16    0.105184
0.18    0.10479
0.2    0.104355
0.22    0.10388
0.24    0.103365
0.26    0.102812
0.28    0.10222
0.3    0.101591
0.32    0.100926
0.34    0.100225
0.36    0.0994899
0.38    0.0987211
0.4    0.0979198
0.42    0.0970868
0.44    0.0962232
0.46    0.0953299
0.48    0.0944081
0.5    0.0934587
0.52    0.0924827
0.54    0.0914813
0.56    0.0904554
0.58    0.0894062
0.6    0.0883346
0.62    0.0872418
0.64    0.0861288
0.66    0.0849968
0.68    0.0838467
0.7    0.0826796
0.72    0.0814967
0.74    0.080299
0.76    0.0790876
0.78    0.0778635
0.8    0.0766279
0.82    0.0753818
0.84    0.0741263
0.86    0.0728624
0.88    0.0715912
0.9    0.0703137
0.92    0.069031
0.94    0.0677442
0.96    0.0664542
0.98    0.0651621
1    0.0638688
1.02    0.0625755
1.04    0.061283
1.06    0.0599924
1.08    0.0587046
1.1    0.0574205
1.12    0.0561411
1.14    0.0548673
1.16    0.0536
1.18    0.05234
1.2    0.0510883
1.22    0.0498456
1.24    0.0486128
1.26    0.0473906
1.28    0.0461799
1.3    0.0449813
1.32    0.0437955
1.34    0.0426233
1.36    0.0414653
1.38    0.0403222
1.4    0.0391944
1.42    0.0380826
1.44    0.0369874
1.46    0.0359092
1.48    0.0348485
1.5    0.0338057
1.52    0.0327812
1.54    0.0317755
1.56    0.0307887
1.58    0.0298214
1.6    0.0288736
1.62    0.0279456
1.64    0.0270377
1.66    0.02615
1.68    0.0252826
1.7    0.0244357
1.72    0.0236092
1.74    0.0228033
1.76    0.0220179
1.78    0.0212531
1.8    0.0205086
1.82    0.0197846
1.84    0.0190808
1.86    0.0183971
1.88    0.0177333
1.9    0.0170893
1.92    0.0164649
1.94    0.0158598
1.96    0.0152737
1.98    0.0147064
2    0.0141576
2.02    0.013627
2.04    0.0131142
2.06    0.0126189
2.08    0.0121409
2.1    0.0116796
2.12    0.0112348
2.14    0.010806
2.16    0.0103929
2.18    0.0099951
2.2    0.00961218
2.22    0.00924373
2.24    0.00888936
2.26    0.00854867
2.28    0.00822126
2.3    0.00790671
2.32    0.00760463
2.34    0.00731461
2.36    0.00703627
2.38    0.0067692
2.4    0.00651303
2.42    0.00626737
2.44    0.00603185
2.46    0.00580609
2.48    0.00558975
2.5    0.00538245
2.52    0.00518386
2.54    0.00499364
2.56    0.00481145
2.58    0.00463699
2.6    0.00446993
2.62    0.00430998
2.64    0.00415683
2.66    0.00401022
2.68    0.00386985
2.7    0.00373547
2.72    0.00360681
2.74    0.00348364
2.76    0.0033657
2.78    0.00325278
2.8    0.00314465
2.82    0.00304109
2.84    0.00294191
2.86    0.00284691
2.88    0.00275589
2.9    0.00266869
2.92    0.00258512
2.94    0.00250502
2.96    0.00242824
2.98    0.00235462
3    0.00228402
3.02    0.0022163
3.04    0.00215133
3.06    0.00208899
3.08    0.00202915
3.1    0.00197171
3.12    0.00191655
3.14    0.00186356
3.16    0.00181266
3.18    0.00176375
3.2    0.00171673
3.22    0.00167153
3.24    0.00162806
3.26    0.00158625
3.28    0.00154601
3.3    0.0015073
3.32    0.00147003
3.34    0.00143414
3.36    0.00139957
3.38    0.00136628
3.4    0.00133419
3.42    0.00130327
3.44    0.00127346
3.46    0.00124472
3.48    0.00121699
3.5    0.00119025
3.52    0.00116444
3.54    0.00113953
3.56    0.00111549
3.58    0.00109227
3.6    0.00106985
3.62    0.0010482
3.64    0.00102728
3.66    0.00100706
3.68    0.00098752
3.7    0.000968631
3.72    0.000950368
3.74    0.000932707
3.76    0.000915625
3.78    0.000899101
3.8    0.000883113
3.82    0.000867642
3.84    0.000852668
3.86    0.000838174
3.88    0.00082414
3.9    0.000810552
3.92    0.000797392
3.94    0.000784646
3.96    0.000772298
3.98    0.000760335
4    0.000748742
4.02    0.000737508
4.04    0.000726618
4.06    0.000716062
4.08    0.000705827
4.1    0.000695904
4.12    0.00068628
4.14    0.000676946
4.16    0.000667892
4.18    0.000659108
4.2    0.000650586
4.22    0.000642316
4.24    0.000634291
4.26    0.000626502
4.28    0.000618941
4.3    0.000611601
4.32    0.000604474
4.34    0.000597555
4.36    0.000590835
4.38    0.000584308
4.4    0.000577969
4.42    0.000571811
4.44    0.000565828
4.46    0.000560016
4.48    0.000554367
4.5    0.000548878
4.52    0.000543543
4.54    0.000538358
4.56    0.000533318
4.58    0.000528417
4.6    0.000523653
4.62    0.00051902
4.64    0.000514515
4.66    0.000510134
4.68    0.000505872
4.7    0.000501727
4.72    0.000497695
4.74    0.000493772
4.76    0.000489956
4.78    0.000486242
4.8    0.000482628
4.82    0.000479111
4.84    0.000475688
4.86    0.000472357
4.88    0.000469114
4.9    0.000465956
4.92    0.000462883
4.94    0.00045989
4.96    0.000456976
4.98    0.000454138
