-5    0.00765789
-4.98    0.00767354
-4.96    0.00768965
-4.94    0.00770626
-4.92    0.00772337
-4.9    0.007741
-4.88    0.00775917
-4.86    0.00777789
-4.84    0.00779719
-4.82    0.00781708
-4.8    0.00783758
-4.78    0.00785871
-4.76    0.00788049
-4.74    0.00790294
-4.72    0.00792609
-4.7    0.00794995
-4.68    0.00797456
-4.66    0.00799992
-4.64    0.00802608
-4.62    0.00805305
-4.6    0.00808086
-4.58    0.00810955
-4.56    0.00813913
-4.54    0.00816965
-4.52    0.00820112
-4.5    0.00823359
-4.48    0.00826709
-4.46    0.00830165
-4.44    0.00833731
-4.42    0.00837411
-4.4    0.00841208
-4.38    0.00845127
-4.36    0.00849172
-4.34    0.00853347
-4.32    0.00857657
-4.3    0.00862106
-4.28    0.008667
-4.26    0.00871444
-4.24    0.00876342
-4.22    0.00881401
-4.2    0.00886627
-4.18    0.00892024
-4.16    0.008976
-4.14    0.00903362
-4.12    0.00909315
-4.1    0.00915467
-4.08    0.00921825
-4.06    0.00928397
-4.04    0.00935191
-4.02    0.00942215
-4    0.00949478
-3.98    0.00956989
-3.96    0.00964758
-3.94    0.00972794
-3.92    0.00981107
-3.9    0.00989709
-3.88    0.00998611
-3.86    0.0100782
-3.84    0.0101736
-3.82    0.0102723
-3.8    0.0103746
-3.78    0.0104804
-3.76    0.0105901
-3.74    0.0107037
-3.72    0.0108214
-3.7    0.0109433
-3.68    0.0110697
-3.66    0.0112007
-3.64    0.0113366
-3.62    0.0114774
-3.6    0.0116235
-3.58    0.0117751
-3.56    0.0119323
-3.54    0.0120955
-3.52    0.0122649
-3.5    0.0124407
-3.48    0.0126232
-3.46    0.0128128
-3.44    0.0130097
-3.42    0.0132143
-3.4    0.0134269
-3.38    0.0136479
-3.36    0.0138776
-3.34    0.0141165
-3.32    0.0143649
-3.3    0.0146233
-3.28    0.0148921
-3.26    0.0151719
-3.24    0.0154632
-3.22    0.0157664
-3.2    0.0160822
-3.18    0.016411
-3.16    0.0167537
-3.14    0.0171107
-3.12    0.0174829
-3.1    0.0178708
-3.08    0.0182754
-3.06    0.0186973
-3.04    0.0191374
-3.02    0.0195966
-3    0.0200759
-2.98    0.0205762
-2.96    0.0210985
-2.94    0.0216439
-2.92    0.0222137
-2.9    0.0228088
-2.88    0.0234308
-2.86    0.0240807
-2.84    0.0247601
-2.82    0.0254705
-2.8    0.0262132
-2.78    0.02699
-2.76    0.0278026
-2.74    0.0286527
-2.72    0.0295422
-2.7    0.030473
-2.68    0.0314473
-2.66    0.0324671
-2.64    0.0335346
-2.62    0.0346524
-2.6    0.0358227
-2.58    0.0370483
-2.56    0.0383317
-2.54    0.0396758
-2.52    0.0410835
-2.5    0.0425578
-2.48    0.0441021
-2.46    0.0457194
-2.44    0.0474133
-2.42    0.0491874
-2.4    0.0510454
-2.38    0.0529909
-2.36    0.0550282
-2.34    0.0571611
-2.32    0.059394
-2.3    0.0617312
-2.28    0.0641772
-2.26    0.0667364
-2.24    0.0694138
-2.22    0.0722139
-2.2    0.0751418
-2.18    0.0782024
-2.16    0.0814008
-2.14    0.0847421
-2.12    0.0882315
-2.1    0.0918742
-2.08    0.0956754
-2.06    0.0996405
-2.04    0.103774
-2.02    0.108083
-2    0.11257
-1.98    0.117242
-1.96    0.122103
-1.94    0.127158
-1.92    0.132411
-1.9    0.137868
-1.88    0.143531
-1.86    0.149406
-1.84    0.155496
-1.82    0.161803
-1.8    0.168331
-1.78    0.175083
-1.76    0.18206
-1.74    0.189265
-1.72    0.196698
-1.7    0.20436
-1.68    0.212252
-1.66    0.220372
-1.64    0.22872
-1.62    0.237294
-1.6    0.246092
-1.58    0.255111
-1.56    0.264348
-1.54    0.273798
-1.52    0.283456
-1.5    0.293317
-1.48    0.303375
-1.46    0.313622
-1.44    0.324052
-1.42    0.334656
-1.4    0.345425
-1.38    0.35635
-1.36    0.36742
-1.34    0.378627
-1.32    0.389958
-1.3    0.401402
-1.28    0.412947
-1.26    0.424581
-1.24    0.436291
-1.22    0.448065
-1.2    0.459888
-1.18    0.471747
-1.16    0.483629
-1.14    0.49552
-1.12    0.507405
-1.1    0.51927
-1.08    0.531101
-1.06    0.542883
-1.04    0.554602
-1.02    0.566244
-1    0.577796
-0.98    0.589243
-0.96    0.600573
-0.94    0.611775
-0.92    0.622838
-0.9    0.633756
-0.88    0.644523
-0.86    0.655137
-0.84    0.6656
-0.82    0.675918
-0.8    0.686099
-0.78    0.696153
-0.76    0.70609
-0.74    0.71592
-0.72    0.725645
-0.7    0.735262
-0.68    0.744757
-0.66    0.754111
-0.64    0.763293
-0.62    0.772269
-0.6    0.781
-0.58    0.78945
-0.56    0.797585
-0.54    0.805378
-0.52    0.81281
-0.5    0.819867
-0.48    0.826547
-0.46    0.832853
-0.44    0.838792
-0.42    0.844379
-0.4    0.849627
-0.38    0.854554
-0.36    0.859179
-0.34    0.86352
-0.32    0.867593
-0.3    0.871415
-0.28    0.875002
-0.26    0.878367
-0.24    0.881523
-0.22    0.884479
-0.2    0.887246
-0.18    0.88983
-0.16    0.892237
-0.14    0.894472
-0.12    0.896536
-0.1    0.898432
-0.08    0.900156
-0.06    0.901707
-0.04    0.903079
-0.02    0.904265
-1.80342e-14    0.905254
0.02    0.906036
0.04    0.906594
0.06    0.906911
0.08    0.906967
0.1    0.906739
0.12    0.906202
0.14    0.905329
0.16    0.904092
0.18    0.902461
0.2    0.900409
0.22    0.89791
0.24    0.894944
0.26    0.891494
0.28    0.887554
0.3    0.883127
0.32    0.878227
0.34    0.872881
0.36    0.867124
0.38    0.861003
0.4    0.854572
0.42    0.847886
0.44    0.841001
0.46    0.833968
0.48    0.82683
0.5    0.81962
0.52    0.812359
0.54    0.805057
0.56    0.797713
0.58    0.790315
0.6    0.782844
0.62    0.775275
0.64    0.76758
0.66    0.759728
0.68    0.751687
0.7    0.743431
0.72    0.734931
0.74    0.726165
0.76    0.717117
0.78    0.707772
0.8    0.698125
0.82    0.688174
0.84    0.677924
0.86    0.667385
0.88    0.656573
0.9    0.64551
0.92    0.63422
0.94    0.622732
0.96    0.611079
0.98    0.599295
1    0.587414
1.02    0.575471
1.04    0.563503
1.06    0.551541
1.08    0.539616
1.1    0.527757
1.12    0.51599
1.14    0.504334
1.16    0.492809
1.18    0.481428
1.2    0.470201
1.22    0.459135
1.24    0.448233
1.26    0.437496
1.28    0.426922
1.3    0.416506
1.32    0.406241
1.34    0.396121
1.36    0.386135
1.38    0.376276
1.4    0.366534
1.42    0.356898
1.44    0.34736
1.46    0.337912
1.48    0.328546
1.5    0.319256
1.52    0.310036
1.54    0.300882
1.56    0.291793
1.58    0.282768
1.6    0.273806
1.62    0.264912
1.64    0.256088
1.66    0.24734
1.68    0.238674
1.7    0.230099
1.72    0.221624
1.74    0.213257
1.76    0.20501
1.78    0.196894
1.8    0.18892
1.82    0.1811
1.84    0.173445
1.86    0.165966
1.88    0.158674
1.9    0.151579
1.92    0.144688
1.94    0.138011
1.96    0.131555
1.98    0.125325
2    0.119325
2.02    0.113559
2.04    0.108028
2.06    0.102734
2.08    0.0976758
2.1    0.0928513
2.12    0.088258
2.14    0.083892
2.16    0.0797487
2.18    0.0758226
2.2    0.0721074
2.22    0.0685965
2.24    0.0652826
2.26    0.0621582
2.28    0.0592156
2.3    0.0564468
2.32    0.0538436
2.34    0.0513982
2.36    0.0491024
2.38    0.0469484
2.4    0.0449284
2.42    0.0430351
2.44    0.041261
2.46    0.0395993
2.48    0.038043
2.5    0.0365859
2.52    0.0352218
2.54    0.0339448
2.56    0.0327493
2.58    0.0316303
2.6    0.0305827
2.62    0.0296019
2.64    0.0286835
2.66    0.0278234
2.68    0.0270178
2.7    0.0262631
2.72    0.0255559
2.74    0.0248931
2.76    0.0242718
2.78    0.0236892
2.8    0.0231428
2.82    0.0226301
2.84    0.022149
2.86    0.0216975
2.88    0.0212735
2.9    0.0208753
2.92    0.0205013
2.94    0.0201498
2.96    0.0198195
2.98    0.0195089
3    0.0192169
3.02    0.0189422
3.04    0.0186838
3.06    0.0184407
3.08    0.0182119
3.1    0.0179965
3.12    0.0177937
3.14    0.0176027
3.16    0.0174228
3.18    0.0172534
3.2    0.0170937
3.22    0.0169433
3.24    0.0168016
3.26    0.016668
3.28    0.0165421
3.3    0.0164235
3.32    0.0163116
3.34    0.0162062
3.36    0.0161068
3.38    0.0160131
3.4    0.0159248
3.42    0.0158415
3.44    0.0157631
3.46    0.0156891
3.48    0.0156194
3.5    0.0155537
3.52    0.0154918
3.54    0.0154335
3.56    0.0153786
3.58    0.015327
3.6    0.0152783
3.62    0.0152325
3.64    0.0151894
3.66    0.0151489
3.68    0.0151109
3.7    0.0150751
3.72    0.0150415
3.74    0.01501
3.76    0.0149805
3.78    0.0149528
3.8    0.0149269
3.82    0.0149026
3.84    0.01488
3.86    0.0148589
3.88    0.0148392
3.9    0.0148209
3.92    0.0148038
3.94    0.0147881
3.96    0.0147735
3.98    0.01476
4    0.0147477
4.02    0.0147363
4.04    0.014726
4.06    0.0147165
4.08    0.014708
4.1    0.0147004
4.12    0.0146935
4.14    0.0146875
4.16    0.0146822
4.18    0.0146777
4.2    0.0146738
4.22    0.0146707
4.24    0.0146682
4.26    0.0146663
4.28    0.0146651
4.3    0.0146645
4.32    0.0146644
4.34    0.0146649
4.36    0.014666
4.38    0.0146676
4.4    0.0146697
4.42    0.0146723
4.44    0.0146755
4.46    0.0146791
4.48    0.0146832
4.5    0.0146878
4.52    0.0146929
4.54    0.0146984
4.56    0.0147044
4.58    0.0147109
4.6    0.0147178
4.62    0.0147251
4.64    0.014733
4.66    0.0147412
4.68    0.01475
4.7    0.0147592
4.72    0.0147688
4.74    0.0147789
4.76    0.0147895
4.78    0.0148005
4.8    0.014812
4.82    0.0148239
4.84    0.0148364
4.86    0.0148493
4.88    0.0148627
4.9    0.0148766
4.92    0.0148911
4.94    0.014906
4.96    0.0149215
4.98    0.0149374
