-5    0.418814
-4.98    0.418814
-4.96    0.418814
-4.94    0.418814
-4.92    0.418813
-4.9    0.418813
-4.88    0.418813
-4.86    0.418813
-4.84    0.418813
-4.82    0.418813
-4.8    0.418813
-4.78    0.418813
-4.76    0.418813
-4.74    0.418813
-4.72    0.418813
-4.7    0.418813
-4.68    0.418813
-4.66    0.418813
-4.64    0.418813
-4.62    0.418812
-4.6    0.418812
-4.58    0.418812
-4.56    0.418812
-4.54    0.418812
-4.52    0.418812
-4.5    0.418812
-4.48    0.418812
-4.46    0.418812
-4.44    0.418811
-4.42    0.418811
-4.4    0.418811
-4.38    0.418811
-4.36    0.418811
-4.34    0.418811
-4.32    0.41881
-4.3    0.41881
-4.28    0.41881
-4.26    0.41881
-4.24    0.41881
-4.22    0.418809
-4.2    0.418809
-4.18    0.418809
-4.16    0.418808
-4.14    0.418808
-4.12    0.418808
-4.1    0.418808
-4.08    0.418807
-4.06    0.418807
-4.04    0.418806
-4.02    0.418806
-4    0.418806
-3.98    0.418805
-3.96    0.418805
-3.94    0.418804
-3.92    0.418804
-3.9    0.418803
-3.88    0.418803
-3.86    0.418802
-3.84    0.418801
-3.82    0.418801
-3.8    0.4188
-3.78    0.418799
-3.76    0.418799
-3.74    0.418798
-3.72    0.418797
-3.7    0.418796
-3.68    0.418795
-3.66    0.418794
-3.64    0.418793
-3.62    0.418792
-3.6    0.418791
-3.58    0.41879
-3.56    0.418789
-3.54    0.418787
-3.52    0.418786
-3.5    0.418785
-3.48    0.418783
-3.46    0.418782
-3.44    0.41878
-3.42    0.418778
-3.4    0.418776
-3.38    0.418775
-3.36    0.418773
-3.34    0.41877
-3.32    0.418768
-3.3    0.418766
-3.28    0.418763
-3.26    0.418761
-3.24    0.418758
-3.22    0.418755
-3.2    0.418752
-3.18    0.418749
-3.16    0.418746
-3.14    0.418743
-3.12    0.418739
-3.1    0.418735
-3.08    0.418731
-3.06    0.418727
-3.04    0.418723
-3.02    0.418718
-3    0.418713
-2.98    0.418708
-2.96    0.418703
-2.94    0.418697
-2.92    0.418691
-2.9    0.418685
-2.88    0.418679
-2.86    0.418672
-2.84    0.418665
-2.82    0.418657
-2.8    0.418649
-2.78    0.418641
-2.76    0.418632
-2.74    0.418623
-2.72    0.418613
-2.7    0.418603
-2.68    0.418593
-2.66    0.418582
-2.64    0.41857
-2.62    0.418558
-2.6    0.418545
-2.58    0.418531
-2.56    0.418517
-2.54    0.418502
-2.52    0.418486
-2.5    0.41847
-2.48    0.418452
-2.46    0.418434
-2.44    0.418415
-2.42    0.418395
-2.4    0.418374
-2.38    0.418352
-2.36    0.418329
-2.34    0.418304
-2.32    0.418279
-2.3    0.418252
-2.28    0.418223
-2.26    0.418194
-2.24    0.418163
-2.22    0.41813
-2.2    0.418095
-2.18    0.418059
-2.16    0.418021
-2.14    0.417982
-2.12    0.41794
-2.1    0.417896
-2.08    0.41785
-2.06    0.417801
-2.04    0.41775
-2.02    0.417697
-2    0.417641
-1.98    0.417582
-1.96    0.41752
-1.94    0.417455
-1.92    0.417387
-1.9    0.417315
-1.88    0.41724
-1.86    0.417161
-1.84    0.417078
-1.82    0.416991
-1.8    0.4169
-1.78    0.416804
-1.76    0.416703
-1.74    0.416597
-1.72    0.416486
-1.7    0.41637
-1.68    0.416248
-1.66    0.416119
-1.64    0.415985
-1.62    0.415844
-1.6    0.415695
-1.58    0.41554
-1.56    0.415377
-1.54    0.415206
-1.52    0.415026
-1.5    0.414838
-1.48    0.414641
-1.46    0.414434
-1.44    0.414217
-1.42    0.41399
-1.4    0.413752
-1.38    0.413502
-1.36    0.413241
-1.34    0.412968
-1.32    0.412681
-1.3    0.412382
-1.28    0.412068
-1.26    0.41174
-1.24    0.411397
-1.22    0.411038
-1.2    0.410663
-1.18    0.410272
-1.16    0.409863
-1.14    0.409436
-1.12    0.408991
-1.1    0.408526
-1.08    0.408042
-1.06    0.407538
-1.04    0.407013
-1.02    0.406467
-1    0.405898
-0.98    0.405308
-0.96    0.404695
-0.94    0.404058
-0.92    0.403397
-0.9    0.402713
-0.88    0.402004
-0.86    0.40127
-0.84    0.400511
-0.82    0.399726
-0.8    0.398917
-0.78    0.398081
-0.76    0.39722
-0.74    0.396333
-0.72    0.39542
-0.7    0.394481
-0.68    0.393517
-0.66    0.392527
-0.64    0.391512
-0.62    0.390472
-0.6    0.389407
-0.58    0.388317
-0.56    0.387203
-0.54    0.386065
-0.52    0.384903
-0.5    0.383719
-0.48    0.382511
-0.46    0.381281
-0.44    0.380028
-0.42    0.378753
-0.4    0.377457
-0.38    0.37614
-0.36    0.374801
-0.34    0.373441
-0.32    0.37206
-0.3    0.370659
-0.28    0.369237
-0.26    0.367793
-0.24    0.366329
-0.22    0.364844
-0.2    0.363338
-0.18    0.36181
-0.16    0.360261
-0.14    0.35869
-0.12    0.357096
-0.1    0.355479
-0.08    0.353839
-0.06    0.352175
-0.04    0.350487
-0.02    0.348774
-1.80342e-14    0.347036
0.02    0.345272
0.04    0.343482
0.06    0.341665
0.08    0.339822
0.1    0.337952
0.12    0.336054
0.14    0.334128
0.16    0.332175
0.18    0.330195
0.2    0.328187
0.22    0.326152
0.24    0.324091
0.26    0.322004
0.28    0.319891
0.3    0.317755
0.32    0.315595
0.34    0.313413
0.36    0.311211
0.38    0.30899
0.4    0.306752
0.42    0.3045
0.44    0.302234
0.46    0.299957
0.48    0.297672
0.5    0.295381
0.52    0.293087
0.54    0.290793
0.56    0.288501
0.58    0.286214
0.6    0.283935
0.62    0.281667
0.64    0.279413
0.66    0.277176
0.68    0.274958
0.7    0.272763
0.72    0.270592
0.74    0.26845
0.76    0.266337
0.78    0.264256
0.8    0.26221
0.82    0.260201
0.84    0.258229
0.86    0.256298
0.88    0.254408
0.9    0.252561
0.92    0.250757
0.94    0.248998
0.96    0.247285
0.98    0.245618
1    0.243997
1.02    0.242423
1.04    0.240895
1.06    0.239415
1.08    0.237981
1.1    0.236593
1.12    0.235251
1.14    0.233955
1.16    0.232703
1.18    0.231495
1.2    0.23033
1.22    0.229207
1.24    0.228126
1.26    0.227085
1.28    0.226084
1.3    0.225122
1.32    0.224196
1.34    0.223308
1.36    0.222454
1.38    0.221635
1.4    0.220848
1.42    0.220094
1.44    0.219371
1.46    0.218677
1.48    0.218013
1.5    0.217376
1.52    0.216766
1.54    0.216182
1.56    0.215623
1.58    0.215088
1.6    0.214575
1.62    0.214085
1.64    0.213616
1.66    0.213167
1.68    0.212738
1.7    0.212327
1.72    0.211935
1.74    0.211559
1.76    0.2112
1.78    0.210857
1.8    0.210529
1.82    0.210216
1.84    0.209916
1.86    0.20963
1.88    0.209356
1.9    0.209095
1.92    0.208845
1.94    0.208606
1.96    0.208378
1.98    0.20816
2    0.207952
2.02    0.207753
2.04    0.207563
2.06    0.207382
2.08    0.207208
2.1    0.207043
2.12    0.206885
2.14    0.206734
2.16    0.206589
2.18    0.206451
2.2    0.20632
2.22    0.206194
2.24    0.206074
2.26    0.20596
2.28    0.20585
2.3    0.205746
2.32    0.205646
2.34    0.20555
2.36    0.205459
2.38    0.205372
2.4    0.205289
2.42    0.20521
2.44    0.205134
2.46    0.205062
2.48    0.204993
2.5    0.204927
2.52    0.204864
2.54    0.204804
2.56    0.204747
2.58    0.204692
2.6    0.204639
2.62    0.204589
2.64    0.204542
2.66    0.204496
2.68    0.204453
2.7    0.204411
2.72    0.204371
2.74    0.204334
2.76    0.204297
2.78    0.204263
2.8    0.20423
2.82    0.204198
2.84    0.204168
2.86    0.20414
2.88    0.204112
2.9    0.204086
2.92    0.204061
2.94    0.204037
2.96    0.204014
2.98    0.203992
3    0.203972
3.02    0.203952
3.04    0.203933
3.06    0.203915
3.08    0.203898
3.1    0.203881
3.12    0.203865
3.14    0.20385
3.16    0.203836
3.18    0.203822
3.2    0.203809
3.22    0.203797
3.24    0.203785
3.26    0.203773
3.28    0.203762
3.3    0.203752
3.32    0.203742
3.34    0.203733
3.36    0.203723
3.38    0.203715
3.4    0.203707
3.42    0.203699
3.44    0.203691
3.46    0.203684
3.48    0.203677
3.5    0.203671
3.52    0.203664
3.54    0.203658
3.56    0.203653
3.58    0.203647
3.6    0.203642
3.62    0.203637
3.64    0.203632
3.66    0.203628
3.68    0.203623
3.7    0.203619
3.72    0.203615
3.74    0.203612
3.76    0.203608
3.78    0.203605
3.8    0.203601
3.82    0.203598
3.84    0.203595
3.86    0.203592
3.88    0.20359
3.9    0.203587
3.92    0.203585
3.94    0.203582
3.96    0.20358
3.98    0.203578
4    0.203576
4.02    0.203574
4.04    0.203572
4.06    0.20357
4.08    0.203568
4.1    0.203567
4.12    0.203565
4.14    0.203564
4.16    0.203562
4.18    0.203561
4.2    0.20356
4.22    0.203558
4.24    0.203557
4.26    0.203556
4.28    0.203555
4.3    0.203554
4.32    0.203553
4.34    0.203552
4.36    0.203551
4.38    0.20355
4.4    0.203549
4.42    0.203549
4.44    0.203548
4.46    0.203547
4.48    0.203547
4.5    0.203546
4.52    0.203545
4.54    0.203545
4.56    0.203544
4.58    0.203544
4.6    0.203543
4.62    0.203543
4.64    0.203542
4.66    0.203542
4.68    0.203541
4.7    0.203541
4.72    0.20354
4.74    0.20354
4.76    0.20354
4.78    0.203539
4.8    0.203539
4.82    0.203539
4.84    0.203538
4.86    0.203538
4.88    0.203538
4.9    0.203538
4.92    0.203537
4.94    0.203537
4.96    0.203537
4.98    0.203537
