-5    0.429282
-4.98    0.429282
-4.96    0.429282
-4.94    0.429282
-4.92    0.429282
-4.9    0.429282
-4.88    0.429282
-4.86    0.429282
-4.84    0.429282
-4.82    0.429282
-4.8    0.429282
-4.78    0.429282
-4.76    0.429282
-4.74    0.429282
-4.72    0.429282
-4.7    0.429282
-4.68    0.429282
-4.66    0.429282
-4.64    0.429282
-4.62    0.429282
-4.6    0.429282
-4.58    0.429282
-4.56    0.429282
-4.54    0.429282
-4.52    0.429282
-4.5    0.429282
-4.48    0.429282
-4.46    0.429282
-4.44    0.429282
-4.42    0.429282
-4.4    0.429282
-4.38    0.429282
-4.36    0.429282
-4.34    0.429282
-4.32    0.429282
-4.3    0.429282
-4.28    0.429282
-4.26    0.429282
-4.24    0.429282
-4.22    0.429282
-4.2    0.429282
-4.18    0.429282
-4.16    0.429282
-4.14    0.429282
-4.12    0.429282
-4.1    0.429282
-4.08    0.429282
-4.06    0.429282
-4.04    0.429282
-4.02    0.429282
-4    0.429282
-3.98    0.429282
-3.96    0.429282
-3.94    0.429282
-3.92    0.429282
-3.9    0.429282
-3.88    0.429282
-3.86    0.429282
-3.84    0.429282
-3.82    0.429282
-3.8    0.429282
-3.78    0.429282
-3.76    0.429282
-3.74    0.429282
-3.72    0.429282
-3.7    0.429282
-3.68    0.429282
-3.66    0.429282
-3.64    0.429282
-3.62    0.429282
-3.6    0.429282
-3.58    0.429282
-3.56    0.429282
-3.54    0.429282
-3.52    0.429282
-3.5    0.429281
-3.48    0.429281
-3.46    0.429281
-3.44    0.429281
-3.42    0.429281
-3.4    0.429281
-3.38    0.429281
-3.36    0.429281
-3.34    0.429281
-3.32    0.429281
-3.3    0.429281
-3.28    0.429281
-3.26    0.429281
-3.24    0.429281
-3.22    0.429281
-3.2    0.429281
-3.18    0.429281
-3.16    0.429281
-3.14    0.42928
-3.12    0.42928
-3.1    0.42928
-3.08    0.42928
-3.06    0.42928
-3.04    0.42928
-3.02    0.42928
-3    0.42928
-2.98    0.42928
-2.96    0.42928
-2.94    0.42928
-2.92    0.429279
-2.9    0.429279
-2.88    0.429279
-2.86    0.429279
-2.84    0.429279
-2.82    0.429279
-2.8    0.429279
-2.78    0.429278
-2.76    0.429278
-2.74    0.429278
-2.72    0.429278
-2.7    0.429278
-2.68    0.429277
-2.66    0.429277
-2.64    0.429277
-2.62    0.429277
-2.6    0.429277
-2.58    0.429276
-2.56    0.429276
-2.54    0.429276
-2.52    0.429276
-2.5    0.429275
-2.48    0.429275
-2.46    0.429275
-2.44    0.429274
-2.42    0.429274
-2.4    0.429274
-2.38    0.429273
-2.36    0.429273
-2.34    0.429272
-2.32    0.429272
-2.3    0.429272
-2.28    0.429271
-2.26    0.429271
-2.24    0.42927
-2.22    0.42927
-2.2    0.429269
-2.18    0.429268
-2.16    0.429268
-2.14    0.429267
-2.12    0.429267
-2.1    0.429266
-2.08    0.429265
-2.06    0.429265
-2.04    0.429264
-2.02    0.429263
-2    0.429262
-1.98    0.429261
-1.96    0.42926
-1.94    0.429259
-1.92    0.429258
-1.9    0.429257
-1.88    0.429256
-1.86    0.429255
-1.84    0.429254
-1.82    0.429253
-1.8    0.429252
-1.78    0.42925
-1.76    0.429249
-1.74    0.429248
-1.72    0.429246
-1.7    0.429245
-1.68    0.429243
-1.66    0.429241
-1.64    0.42924
-1.62    0.429238
-1.6    0.429236
-1.58    0.429234
-1.56    0.429232
-1.54    0.42923
-1.52    0.429228
-1.5    0.429225
-1.48    0.429223
-1.46    0.42922
-1.44    0.429218
-1.42    0.429215
-1.4    0.429212
-1.38    0.429209
-1.36    0.429206
-1.34    0.429203
-1.32    0.429199
-1.3    0.429196
-1.28    0.429192
-1.26    0.429188
-1.24    0.429185
-1.22    0.42918
-1.2    0.429176
-1.18    0.429172
-1.16    0.429167
-1.14    0.429162
-1.12    0.429157
-1.1    0.429152
-1.08    0.429146
-1.06    0.42914
-1.04    0.429134
-1.02    0.429128
-1    0.429122
-0.98    0.429115
-0.96    0.429108
-0.94    0.4291
-0.92    0.429093
-0.9    0.429085
-0.88    0.429076
-0.86    0.429068
-0.84    0.429059
-0.82    0.429049
-0.8    0.42904
-0.78    0.429029
-0.76    0.429019
-0.74    0.429008
-0.72    0.428996
-0.7    0.428984
-0.68    0.428972
-0.66    0.428959
-0.64    0.428945
-0.62    0.428931
-0.6    0.428916
-0.58    0.428901
-0.56    0.428885
-0.54    0.428868
-0.52    0.428851
-0.5    0.428833
-0.48    0.428814
-0.46    0.428795
-0.44    0.428774
-0.42    0.428753
-0.4    0.428731
-0.38    0.428708
-0.36    0.428685
-0.34    0.42866
-0.32    0.428634
-0.3    0.428607
-0.28    0.428579
-0.26    0.42855
-0.24    0.42852
-0.22    0.428489
-0.2    0.428456
-0.18    0.428422
-0.16    0.428387
-0.14    0.42835
-0.12    0.428312
-0.1    0.428272
-0.08    0.428231
-0.06    0.428188
-0.04    0.428144
-0.02    0.428098
-1.80342e-14    0.42805
0.02    0.428
0.04    0.427949
0.06    0.427895
0.08    0.42784
0.1    0.427782
0.12    0.427722
0.14    0.42766
0.16    0.427596
0.18    0.427529
0.2    0.42746
0.22    0.427389
0.24    0.427315
0.26    0.427238
0.28    0.427159
0.3    0.427077
0.32    0.426992
0.34    0.426905
0.36    0.426814
0.38    0.426721
0.4    0.426624
0.42    0.426524
0.44    0.426422
0.46    0.426316
0.48    0.426206
0.5    0.426094
0.52    0.425978
0.54    0.425859
0.56    0.425736
0.58    0.425611
0.6    0.425481
0.62    0.425349
0.64    0.425213
0.66    0.425073
0.68    0.42493
0.7    0.424784
0.72    0.424635
0.74    0.424482
0.76    0.424327
0.78    0.424168
0.8    0.424006
0.82    0.423841
0.84    0.423673
0.86    0.423503
0.88    0.42333
0.9    0.423155
0.92    0.422977
0.94    0.422797
0.96    0.422615
0.98    0.422432
1    0.422246
1.02    0.42206
1.04    0.421872
1.06    0.421683
1.08    0.421494
1.1    0.421303
1.12    0.421113
1.14    0.420922
1.16    0.420732
1.18    0.420542
1.2    0.420352
1.22    0.420163
1.24    0.419975
1.26    0.419789
1.28    0.419604
1.3    0.41942
1.32    0.419239
1.34    0.419059
1.36    0.418881
1.38    0.418706
1.4    0.418534
1.42    0.418364
1.44    0.418197
1.46    0.418033
1.48    0.417872
1.5    0.417714
1.52    0.417559
1.54    0.417407
1.56    0.417259
1.58    0.417115
1.6    0.416973
1.62    0.416836
1.64    0.416701
1.66    0.416571
1.68    0.416444
1.7    0.41632
1.72    0.4162
1.74    0.416083
1.76    0.41597
1.78    0.41586
1.8    0.415753
1.82    0.41565
1.84    0.41555
1.86    0.415454
1.88    0.41536
1.9    0.41527
1.92    0.415183
1.94    0.415098
1.96    0.415017
1.98    0.414938
2    0.414862
2.02    0.414789
2.04    0.414718
2.06    0.41465
2.08    0.414585
2.1    0.414521
2.12    0.414461
2.14    0.414402
2.16    0.414345
2.18    0.414291
2.2    0.414239
2.22    0.414188
2.24    0.41414
2.26    0.414093
2.28    0.414049
2.3    0.414006
2.32    0.413964
2.34    0.413924
2.36    0.413886
2.38    0.413849
2.4    0.413814
2.42    0.41378
2.44    0.413747
2.46    0.413716
2.48    0.413686
2.5    0.413657
2.52    0.413629
2.54    0.413602
2.56    0.413577
2.58    0.413552
2.6    0.413529
2.62    0.413506
2.64    0.413484
2.66    0.413463
2.68    0.413443
2.7    0.413424
2.72    0.413405
2.74    0.413387
2.76    0.41337
2.78    0.413354
2.8    0.413338
2.82    0.413323
2.84    0.413309
2.86    0.413295
2.88    0.413281
2.9    0.413269
2.92    0.413256
2.94    0.413245
2.96    0.413233
2.98    0.413222
3    0.413212
3.02    0.413202
3.04    0.413192
3.06    0.413183
3.08    0.413174
3.1    0.413166
3.12    0.413158
3.14    0.41315
3.16    0.413142
3.18    0.413135
3.2    0.413128
3.22    0.413122
3.24    0.413115
3.26    0.413109
3.28    0.413103
3.3    0.413098
3.32    0.413092
3.34    0.413087
3.36    0.413082
3.38    0.413078
3.4    0.413073
3.42    0.413069
3.44    0.413064
3.46    0.41306
3.48    0.413057
3.5    0.413053
3.52    0.413049
3.54    0.413046
3.56    0.413043
3.58    0.41304
3.6    0.413036
3.62    0.413034
3.64    0.413031
3.66    0.413028
3.68    0.413026
3.7    0.413023
3.72    0.413021
3.74    0.413019
3.76    0.413016
3.78    0.413014
3.8    0.413012
3.82    0.41301
3.84    0.413009
3.86    0.413007
3.88    0.413005
3.9    0.413004
3.92    0.413002
3.94    0.413
3.96    0.412999
3.98    0.412998
4    0.412996
4.02    0.412995
4.04    0.412994
4.06    0.412993
4.08    0.412992
4.1    0.412991
4.12    0.41299
4.14    0.412989
4.16    0.412988
4.18    0.412987
4.2    0.412986
4.22    0.412985
4.24    0.412984
4.26    0.412983
4.28    0.412983
4.3    0.412982
4.32    0.412981
4.34    0.412981
4.36    0.41298
4.38    0.412979
4.4    0.412979
4.42    0.412978
4.44    0.412978
4.46    0.412977
4.48    0.412977
4.5    0.412976
4.52    0.412976
4.54    0.412975
4.56    0.412975
4.58    0.412975
4.6    0.412974
4.62    0.412974
4.64    0.412974
4.66    0.412973
4.68    0.412973
4.7    0.412973
4.72    0.412972
4.74    0.412972
4.76    0.412972
4.78    0.412972
4.8    0.412971
4.82    0.412971
4.84    0.412971
4.86    0.412971
4.88    0.41297
4.9    0.41297
4.92    0.41297
4.94    0.41297
4.96    0.41297
4.98    0.412969
