-5    0.205874
-4.98    0.205636
-4.96    0.205399
-4.94    0.205163
-4.92    0.204927
-4.9    0.204692
-4.88    0.204458
-4.86    0.204224
-4.84    0.20399
-4.82    0.203757
-4.8    0.203525
-4.78    0.203294
-4.76    0.203063
-4.74    0.202833
-4.72    0.202603
-4.7    0.202374
-4.68    0.202145
-4.66    0.201917
-4.64    0.20169
-4.62    0.201463
-4.6    0.201237
-4.58    0.201012
-4.56    0.200787
-4.54    0.200563
-4.52    0.20034
-4.5    0.200117
-4.48    0.199895
-4.46    0.199673
-4.44    0.199452
-4.42    0.199232
-4.4    0.199012
-4.38    0.198793
-4.36    0.198574
-4.34    0.198357
-4.32    0.19814
-4.3    0.197923
-4.28    0.197707
-4.26    0.197492
-4.24    0.197278
-4.22    0.197064
-4.2    0.19685
-4.18    0.196638
-4.16    0.196426
-4.14    0.196215
-4.12    0.196004
-4.1    0.195794
-4.08    0.195585
-4.06    0.195376
-4.04    0.195168
-4.02    0.194961
-4    0.194754
-3.98    0.194548
-3.96    0.194343
-3.94    0.194138
-3.92    0.193935
-3.9    0.193731
-3.88    0.193529
-3.86    0.193327
-3.84    0.193125
-3.82    0.192925
-3.8    0.192725
-3.78    0.192525
-3.76    0.192327
-3.74    0.192129
-3.72    0.191932
-3.7    0.191735
-3.68    0.191539
-3.66    0.191344
-3.64    0.191149
-3.62    0.190955
-3.6    0.190762
-3.58    0.19057
-3.56    0.190378
-3.54    0.190187
-3.52    0.189996
-3.5    0.189806
-3.48    0.189617
-3.46    0.189429
-3.44    0.189241
-3.42    0.189054
-3.4    0.188867
-3.38    0.188682
-3.36    0.188497
-3.34    0.188312
-3.32    0.188129
-3.3    0.187946
-3.28    0.187763
-3.26    0.187582
-3.24    0.187401
-3.22    0.18722
-3.2    0.187041
-3.18    0.186862
-3.16    0.186684
-3.14    0.186506
-3.12    0.186329
-3.1    0.186153
-3.08    0.185977
-3.06    0.185803
-3.04    0.185629
-3.02    0.185455
-3    0.185282
-2.98    0.18511
-2.96    0.184939
-2.94    0.184768
-2.92    0.184598
-2.9    0.184429
-2.88    0.18426
-2.86    0.184093
-2.84    0.183925
-2.82    0.183759
-2.8    0.183593
-2.78    0.183428
-2.76    0.183263
-2.74    0.1831
-2.72    0.182937
-2.7    0.182774
-2.68    0.182613
-2.66    0.182452
-2.64    0.182291
-2.62    0.182132
-2.6    0.181973
-2.58    0.181815
-2.56    0.181658
-2.54    0.181501
-2.52    0.181345
-2.5    0.18119
-2.48    0.181035
-2.46    0.180882
-2.44    0.180728
-2.42    0.180576
-2.4    0.180425
-2.38    0.180274
-2.36    0.180124
-2.34    0.179974
-2.32    0.179826
-2.3    0.179678
-2.28    0.179531
-2.26    0.179384
-2.24    0.179239
-2.22    0.179094
-2.2    0.17895
-2.18    0.178807
-2.16    0.178664
-2.14    0.178523
-2.12    0.178382
-2.1    0.178242
-2.08    0.178103
-2.06    0.177964
-2.04    0.177827
-2.02    0.17769
-2    0.177554
-1.98    0.177419
-1.96    0.177285
-1.94    0.177152
-1.92    0.17702
-1.9    0.176888
-1.88    0.176758
-1.86    0.176628
-1.84    0.1765
-1.82    0.176372
-1.8    0.176246
-1.78    0.17612
-1.76    0.175995
-1.74    0.175872
-1.72    0.175749
-1.7    0.175628
-1.68    0.175508
-1.66    0.175389
-1.64    0.175271
-1.62    0.175154
-1.6    0.175038
-1.58    0.174924
-1.56    0.174811
-1.54    0.174699
-1.52    0.174589
-1.5    0.174479
-1.48    0.174372
-1.46    0.174265
-1.44    0.17416
-1.42    0.174057
-1.4    0.173955
-1.38    0.173855
-1.36    0.173757
-1.34    0.17366
-1.32    0.173565
-1.3    0.173471
-1.28    0.17338
-1.26    0.17329
-1.24    0.173203
-1.22    0.173117
-1.2    0.173034
-1.18    0.172953
-1.16    0.172874
-1.14    0.172797
-1.12    0.172723
-1.1    0.172651
-1.08    0.172582
-1.06    0.172516
-1.04    0.172452
-1.02    0.172392
-1    0.172334
-0.98    0.17228
-0.96    0.172228
-0.94    0.17218
-0.92    0.172136
-0.9    0.172095
-0.88    0.172058
-0.86    0.172025
-0.84    0.171996
-0.82    0.171971
-0.8    0.171951
-0.78    0.171935
-0.76    0.171924
-0.74    0.171919
-0.72    0.171918
-0.7    0.171922
-0.68    0.171933
-0.66    0.171949
-0.64    0.171971
-0.62    0.172
-0.6    0.172035
-0.58    0.172077
-0.56    0.172127
-0.54    0.172183
-0.52    0.172248
-0.5    0.172321
-0.48    0.172402
-0.46    0.172492
-0.44    0.172592
-0.42    0.172701
-0.4    0.17282
-0.38    0.172949
-0.36    0.17309
-0.34    0.173241
-0.32    0.173405
-0.3    0.173581
-0.28    0.173769
-0.26    0.173971
-0.24    0.174187
-0.22    0.174417
-0.2    0.174663
-0.18    0.174924
-0.16    0.175201
-0.14    0.175495
-0.12    0.175807
-0.1    0.176138
-0.08    0.176487
-0.06    0.176857
-0.04    0.177247
-0.02    0.177658
-1.80342e-14    0.178092
0.02    0.178549
0.04    0.17903
0.06    0.179536
0.08    0.180067
0.1    0.180626
0.12    0.181211
0.14    0.181826
0.16    0.18247
0.18    0.183145
0.2    0.183851
0.22    0.18459
0.24    0.185363
0.26    0.186171
0.28    0.187014
0.3    0.187894
0.32    0.188811
0.34    0.189768
0.36    0.190764
0.38    0.191801
0.4    0.192879
0.42    0.194
0.44    0.195164
0.46    0.196373
0.48    0.197626
0.5    0.198925
0.52    0.200271
0.54    0.201662
0.56    0.203101
0.58    0.204588
0.6    0.206122
0.62    0.207703
0.64    0.209333
0.66    0.211009
0.68    0.212733
0.7    0.214503
0.72    0.216319
0.74    0.21818
0.76    0.220085
0.78    0.222033
0.8    0.224022
0.82    0.22605
0.84    0.228117
0.86    0.23022
0.88    0.232356
0.9    0.234524
0.92    0.23672
0.94    0.238943
0.96    0.24119
0.98    0.243457
1    0.245741
1.02    0.248039
1.04    0.250348
1.06    0.252665
1.08    0.254985
1.1    0.257307
1.12    0.259625
1.14    0.261937
1.16    0.26424
1.18    0.266529
1.2    0.268803
1.22    0.271057
1.24    0.273288
1.26    0.275494
1.28    0.277673
1.3    0.27982
1.32    0.281934
1.34    0.284013
1.36    0.286055
1.38    0.288057
1.4    0.290019
1.42    0.291938
1.44    0.293813
1.46    0.295644
1.48    0.297429
1.5    0.299167
1.52    0.300859
1.54    0.302503
1.56    0.3041
1.58    0.305649
1.6    0.307151
1.62    0.308605
1.64    0.310013
1.66    0.311373
1.68    0.312688
1.7    0.313957
1.72    0.315182
1.74    0.316362
1.76    0.3175
1.78    0.318595
1.8    0.319649
1.82    0.320662
1.84    0.321636
1.86    0.322572
1.88    0.32347
1.9    0.324332
1.92    0.325159
1.94    0.325951
1.96    0.326711
1.98    0.327438
2    0.328134
2.02    0.328801
2.04    0.329438
2.06    0.330048
2.08    0.33063
2.1    0.331187
2.12    0.331718
2.14    0.332225
2.16    0.332709
2.18    0.333171
2.2    0.333611
2.22    0.334031
2.24    0.33443
2.26    0.334811
2.28    0.335173
2.3    0.335518
2.32    0.335846
2.34    0.336158
2.36    0.336454
2.38    0.336735
2.4    0.337003
2.42    0.337256
2.44    0.337497
2.46    0.337725
2.48    0.337941
2.5    0.338146
2.52    0.338339
2.54    0.338522
2.56    0.338696
2.58    0.338859
2.6    0.339014
2.62    0.339159
2.64    0.339297
2.66    0.339426
2.68    0.339548
2.7    0.339662
2.72    0.33977
2.74    0.33987
2.76    0.339965
2.78    0.340053
2.8    0.340136
2.82    0.340213
2.84    0.340285
2.86    0.340351
2.88    0.340413
2.9    0.340471
2.92    0.340524
2.94    0.340573
2.96    0.340617
2.98    0.340659
3    0.340696
3.02    0.34073
3.04    0.340761
3.06    0.340789
3.08    0.340814
3.1    0.340836
3.12    0.340855
3.14    0.340872
3.16    0.340886
3.18    0.340898
3.2    0.340908
3.22    0.340915
3.24    0.340921
3.26    0.340925
3.28    0.340927
3.3    0.340927
3.32    0.340926
3.34    0.340923
3.36    0.340919
3.38    0.340913
3.4    0.340906
3.42    0.340898
3.44    0.340888
3.46    0.340878
3.48    0.340866
3.5    0.340854
3.52    0.34084
3.54    0.340826
3.56    0.34081
3.58    0.340794
3.6    0.340777
3.62    0.34076
3.64    0.340742
3.66    0.340723
3.68    0.340703
3.7    0.340683
3.72    0.340663
3.74    0.340642
3.76    0.34062
3.78    0.340598
3.8    0.340576
3.82    0.340553
3.84    0.34053
3.86    0.340506
3.88    0.340483
3.9    0.340459
3.92    0.340434
3.94    0.34041
3.96    0.340385
3.98    0.34036
4    0.340335
4.02    0.340309
4.04    0.340284
4.06    0.340258
4.08    0.340232
4.1    0.340206
4.12    0.34018
4.14    0.340154
4.16    0.340128
4.18    0.340101
4.2    0.340075
4.22    0.340048
4.24    0.340022
4.26    0.339995
4.28    0.339969
4.3    0.339942
4.32    0.339916
4.34    0.339889
4.36    0.339863
4.38    0.339836
4.4    0.339809
4.42    0.339783
4.44    0.339756
4.46    0.33973
4.48    0.339703
4.5    0.339677
4.52    0.339651
4.54    0.339624
4.56    0.339598
4.58    0.339572
4.6    0.339546
4.62    0.33952
4.64    0.339494
4.66    0.339468
4.68    0.339442
4.7    0.339416
4.72    0.339391
4.74    0.339365
4.76    0.339339
4.78    0.339314
4.8    0.339289
4.82    0.339263
4.84    0.339238
4.86    0.339213
4.88    0.339188
4.9    0.339163
4.92    0.339139
4.94    0.339114
4.96    0.339089
4.98    0.339065
