-5    0.990476
-4.98    0.990476
-4.96    0.990476
-4.94    0.990476
-4.92    0.990476
-4.9    0.990476
-4.88    0.990476
-4.86    0.990476
-4.84    0.990476
-4.82    0.990476
-4.8    0.990476
-4.78    0.990476
-4.76    0.990476
-4.74    0.990476
-4.72    0.990476
-4.7    0.990476
-4.68    0.990476
-4.66    0.990476
-4.64    0.990476
-4.62    0.990476
-4.6    0.990476
-4.58    0.990476
-4.56    0.990476
-4.54    0.990476
-4.52    0.990476
-4.5    0.990476
-4.48    0.990476
-4.46    0.990476
-4.44    0.990476
-4.42    0.990476
-4.4    0.990476
-4.38    0.990476
-4.36    0.990476
-4.34    0.990476
-4.32    0.990476
-4.3    0.990476
-4.28    0.990476
-4.26    0.990476
-4.24    0.990476
-4.22    0.990476
-4.2    0.990476
-4.18    0.990476
-4.16    0.990476
-4.14    0.990476
-4.12    0.990476
-4.1    0.990476
-4.08    0.990476
-4.06    0.990476
-4.04    0.990476
-4.02    0.990476
-4    0.990476
-3.98    0.990476
-3.96    0.990476
-3.94    0.990476
-3.92    0.990476
-3.9    0.990476
-3.88    0.990476
-3.86    0.990476
-3.84    0.990476
-3.82    0.990476
-3.8    0.990476
-3.78    0.990476
-3.76    0.990476
-3.74    0.990476
-3.72    0.990476
-3.7    0.990476
-3.68    0.990476
-3.66    0.990476
-3.64    0.990476
-3.62    0.990476
-3.6    0.990476
-3.58    0.990476
-3.56    0.990476
-3.54    0.990476
-3.52    0.990476
-3.5    0.990476
-3.48    0.990476
-3.46    0.990476
-3.44    0.990476
-3.42    0.990476
-3.4    0.990476
-3.38    0.990476
-3.36    0.990476
-3.34    0.990476
-3.32    0.990476
-3.3    0.990476
-3.28    0.990476
-3.26    0.990476
-3.24    0.990476
-3.22    0.990476
-3.2    0.990476
-3.18    0.990476
-3.16    0.990476
-3.14    0.990476
-3.12    0.990476
-3.1    0.990476
-3.08    0.990476
-3.06    0.990476
-3.04    0.990476
-3.02    0.990476
-3    0.990476
-2.98    0.990476
-2.96    0.990476
-2.94    0.990476
-2.92    0.990476
-2.9    0.990476
-2.88    0.990476
-2.86    0.990476
-2.84    0.990476
-2.82    0.990476
-2.8    0.990476
-2.78    0.990476
-2.76    0.990476
-2.74    0.990476
-2.72    0.990476
-2.7    0.990476
-2.68    0.990476
-2.66    0.990476
-2.64    0.990476
-2.62    0.990476
-2.6    0.990476
-2.58    0.990476
-2.56    0.990476
-2.54    0.990476
-2.52    0.990476
-2.5    0.990476
-2.48    0.990476
-2.46    0.990476
-2.44    0.990476
-2.42    0.990476
-2.4    0.990476
-2.38    0.990476
-2.36    0.990476
-2.34    0.990476
-2.32    0.990476
-2.3    0.990476
-2.28    0.990476
-2.26    0.990477
-2.24    0.990477
-2.22    0.990477
-2.2    0.990477
-2.18    0.990477
-2.16    0.990477
-2.14    0.990477
-2.12    0.990477
-2.1    0.990477
-2.08    0.990477
-2.06    0.990478
-2.04    0.990478
-2.02    0.990478
-2    0.990478
-1.98    0.990478
-1.96    0.990478
-1.94    0.990479
-1.92    0.990479
-1.9    0.990479
-1.88    0.990479
-1.86    0.99048
-1.84    0.99048
-1.82    0.99048
-1.8    0.990481
-1.78    0.990481
-1.76    0.990482
-1.74    0.990482
-1.72    0.990482
-1.7    0.990483
-1.68    0.990484
-1.66    0.990484
-1.64    0.990485
-1.62    0.990486
-1.6    0.990487
-1.58    0.990487
-1.56    0.990488
-1.54    0.990489
-1.52    0.990491
-1.5    0.990492
-1.48    0.990493
-1.46    0.990494
-1.44    0.990496
-1.42    0.990497
-1.4    0.990499
-1.38    0.990501
-1.36    0.990503
-1.34    0.990505
-1.32    0.990507
-1.3    0.99051
-1.28    0.990512
-1.26    0.990515
-1.24    0.990518
-1.22    0.990521
-1.2    0.990524
-1.18    0.990528
-1.16    0.990531
-1.14    0.990535
-1.12    0.990539
-1.1    0.990543
-1.08    0.990548
-1.06    0.990553
-1.04    0.990558
-1.02    0.990563
-1    0.990569
-0.98    0.990575
-0.96    0.990581
-0.94    0.990587
-0.92    0.990594
-0.9    0.990601
-0.88    0.990609
-0.86    0.990616
-0.84    0.990625
-0.82    0.990633
-0.8    0.990642
-0.78    0.990651
-0.76    0.99066
-0.74    0.99067
-0.72    0.99068
-0.7    0.990691
-0.68    0.990702
-0.66    0.990713
-0.64    0.990724
-0.62    0.990736
-0.6    0.990748
-0.58    0.99076
-0.56    0.990772
-0.54    0.990785
-0.52    0.990798
-0.5    0.990811
-0.48    0.990824
-0.46    0.990837
-0.44    0.990851
-0.42    0.990864
-0.4    0.990878
-0.38    0.990892
-0.36    0.990906
-0.34    0.99092
-0.32    0.990934
-0.3    0.990948
-0.28    0.990962
-0.26    0.990977
-0.24    0.990991
-0.22    0.991005
-0.2    0.99102
-0.18    0.991034
-0.16    0.991048
-0.14    0.991063
-0.12    0.991077
-0.1    0.991091
-0.08    0.991105
-0.06    0.991119
-0.04    0.991132
-0.02    0.991146
-1.80342e-14    0.991159
0.02    0.991172
0.04    0.991185
0.06    0.991198
0.08    0.99121
0.1    0.991222
0.12    0.991234
0.14    0.991245
0.16    0.991256
0.18    0.991267
0.2    0.991277
0.22    0.991287
0.24    0.991297
0.26    0.991306
0.28    0.991315
0.3    0.991324
0.32    0.991332
0.34    0.99134
0.36    0.991348
0.38    0.991355
0.4    0.991362
0.42    0.991369
0.44    0.991375
0.46    0.991381
0.48    0.991387
0.5    0.991392
0.52    0.991397
0.54    0.991402
0.56    0.991407
0.58    0.991412
0.6    0.991416
0.62    0.99142
0.64    0.991424
0.66    0.991428
0.68    0.991432
0.7    0.991435
0.72    0.991439
0.74    0.991442
0.76    0.991445
0.78    0.991448
0.8    0.991451
0.82    0.991454
0.84    0.991457
0.86    0.99146
0.88    0.991462
0.9    0.991465
0.92    0.991468
0.94    0.991471
0.96    0.991473
0.98    0.991476
1    0.991479
1.02    0.991482
1.04    0.991484
1.06    0.991487
1.08    0.99149
1.1    0.991493
1.12    0.991496
1.14    0.9915
1.16    0.991503
1.18    0.991506
1.2    0.99151
1.22    0.991513
1.24    0.991517
1.26    0.991521
1.28    0.991526
1.3    0.99153
1.32    0.991535
1.34    0.99154
1.36    0.991545
1.38    0.99155
1.4    0.991556
1.42    0.991562
1.44    0.991568
1.46    0.991575
1.48    0.991582
1.5    0.99159
1.52    0.991598
1.54    0.991607
1.56    0.991616
1.58    0.991625
1.6    0.991635
1.62    0.991646
1.64    0.991658
1.66    0.99167
1.68    0.991683
1.7    0.991697
1.72    0.991711
1.74    0.991727
1.76    0.991744
1.78    0.991762
1.8    0.99178
1.82    0.991801
1.84    0.991822
1.86    0.991845
1.88    0.99187
1.9    0.991896
1.92    0.991924
1.94    0.991954
1.96    0.991986
1.98    0.99202
2    0.992056
2.02    0.992095
2.04    0.992137
2.06    0.992181
2.08    0.992229
2.1    0.99228
2.12    0.992335
2.14    0.992393
2.16    0.992456
2.18    0.992522
2.2    0.992593
2.22    0.99267
2.24    0.992751
2.26    0.992837
2.28    0.992929
2.3    0.993027
2.32    0.993132
2.34    0.993242
2.36    0.993359
2.38    0.993482
2.4    0.993612
2.42    0.993748
2.44    0.99389
2.46    0.994038
2.48    0.994192
2.5    0.994351
2.52    0.994515
2.54    0.994682
2.56    0.994852
2.58    0.995024
2.6    0.995196
2.62    0.995368
2.64    0.995539
2.66    0.995706
2.68    0.99587
2.7    0.996029
2.72    0.996182
2.74    0.996328
2.76    0.996466
2.78    0.996597
2.8    0.996719
2.82    0.996832
2.84    0.996938
2.86    0.997034
2.88    0.997123
2.9    0.997204
2.92    0.997277
2.94    0.997343
2.96    0.997403
2.98    0.997456
3    0.997505
3.02    0.997547
3.04    0.997586
3.06    0.99762
3.08    0.99765
3.1    0.997677
3.12    0.997701
3.14    0.997723
3.16    0.997742
3.18    0.997758
3.2    0.997773
3.22    0.997787
3.24    0.997798
3.26    0.997809
3.28    0.997818
3.3    0.997827
3.32    0.997834
3.34    0.997841
3.36    0.997847
3.38    0.997852
3.4    0.997857
3.42    0.997861
3.44    0.997865
3.46    0.997868
3.48    0.997872
3.5    0.997874
3.52    0.997877
3.54    0.997879
3.56    0.997881
3.58    0.997883
3.6    0.997885
3.62    0.997887
3.64    0.997888
3.66    0.99789
3.68    0.997891
3.7    0.997892
3.72    0.997893
3.74    0.997894
3.76    0.997895
3.78    0.997896
3.8    0.997897
3.82    0.997897
3.84    0.997898
3.86    0.997899
3.88    0.997899
3.9    0.9979
3.92    0.9979
3.94    0.997901
3.96    0.997901
3.98    0.997901
4    0.997902
4.02    0.997902
4.04    0.997903
4.06    0.997903
4.08    0.997903
4.1    0.997903
4.12    0.997904
4.14    0.997904
4.16    0.997904
4.18    0.997904
4.2    0.997905
4.22    0.997905
4.24    0.997905
4.26    0.997905
4.28    0.997905
4.3    0.997905
4.32    0.997905
4.34    0.997906
4.36    0.997906
4.38    0.997906
4.4    0.997906
4.42    0.997906
4.44    0.997906
4.46    0.997906
4.48    0.997906
4.5    0.997906
4.52    0.997906
4.54    0.997907
4.56    0.997907
4.58    0.997907
4.6    0.997907
4.62    0.997907
4.64    0.997907
4.66    0.997907
4.68    0.997907
4.7    0.997907
4.72    0.997907
4.74    0.997907
4.76    0.997907
4.78    0.997907
4.8    0.997907
4.82    0.997907
4.84    0.997907
4.86    0.997907
4.88    0.997907
4.9    0.997907
4.92    0.997907
4.94    0.997907
4.96    0.997907
4.98    0.997907
