-5    0.557158
-4.98    0.557533
-4.96    0.557915
-4.94    0.558303
-4.92    0.558698
-4.9    0.559099
-4.88    0.559507
-4.86    0.559922
-4.84    0.560343
-4.82    0.560772
-4.8    0.561208
-4.78    0.561652
-4.76    0.562103
-4.74    0.562561
-4.72    0.563028
-4.7    0.563502
-4.68    0.563985
-4.66    0.564476
-4.64    0.564975
-4.62    0.565483
-4.6    0.566
-4.58    0.566526
-4.56    0.567061
-4.54    0.567605
-4.52    0.568159
-4.5    0.568722
-4.48    0.569296
-4.46    0.569879
-4.44    0.570473
-4.42    0.571078
-4.4    0.571693
-4.38    0.572319
-4.36    0.572957
-4.34    0.573606
-4.32    0.574267
-4.3    0.574939
-4.28    0.575624
-4.26    0.576321
-4.24    0.577031
-4.22    0.577754
-4.2    0.57849
-4.18    0.57924
-4.16    0.580003
-4.14    0.580781
-4.12    0.581573
-4.1    0.582379
-4.08    0.583201
-4.06    0.584038
-4.04    0.58489
-4.02    0.585759
-4    0.586643
-3.98    0.587545
-3.96    0.588463
-3.94    0.589399
-3.92    0.590352
-3.9    0.591323
-3.88    0.592313
-3.86    0.593322
-3.84    0.594349
-3.82    0.595397
-3.8    0.596464
-3.78    0.597552
-3.76    0.59866
-3.74    0.59979
-3.72    0.600941
-3.7    0.602114
-3.68    0.60331
-3.66    0.604529
-3.64    0.605771
-3.62    0.607037
-3.6    0.608327
-3.58    0.609642
-3.56    0.610982
-3.54    0.612348
-3.52    0.61374
-3.5    0.615158
-3.48    0.616604
-3.46    0.618076
-3.44    0.619577
-3.42    0.621107
-3.4    0.622665
-3.38    0.624253
-3.36    0.62587
-3.34    0.627518
-3.32    0.629196
-3.3    0.630906
-3.28    0.632647
-3.26    0.634421
-3.24    0.636226
-3.22    0.638065
-3.2    0.639937
-3.18    0.641843
-3.16    0.643782
-3.14    0.645756
-3.12    0.647765
-3.1    0.649809
-3.08    0.651888
-3.06    0.654002
-3.04    0.656152
-3.02    0.658338
-3    0.660561
-2.98    0.662819
-2.96    0.665114
-2.94    0.667445
-2.92    0.669813
-2.9    0.672217
-2.88    0.674657
-2.86    0.677133
-2.84    0.679646
-2.82    0.682194
-2.8    0.684777
-2.78    0.687395
-2.76    0.690048
-2.74    0.692735
-2.72    0.695456
-2.7    0.698209
-2.68    0.700994
-2.66    0.703811
-2.64    0.706659
-2.62    0.709535
-2.6    0.712441
-2.58    0.715373
-2.56    0.718332
-2.54    0.721315
-2.52    0.724322
-2.5    0.727351
-2.48    0.730401
-2.46    0.733469
-2.44    0.736553
-2.42    0.739653
-2.4    0.742767
-2.38    0.745891
-2.36    0.749025
-2.34    0.752165
-2.32    0.75531
-2.3    0.758457
-2.28    0.761605
-2.26    0.764749
-2.24    0.767889
-2.22    0.771021
-2.2    0.774143
-2.18    0.777252
-2.16    0.780345
-2.14    0.78342
-2.12    0.786474
-2.1    0.789504
-2.08    0.792507
-2.06    0.795481
-2.04    0.798422
-2.02    0.801329
-2    0.804198
-1.98    0.807026
-1.96    0.809811
-1.94    0.812551
-1.92    0.815242
-1.9    0.817883
-1.88    0.82047
-1.86    0.823002
-1.84    0.825475
-1.82    0.827888
-1.8    0.830239
-1.78    0.832526
-1.76    0.834746
-1.74    0.836898
-1.72    0.838979
-1.7    0.840989
-1.68    0.842925
-1.66    0.844787
-1.64    0.846571
-1.62    0.848278
-1.6    0.849906
-1.58    0.851453
-1.56    0.852919
-1.54    0.854303
-1.52    0.855603
-1.5    0.856818
-1.48    0.857949
-1.46    0.858993
-1.44    0.85995
-1.42    0.860821
-1.4    0.861603
-1.38    0.862296
-1.36    0.8629
-1.34    0.863414
-1.32    0.863838
-1.3    0.864171
-1.28    0.864412
-1.26    0.864562
-1.24    0.864619
-1.22    0.864583
-1.2    0.864454
-1.18    0.864231
-1.16    0.863914
-1.14    0.863502
-1.12    0.862994
-1.1    0.86239
-1.08    0.86169
-1.06    0.860892
-1.04    0.859997
-1.02    0.859003
-1    0.85791
-0.98    0.856717
-0.96    0.855423
-0.94    0.854029
-0.92    0.852532
-0.9    0.850932
-0.88    0.849228
-0.86    0.84742
-0.84    0.845506
-0.82    0.843486
-0.8    0.841359
-0.78    0.839123
-0.76    0.836778
-0.74    0.834322
-0.72    0.831755
-0.7    0.829076
-0.68    0.826283
-0.66    0.823375
-0.64    0.820352
-0.62    0.817211
-0.6    0.813952
-0.58    0.810574
-0.56    0.807075
-0.54    0.803453
-0.52    0.799708
-0.5    0.795838
-0.48    0.791841
-0.46    0.787716
-0.44    0.783462
-0.42    0.779076
-0.4    0.774557
-0.38    0.769904
-0.36    0.765114
-0.34    0.760185
-0.32    0.755116
-0.3    0.749905
-0.28    0.744548
-0.26    0.739045
-0.24    0.733392
-0.22    0.727587
-0.2    0.721629
-0.18    0.715513
-0.16    0.709239
-0.14    0.702802
-0.12    0.696201
-0.1    0.689433
-0.08    0.682495
-0.06    0.675384
-0.04    0.668097
-0.02    0.660633
-1.80342e-14    0.652989
0.02    0.645161
0.04    0.637149
0.06    0.62895
0.08    0.620562
0.1    0.611984
0.12    0.603215
0.14    0.594253
0.16    0.5851
0.18    0.575755
0.2    0.566219
0.22    0.556494
0.24    0.546582
0.26    0.536487
0.28    0.526212
0.3    0.515762
0.32    0.505144
0.34    0.494364
0.36    0.48343
0.38    0.472353
0.4    0.461142
0.42    0.449809
0.44    0.438367
0.46    0.42683
0.48    0.415214
0.5    0.403534
0.52    0.391808
0.54    0.380055
0.56    0.368294
0.58    0.356545
0.6    0.344828
0.62    0.333165
0.64    0.321577
0.66    0.310085
0.68    0.298711
0.7    0.287475
0.72    0.276398
0.74    0.265501
0.76    0.254801
0.78    0.244316
0.8    0.234064
0.82    0.224059
0.84    0.214315
0.86    0.204845
0.88    0.195657
0.9    0.186762
0.92    0.178166
0.94    0.169874
0.96    0.16189
0.98    0.154215
1    0.14685
1.02    0.139794
1.04    0.133043
1.06    0.126595
1.08    0.120443
1.1    0.114582
1.12    0.109004
1.14    0.103702
1.16    0.0986682
1.18    0.0938926
1.2    0.0893663
1.22    0.0850795
1.24    0.0810226
1.26    0.0771855
1.28    0.0735585
1.3    0.0701317
1.32    0.0668953
1.34    0.0638397
1.36    0.0609557
1.38    0.0582342
1.4    0.0556664
1.42    0.0532438
1.44    0.0509583
1.46    0.0488021
1.48    0.0467677
1.5    0.044848
1.52    0.0430363
1.54    0.0413261
1.56    0.0397115
1.58    0.0381865
1.6    0.036746
1.62    0.0353846
1.64    0.0340977
1.66    0.0328807
1.68    0.0317293
1.7    0.0306396
1.72    0.0296078
1.74    0.0286304
1.76    0.0277041
1.78    0.0268258
1.8    0.0259927
1.82    0.0252021
1.84    0.0244514
1.86    0.0237382
1.88    0.0230604
1.9    0.0224158
1.92    0.0218026
1.94    0.021219
1.96    0.0206631
1.98    0.0201335
2    0.0196287
2.02    0.0191472
2.04    0.0186878
2.06    0.0182493
2.08    0.0178304
2.1    0.0174302
2.12    0.0170476
2.14    0.0166817
2.16    0.0163315
2.18    0.0159964
2.2    0.0156754
2.22    0.015368
2.24    0.0150732
2.26    0.0147906
2.28    0.0145196
2.3    0.0142594
2.32    0.0140097
2.34    0.0137699
2.36    0.0135394
2.38    0.013318
2.4    0.0131051
2.42    0.0129003
2.44    0.0127033
2.46    0.0125137
2.48    0.0123312
2.5    0.0121554
2.52    0.0119861
2.54    0.0118229
2.56    0.0116656
2.58    0.0115139
2.6    0.0113677
2.62    0.0112265
2.64    0.0110903
2.66    0.0109589
2.68    0.0108319
2.7    0.0107094
2.72    0.0105909
2.74    0.0104765
2.76    0.0103659
2.78    0.010259
2.8    0.0101556
2.82    0.0100557
2.84    0.00995894
2.86    0.00986536
2.88    0.0097748
2.9    0.00968715
2.92    0.00960228
2.94    0.0095201
2.96    0.00944052
2.98    0.00936342
3    0.00928872
3.02    0.00921634
3.04    0.00914619
3.06    0.00907819
3.08    0.00901226
3.1    0.00894833
3.12    0.00888633
3.14    0.0088262
3.16    0.00876786
3.18    0.00871126
3.2    0.00865634
3.22    0.00860303
3.24    0.00855129
3.26    0.00850107
3.28    0.0084523
3.3    0.00840496
3.32    0.00835897
3.34    0.00831431
3.36    0.00827093
3.38    0.00822879
3.4    0.00818785
3.42    0.00814807
3.44    0.0081094
3.46    0.00807183
3.48    0.00803531
3.5    0.00799981
3.52    0.0079653
3.54    0.00793175
3.56    0.00789912
3.58    0.00786739
3.6    0.00783654
3.62    0.00780653
3.64    0.00777734
3.66    0.00774895
3.68    0.00772133
3.7    0.00769445
3.72    0.0076683
3.74    0.00764286
3.76    0.0076181
3.78    0.007594
3.8    0.00757055
3.82    0.00754772
3.84    0.00752551
3.86    0.00750388
3.88    0.00748282
3.9    0.00746232
3.92    0.00744236
3.94    0.00742292
3.96    0.007404
3.98    0.00738557
4    0.00736762
4.02    0.00735014
4.04    0.00733311
4.06    0.00731653
4.08    0.00730037
4.1    0.00728464
4.12    0.00726931
4.14    0.00725437
4.16    0.00723982
4.18    0.00722565
4.2    0.00721183
4.22    0.00719837
4.24    0.00718526
4.26    0.00717248
4.28    0.00716002
4.3    0.00714788
4.32    0.00713605
4.34    0.00712452
4.36    0.00711328
4.38    0.00710233
4.4    0.00709165
4.42    0.00708124
4.44    0.00707109
4.46    0.0070612
4.48    0.00705155
4.5    0.00704215
4.52    0.00703298
4.54    0.00702405
4.56    0.00701533
4.58    0.00700683
4.6    0.00699855
4.62    0.00699047
4.64    0.00698259
4.66    0.00697491
4.68    0.00696741
4.7    0.00696011
4.72    0.00695298
4.74    0.00694603
4.76    0.00693925
4.78    0.00693264
4.8    0.00692619
4.82    0.0069199
4.84    0.00691376
4.86    0.00690778
4.88    0.00690194
4.9    0.00689624
4.92    0.00689069
4.94    0.00688527
4.96    0.00687998
4.98    0.00687482
