-5    0.00109305
-4.98    0.00109976
-4.96    0.00110661
-4.94    0.00111361
-4.92    0.00112076
-4.9    0.00112806
-4.88    0.00113551
-4.86    0.00114313
-4.84    0.00115091
-4.82    0.00115886
-4.8    0.00116698
-4.78    0.00117528
-4.76    0.00118376
-4.74    0.00119243
-4.72    0.0012013
-4.7    0.00121036
-4.68    0.00121963
-4.66    0.00122911
-4.64    0.00123881
-4.62    0.00124872
-4.6    0.00125886
-4.58    0.00126924
-4.56    0.00127986
-4.54    0.00129073
-4.52    0.00130186
-4.5    0.00131324
-4.48    0.0013249
-4.46    0.00133684
-4.44    0.00134906
-4.42    0.00136158
-4.4    0.00137441
-4.38    0.00138754
-4.36    0.00140101
-4.34    0.0014148
-4.32    0.00142894
-4.3    0.00144343
-4.28    0.00145829
-4.26    0.00147352
-4.24    0.00148915
-4.22    0.00150517
-4.2    0.00152161
-4.18    0.00153847
-4.16    0.00155578
-4.14    0.00157354
-4.12    0.00159177
-4.1    0.00161049
-4.08    0.0016297
-4.06    0.00164944
-4.04    0.00166971
-4.02    0.00169053
-4    0.00171193
-3.98    0.00173391
-3.96    0.00175651
-3.94    0.00177974
-3.92    0.00180363
-3.9    0.00182819
-3.88    0.00185345
-3.86    0.00187944
-3.84    0.00190618
-3.82    0.0019337
-3.8    0.00196203
-3.78    0.00199119
-3.76    0.00202121
-3.74    0.00205213
-3.72    0.00208398
-3.7    0.00211679
-3.68    0.0021506
-3.66    0.00218545
-3.64    0.00222137
-3.62    0.00225841
-3.6    0.00229661
-3.58    0.002336
-3.56    0.00237665
-3.54    0.00241858
-3.52    0.00246186
-3.5    0.00250654
-3.48    0.00255267
-3.46    0.00260031
-3.44    0.00264951
-3.42    0.00270034
-3.4    0.00275287
-3.38    0.00280715
-3.36    0.00286327
-3.34    0.00292128
-3.32    0.00298128
-3.3    0.00304335
-3.28    0.00310755
-3.26    0.00317399
-3.24    0.00324275
-3.22    0.00331393
-3.2    0.00338764
-3.18    0.00346396
-3.16    0.00354302
-3.14    0.00362492
-3.12    0.00370979
-3.1    0.00379775
-3.08    0.00388892
-3.06    0.00398346
-3.04    0.00408149
-3.02    0.00418317
-3    0.00428864
-2.98    0.00439808
-2.96    0.00451165
-2.94    0.00462953
-2.92    0.00475189
-2.9    0.00487894
-2.88    0.00501088
-2.86    0.00514791
-2.84    0.00529025
-2.82    0.00543813
-2.8    0.00559178
-2.78    0.00575146
-2.76    0.00591743
-2.74    0.00608995
-2.72    0.0062693
-2.7    0.00645577
-2.68    0.00664967
-2.66    0.00685132
-2.64    0.00706104
-2.62    0.00727917
-2.6    0.00750608
-2.58    0.00774212
-2.56    0.00798768
-2.54    0.00824316
-2.52    0.00850896
-2.5    0.00878552
-2.48    0.00907327
-2.46    0.00937267
-2.44    0.0096842
-2.42    0.0100083
-2.4    0.0103456
-2.38    0.0106964
-2.36    0.0110614
-2.34    0.0114412
-2.32    0.0118361
-2.3    0.012247
-2.28    0.0126742
-2.26    0.0131185
-2.24    0.0135804
-2.22    0.0140607
-2.2    0.0145598
-2.18    0.0150785
-2.16    0.0156175
-2.14    0.0161773
-2.12    0.0167587
-2.1    0.0173624
-2.08    0.017989
-2.06    0.0186393
-2.04    0.0193139
-2.02    0.0200134
-2    0.0207387
-1.98    0.0214903
-1.96    0.022269
-1.94    0.0230753
-1.92    0.02391
-1.9    0.0247736
-1.88    0.0256667
-1.86    0.0265899
-1.84    0.0275439
-1.82    0.0285289
-1.8    0.0295457
-1.78    0.0305945
-1.76    0.0316759
-1.74    0.0327901
-1.72    0.0339375
-1.7    0.0351182
-1.68    0.0363326
-1.66    0.0375807
-1.64    0.0388626
-1.62    0.0401784
-1.6    0.0415278
-1.58    0.0429109
-1.56    0.0443272
-1.54    0.0457767
-1.52    0.0472588
-1.5    0.0487732
-1.48    0.0503192
-1.46    0.0518962
-1.44    0.0535035
-1.42    0.0551403
-1.4    0.0568057
-1.38    0.0584987
-1.36    0.0602182
-1.34    0.061963
-1.32    0.063732
-1.3    0.0655238
-1.28    0.067337
-1.26    0.0691701
-1.24    0.0710216
-1.22    0.0728898
-1.2    0.0747732
-1.18    0.0766699
-1.16    0.0785782
-1.14    0.0804962
-1.12    0.0824221
-1.1    0.0843539
-1.08    0.0862898
-1.06    0.0882276
-1.04    0.0901655
-1.02    0.0921015
-1    0.0940334
-0.98    0.0959594
-0.96    0.0978774
-0.94    0.0997853
-0.92    0.101681
-0.9    0.103563
-0.88    0.105429
-0.86    0.107278
-0.84    0.109106
-0.82    0.110914
-0.8    0.112698
-0.78    0.114456
-0.76    0.116188
-0.74    0.117892
-0.72    0.119566
-0.7    0.121208
-0.68    0.122817
-0.66    0.124392
-0.64    0.125932
-0.62    0.127434
-0.6    0.128898
-0.58    0.130322
-0.56    0.131706
-0.54    0.133049
-0.52    0.134349
-0.5    0.135606
-0.48    0.136818
-0.46    0.137985
-0.44    0.139107
-0.42    0.140182
-0.4    0.14121
-0.38    0.142191
-0.36    0.143123
-0.34    0.144006
-0.32    0.144841
-0.3    0.145626
-0.28    0.146361
-0.26    0.147046
-0.24    0.147681
-0.22    0.148265
-0.2    0.148799
-0.18    0.149281
-0.16    0.149713
-0.14    0.150094
-0.12    0.150423
-0.1    0.150701
-0.08    0.150928
-0.06    0.151104
-0.04    0.151229
-0.02    0.151302
-1.80342e-14    0.151325
0.02    0.151297
0.04    0.151218
0.06    0.151089
0.08    0.150909
0.1    0.150679
0.12    0.150399
0.14    0.150069
0.16    0.14969
0.18    0.149261
0.2    0.148784
0.22    0.148258
0.24    0.147683
0.26    0.147061
0.28    0.146392
0.3    0.145675
0.32    0.144912
0.34    0.144102
0.36    0.143247
0.38    0.142347
0.4    0.141403
0.42    0.140414
0.44    0.139383
0.46    0.138308
0.48    0.137192
0.5    0.136035
0.52    0.134837
0.54    0.1336
0.56    0.132325
0.58    0.131011
0.6    0.129662
0.62    0.128276
0.64    0.126856
0.66    0.125402
0.68    0.123916
0.7    0.122398
0.72    0.120851
0.74    0.119275
0.76    0.117672
0.78    0.116043
0.8    0.114389
0.82    0.112713
0.84    0.111014
0.86    0.109296
0.88    0.107559
0.9    0.105805
0.92    0.104036
0.94    0.102253
0.96    0.100458
0.98    0.0986534
1    0.0968397
1.02    0.0950193
1.04    0.0931936
1.06    0.0913645
1.08    0.0895337
1.1    0.0877029
1.12    0.0858738
1.14    0.0840481
1.16    0.0822275
1.18    0.0804135
1.2    0.0786079
1.22    0.0768121
1.24    0.0750278
1.26    0.0732564
1.28    0.0714994
1.3    0.0697582
1.32    0.0680342
1.34    0.0663285
1.36    0.0646426
1.38    0.0629775
1.4    0.0613343
1.42    0.0597142
1.44    0.058118
1.46    0.0565467
1.48    0.0550012
1.5    0.0534821
1.52    0.0519901
1.54    0.050526
1.56    0.0490902
1.58    0.0476832
1.6    0.0463055
1.62    0.0449573
1.64    0.0436389
1.66    0.0423506
1.68    0.0410925
1.7    0.0398646
1.72    0.038667
1.74    0.0374996
1.76    0.0363624
1.78    0.0352552
1.8    0.0341778
1.82    0.0331301
1.84    0.0321116
1.86    0.0311221
1.88    0.0301613
1.9    0.0292287
1.92    0.028324
1.94    0.0274466
1.96    0.0265961
1.98    0.0257721
2    0.0249739
2.02    0.0242012
2.04    0.0234532
2.06    0.0227296
2.08    0.0220296
2.1    0.0213528
2.12    0.0206985
2.14    0.0200662
2.16    0.0194553
2.18    0.0188651
2.2    0.0182952
2.22    0.0177449
2.24    0.0172136
2.26    0.0167009
2.28    0.016206
2.3    0.0157285
2.32    0.0152678
2.34    0.0148234
2.36    0.0143947
2.38    0.0139812
2.4    0.0135825
2.42    0.0131979
2.44    0.012827
2.46    0.0124694
2.48    0.0121246
2.5    0.0117921
2.52    0.0114714
2.54    0.0111623
2.56    0.0108642
2.58    0.0105767
2.6    0.0102995
2.62    0.0100321
2.64    0.00977431
2.66    0.00952565
2.68    0.0092858
2.7    0.00905444
2.72    0.00883126
2.74    0.00861593
2.76    0.00840817
2.78    0.00820769
2.8    0.00801422
2.82    0.00782748
2.84    0.00764722
2.86    0.0074732
2.88    0.00730517
2.9    0.00714292
2.92    0.00698621
2.94    0.00683485
2.96    0.00668862
2.98    0.00654733
3    0.00641079
3.02    0.00627882
3.04    0.00615126
3.06    0.00602792
3.08    0.00590866
3.1    0.00579332
3.12    0.00568174
3.14    0.0055738
3.16    0.00546935
3.18    0.00536827
3.2    0.00527042
3.22    0.00517569
3.24    0.00508396
3.26    0.00499512
3.28    0.00490907
3.3    0.0048257
3.32    0.00474491
3.34    0.00466661
3.36    0.00459071
3.38    0.00451712
3.4    0.00444576
3.42    0.00437655
3.44    0.00430941
3.46    0.00424426
3.48    0.00418105
3.5    0.00411969
3.52    0.00406013
3.54    0.00400229
3.56    0.00394613
3.58    0.00389158
3.6    0.00383858
3.62    0.00378709
3.64    0.00373704
3.66    0.0036884
3.68    0.00364111
3.7    0.00359513
3.72    0.00355041
3.74    0.00350692
3.76    0.00346461
3.78    0.00342343
3.8    0.00338337
3.82    0.00334436
3.84    0.0033064
3.86    0.00326943
3.88    0.00323343
3.9    0.00319836
3.92    0.0031642
3.94    0.00313092
3.96    0.00309849
3.98    0.00306687
4    0.00303606
4.02    0.00300602
4.04    0.00297672
4.06    0.00294815
4.08    0.00292029
4.1    0.0028931
4.12    0.00286657
4.14    0.00284069
4.16    0.00281542
4.18    0.00279076
4.2    0.00276668
4.22    0.00274317
4.24    0.00272021
4.26    0.00269778
4.28    0.00267587
4.3    0.00265447
4.32    0.00263356
4.34    0.00261312
4.36    0.00259314
4.38    0.00257361
4.4    0.00255451
4.42    0.00253584
4.44    0.00251758
4.46    0.00249973
4.48    0.00248226
4.5    0.00246516
4.52    0.00244844
4.54    0.00243208
4.56    0.00241606
4.58    0.00240038
4.6    0.00238503
4.62    0.00237001
4.64    0.00235529
4.66    0.00234088
4.68    0.00232676
4.7    0.00231294
4.72    0.00229939
4.74    0.00228612
4.76    0.00227312
4.78    0.00226037
4.8    0.00224788
4.82    0.00223563
4.84    0.00222363
4.86    0.00221186
4.88    0.00220031
4.9    0.00218899
4.92    0.00217789
4.94    0.002167
4.96    0.00215632
4.98    0.00214583
