-5    0.035724
-4.98    0.0357242
-4.96    0.0357243
-4.94    0.0357245
-4.92    0.0357247
-4.9    0.0357248
-4.88    0.035725
-4.86    0.0357252
-4.84    0.0357254
-4.82    0.0357256
-4.8    0.0357258
-4.78    0.035726
-4.76    0.0357262
-4.74    0.0357264
-4.72    0.0357266
-4.7    0.0357268
-4.68    0.0357271
-4.66    0.0357273
-4.64    0.0357276
-4.62    0.0357278
-4.6    0.0357281
-4.58    0.0357283
-4.56    0.0357286
-4.54    0.0357289
-4.52    0.0357292
-4.5    0.0357295
-4.48    0.0357298
-4.46    0.0357301
-4.44    0.0357304
-4.42    0.0357308
-4.4    0.0357311
-4.38    0.0357314
-4.36    0.0357318
-4.34    0.0357322
-4.32    0.0357326
-4.3    0.0357329
-4.28    0.0357333
-4.26    0.0357338
-4.24    0.0357342
-4.22    0.0357346
-4.2    0.0357351
-4.18    0.0357355
-4.16    0.035736
-4.14    0.0357365
-4.12    0.035737
-4.1    0.0357375
-4.08    0.035738
-4.06    0.0357385
-4.04    0.0357391
-4.02    0.0357397
-4    0.0357402
-3.98    0.0357408
-3.96    0.0357415
-3.94    0.0357421
-3.92    0.0357428
-3.9    0.0357434
-3.88    0.0357441
-3.86    0.0357448
-3.84    0.0357455
-3.82    0.0357463
-3.8    0.0357471
-3.78    0.0357478
-3.76    0.0357486
-3.74    0.0357495
-3.72    0.0357503
-3.7    0.0357512
-3.68    0.0357521
-3.66    0.035753
-3.64    0.035754
-3.62    0.035755
-3.6    0.035756
-3.58    0.035757
-3.56    0.0357581
-3.54    0.0357591
-3.52    0.0357603
-3.5    0.0357614
-3.48    0.0357626
-3.46    0.0357638
-3.44    0.0357651
-3.42    0.0357663
-3.4    0.0357677
-3.38    0.035769
-3.36    0.0357704
-3.34    0.0357718
-3.32    0.0357733
-3.3    0.0357748
-3.28    0.0357763
-3.26    0.0357779
-3.24    0.0357796
-3.22    0.0357812
-3.2    0.035783
-3.18    0.0357847
-3.16    0.0357865
-3.14    0.0357884
-3.12    0.0357903
-3.1    0.0357923
-3.08    0.0357943
-3.06    0.0357964
-3.04    0.0357985
-3.02    0.0358007
-3    0.035803
-2.98    0.0358053
-2.96    0.0358077
-2.94    0.0358101
-2.92    0.0358126
-2.9    0.0358152
-2.88    0.0358179
-2.86    0.0358206
-2.84    0.0358234
-2.82    0.0358262
-2.8    0.0358292
-2.78    0.0358322
-2.76    0.0358353
-2.74    0.0358385
-2.72    0.0358418
-2.7    0.0358452
-2.68    0.0358487
-2.66    0.0358522
-2.64    0.0358559
-2.62    0.0358596
-2.6    0.0358635
-2.58    0.0358674
-2.56    0.0358715
-2.54    0.0358757
-2.52    0.03588
-2.5    0.0358844
-2.48    0.0358889
-2.46    0.0358936
-2.44    0.0358983
-2.42    0.0359033
-2.4    0.0359083
-2.38    0.0359135
-2.36    0.0359188
-2.34    0.0359242
-2.32    0.0359298
-2.3    0.0359356
-2.28    0.0359415
-2.26    0.0359476
-2.24    0.0359538
-2.22    0.0359602
-2.2    0.0359668
-2.18    0.0359735
-2.16    0.0359805
-2.14    0.0359876
-2.12    0.0359949
-2.1    0.0360024
-2.08    0.0360101
-2.06    0.036018
-2.04    0.0360261
-2.02    0.0360345
-2    0.036043
-1.98    0.0360518
-1.96    0.0360609
-1.94    0.0360701
-1.92    0.0360796
-1.9    0.0360894
-1.88    0.0360994
-1.86    0.0361097
-1.84    0.0361203
-1.82    0.0361311
-1.8    0.0361423
-1.78    0.0361537
-1.76    0.0361654
-1.74    0.0361775
-1.72    0.0361898
-1.7    0.0362025
-1.68    0.0362155
-1.66    0.0362289
-1.64    0.0362426
-1.62    0.0362567
-1.6    0.0362711
-1.58    0.0362859
-1.56    0.0363011
-1.54    0.0363167
-1.52    0.0363327
-1.5    0.0363491
-1.48    0.036366
-1.46    0.0363832
-1.44    0.036401
-1.42    0.0364191
-1.4    0.0364378
-1.38    0.0364569
-1.36    0.0364765
-1.34    0.0364967
-1.32    0.0365173
-1.3    0.0365384
-1.28    0.0365601
-1.26    0.0365824
-1.24    0.0366052
-1.22    0.0366286
-1.2    0.0366526
-1.18    0.0366771
-1.16    0.0367023
-1.14    0.0367282
-1.12    0.0367546
-1.1    0.0367818
-1.08    0.0368096
-1.06    0.036838
-1.04    0.0368672
-1.02    0.0368971
-1    0.0369277
-0.98    0.0369591
-0.96    0.0369913
-0.94    0.0370242
-0.92    0.0370579
-0.9    0.0370924
-0.88    0.0371277
-0.86    0.0371639
-0.84    0.0372009
-0.82    0.0372389
-0.8    0.0372777
-0.78    0.0373174
-0.76    0.037358
-0.74    0.0373995
-0.72    0.0374421
-0.7    0.0374855
-0.68    0.03753
-0.66    0.0375755
-0.64    0.037622
-0.62    0.0376695
-0.6    0.0377181
-0.58    0.0377678
-0.56    0.0378185
-0.54    0.0378704
-0.52    0.0379233
-0.5    0.0379774
-0.48    0.0380326
-0.46    0.038089
-0.44    0.0381466
-0.42    0.0382053
-0.4    0.0382652
-0.38    0.0383264
-0.36    0.0383888
-0.34    0.0384524
-0.32    0.0385172
-0.3    0.0385833
-0.28    0.0386507
-0.26    0.0387194
-0.24    0.0387893
-0.22    0.0388605
-0.2    0.038933
-0.18    0.0390068
-0.16    0.0390819
-0.14    0.0391583
-0.12    0.039236
-0.1    0.039315
-0.08    0.0393953
-0.06    0.0394769
-0.04    0.0395598
-0.02    0.039644
-1.80342e-14    0.0397294
0.02    0.0398162
0.04    0.0399042
0.06    0.0399934
0.08    0.0400839
0.1    0.0401756
0.12    0.0402686
0.14    0.0403627
0.16    0.0404579
0.18    0.0405543
0.2    0.0406519
0.22    0.0407505
0.24    0.0408501
0.26    0.0409509
0.28    0.0410526
0.3    0.0411552
0.32    0.0412588
0.34    0.0413633
0.36    0.0414686
0.38    0.0415748
0.4    0.0416816
0.42    0.0417893
0.44    0.0418975
0.46    0.0420064
0.48    0.0421159
0.5    0.0422259
0.52    0.0423363
0.54    0.0424472
0.56    0.0425584
0.58    0.0426699
0.6    0.0427816
0.62    0.0428935
0.64    0.0430055
0.66    0.0431176
0.68    0.0432296
0.7    0.0433416
0.72    0.0434534
0.74    0.0435651
0.76    0.0436765
0.78    0.0437875
0.8    0.0438982
0.82    0.0440085
0.84    0.0441182
0.86    0.0442274
0.88    0.0443359
0.9    0.0444438
0.92    0.0445509
0.94    0.0446573
0.96    0.0447628
0.98    0.0448673
1    0.044971
1.02    0.0450736
1.04    0.0451752
1.06    0.0452757
1.08    0.0453751
1.1    0.0454733
1.12    0.0455703
1.14    0.045666
1.16    0.0457604
1.18    0.0458536
1.2    0.0459454
1.22    0.0460358
1.24    0.0461248
1.26    0.0462124
1.28    0.0462986
1.3    0.0463833
1.32    0.0464666
1.34    0.0465484
1.36    0.0466287
1.38    0.0467075
1.4    0.0467847
1.42    0.0468605
1.44    0.0469348
1.46    0.0470076
1.48    0.0470788
1.5    0.0471486
1.52    0.0472169
1.54    0.0472837
1.56    0.047349
1.58    0.0474128
1.6    0.0474752
1.62    0.0475361
1.64    0.0475957
1.66    0.0476538
1.68    0.0477105
1.7    0.0477658
1.72    0.0478198
1.74    0.0478724
1.76    0.0479237
1.78    0.0479737
1.8    0.0480225
1.82    0.04807
1.84    0.0481162
1.86    0.0481613
1.88    0.0482051
1.9    0.0482478
1.92    0.0482894
1.94    0.0483298
1.96    0.0483692
1.98    0.0484075
2    0.0484447
2.02    0.0484809
2.04    0.0485161
2.06    0.0485504
2.08    0.0485837
2.1    0.048616
2.12    0.0486475
2.14    0.048678
2.16    0.0487077
2.18    0.0487366
2.2    0.0487646
2.22    0.0487919
2.24    0.0488184
2.26    0.0488441
2.28    0.0488691
2.3    0.0488933
2.32    0.0489169
2.34    0.0489398
2.36    0.048962
2.38    0.0489836
2.4    0.0490046
2.42    0.049025
2.44    0.0490447
2.46    0.0490639
2.48    0.0490826
2.5    0.0491007
2.52    0.0491183
2.54    0.0491354
2.56    0.049152
2.58    0.0491681
2.6    0.0491837
2.62    0.0491989
2.64    0.0492136
2.66    0.049228
2.68    0.0492419
2.7    0.0492554
2.72    0.0492685
2.74    0.0492812
2.76    0.0492936
2.78    0.0493056
2.8    0.0493173
2.82    0.0493286
2.84    0.0493396
2.86    0.0493503
2.88    0.0493607
2.9    0.0493708
2.92    0.0493806
2.94    0.0493901
2.96    0.0493993
2.98    0.0494083
3    0.049417
3.02    0.0494255
3.04    0.0494337
3.06    0.0494417
3.08    0.0494495
3.1    0.049457
3.12    0.0494644
3.14    0.0494715
3.16    0.0494784
3.18    0.0494851
3.2    0.0494917
3.22    0.049498
3.24    0.0495042
3.26    0.0495102
3.28    0.049516
3.3    0.0495217
3.32    0.0495272
3.34    0.0495325
3.36    0.0495377
3.38    0.0495428
3.4    0.0495477
3.42    0.0495525
3.44    0.0495571
3.46    0.0495616
3.48    0.049566
3.5    0.0495703
3.52    0.0495744
3.54    0.0495784
3.56    0.0495823
3.58    0.0495862
3.6    0.0495899
3.62    0.0495935
3.64    0.049597
3.66    0.0496004
3.68    0.0496037
3.7    0.0496069
3.72    0.04961
3.74    0.049613
3.76    0.049616
3.78    0.0496189
3.8    0.0496217
3.82    0.0496244
3.84    0.049627
3.86    0.0496296
3.88    0.0496321
3.9    0.0496345
3.92    0.0496369
3.94    0.0496392
3.96    0.0496414
3.98    0.0496436
4    0.0496457
4.02    0.0496478
4.04    0.0496498
4.06    0.0496517
4.08    0.0496536
4.1    0.0496555
4.12    0.0496573
4.14    0.049659
4.16    0.0496607
4.18    0.0496624
4.2    0.049664
4.22    0.0496655
4.24    0.049667
4.26    0.0496685
4.28    0.04967
4.3    0.0496714
4.32    0.0496727
4.34    0.049674
4.36    0.0496753
4.38    0.0496766
4.4    0.0496778
4.42    0.049679
4.44    0.0496801
4.46    0.0496813
4.48    0.0496823
4.5    0.0496834
4.52    0.0496844
4.54    0.0496854
4.56    0.0496864
4.58    0.0496874
4.6    0.0496883
4.62    0.0496892
4.64    0.0496901
4.66    0.0496909
4.68    0.0496918
4.7    0.0496926
4.72    0.0496933
4.74    0.0496941
4.76    0.0496949
4.78    0.0496956
4.8    0.0496963
4.82    0.049697
4.84    0.0496976
4.86    0.0496983
4.88    0.0496989
4.9    0.0496995
4.92    0.0497001
4.94    0.0497007
4.96    0.0497013
4.98    0.0497018
